0.0425532	0.0638298	0.234043	0.12766	0.0851064	0.191489	0.0212766	0.0212766	0.0638298	0.148936
0.133333	0.0333333	0.133333	0.2	0.0333333	0.233333	0.0333333	0.1	0.0333333	0.0666667
0.0315789	0.00350877	0.101754	0.133333	0.0280702	0.0105263	0.00350877	0.178947	0.0561404	0.452632
0.103448	0.0344828	0.0344828	0.0689655	0.0689655	0.0344828	0.0689655	0.0344828	0.0344828	0.517241
0.0232558	0.0465116	0.0155039	0.434109	0.108527	0.0155039	0.00775194	0.100775	0.217054	0.0310078
0.0869565	0.0434783	0.0869565	0.0869565	0.217391	0.0434783	0.0434783	0.130435	0.173913	0.0869565
0.0333333	0.0333333	0.0333333	0.0333333	0.0333333	0.566667	0.0333333	0.0666667	0.0666667	0.1
0.1	0.1	0.1	0.1	0.1	0.1	0.1	0.1	0.1	0.1
0.0333333	0.0166667	0.05	0.133333	0.15	0.366667	0.0166667	0.166667	0.0166667	0.05
0.0151515	0.0151515	0.151515	0.212121	0.333333	0.0454545	0.0454545	0.0151515	0.0757576	0.0909091
0.0185185	0.0185185	0.037037	0.111111	0.0740741	0.314815	0.0185185	0.037037	0.0185185	0.351852
0.027027	0.0810811	0.324324	0.0810811	0.0540541	0.027027	0.027027	0.027027	0.027027	0.324324
0.0315789	0.0421053	0.0105263	0.231579	0.115789	0.4	0.0421053	0.0210526	0.0105263	0.0947368
0.0149254	0.0447761	0.0149254	0.134328	0.104478	0.0746269	0.0149254	0.223881	0.0746269	0.298507
0.236749	0.0777385	0.0706714	0.162544	0.155477	0.0212014	0.0141343	0.19788	0.0424028	0.0212014
0.0547945	0.0273973	0.0410959	0.0547945	0.0616438	0.623288	0.0205479	0.0273973	0.00684932	0.0821918
0.04	0.08	0.04	0.16	0.12	0.16	0.04	0.04	0.04	0.28
0.0188679	0.0754717	0.0377358	0.0566038	0.113208	0.54717	0.0566038	0.0566038	0.0188679	0.0188679
0.0208333	0.0416667	0.625	0.0833333	0.0416667	0.0625	0.0208333	0.0625	0.0208333	0.0208333
0.0266667	0.0666667	0.2	0.0266667	0.213333	0.28	0.0133333	0.04	0.0133333	0.12
0.015625	0.015625	0.015625	0.34375	0.0625	0.015625	0.015625	0.171875	0.3125	0.03125
0.392157	0.0196078	0.0196078	0.0196078	0.215686	0.0196078	0.0196078	0.0784314	0.0980392	0.117647
0.0188679	0.0188679	0.0566038	0.169811	0.0943396	0.0754717	0.0188679	0.509434	0.0188679	0.0188679
0.0909091	0.0909091	0.0909091	0.0909091	0.0909091	0.0909091	0.0909091	0.0909091	0.0909091	0.181818
0.08	0.16	0.12	0.1	0.3	0.02	0.06	0.08	0.04	0.04
0.0357143	0.0714286	0.285714	0.142857	0.0357143	0.0357143	0.0357143	0.142857	0.178571	0.0357143
0.037037	0.296296	0.0740741	0.222222	0.037037	0.0740741	0.0740741	0.037037	0.0740741	0.0740741
0.0625	0.1875	0.0625	0.0625	0.0625	0.0625	0.25	0.0625	0.125	0.0625
0.05	0.15	0.1	0.15	0.15	0.05	0.05	0.05	0.2	0.05
0.00815217	0.00271739	0.00407609	0.0203804	0.0964674	0.00815217	0.0013587	0.00815217	0.836957	0.013587
0.0294118	0.0294118	0.0588235	0.205882	0.0882353	0.264706	0.0294118	0.176471	0.0588235	0.0588235
0.0625	0.03125	0.0625	0.375	0.03125	0.03125	0.03125	0.28125	0.0625	0.03125
0.046875	0.03125	0.296875	0.109375	0.015625	0.046875	0.046875	0.078125	0.109375	0.21875
0.0606061	0.0151515	0.0757576	0.272727	0.0606061	0.030303	0.136364	0.212121	0.030303	0.106061
0.122807	0.0877193	0.105263	0.210526	0.0701754	0.0614035	0.00877193	0.201754	0.00877193	0.122807
0.010929	0.010929	0.010929	0.136612	0.0928962	0.00546448	0.00546448	0.103825	0.612022	0.010929
0.0952381	0.238095	0.047619	0.047619	0.047619	0.333333	0.047619	0.047619	0.047619	0.047619
0.0967742	0.0322581	0.0322581	0.0967742	0.193548	0.322581	0.0645161	0.0967742	0.0322581	0.0322581
0.0882353	0.0294118	0.205882	0.147059	0.161765	0.0588235	0.102941	0.161765	0.0147059	0.0294118
0.0911602	0.00552486	0.0690608	0.11326	0.00828729	0.0441989	0.00276243	0.00276243	0.0110497	0.651934
0.0425532	0.0425532	0.0319149	0.276596	0.244681	0.0212766	0.0212766	0.234043	0.0744681	0.0106383
0.0105263	0.0421053	0.0421053	0.210526	0.210526	0.0947368	0.0210526	0.263158	0.0947368	0.0105263
0.0869565	0.0434783	0.0434783	0.0869565	0.0434783	0.0434783	0.0434783	0.0869565	0.217391	0.304348
0.0422535	0.112676	0.323944	0.239437	0.112676	0.0140845	0.0140845	0.0140845	0.0140845	0.112676
0.0244499	0.0171149	0.0684597	0.210269	0.0537897	0.00977995	0.00488998	0.496333	0.0635697	0.0513447
0.0252525	0.0151515	0.00505051	0.00505051	0.00505051	0.00505051	0.863636	0.010101	0.0606061	0.00505051
0.0789474	0.0526316	0.184211	0.131579	0.184211	0.0263158	0.0526316	0.210526	0.0526316	0.0263158
0.412121	0.00606061	0.0424242	0.151515	0.0242424	0.0181818	0.0181818	0.0545455	0.0242424	0.248485
0.025641	0.0769231	0.025641	0.410256	0.282051	0.025641	0.025641	0.025641	0.0769231	0.025641
0.008	0.812	0.044	0.048	0.016	0.008	0.004	0.044	0.008	0.008
0.0185185	0.611111	0.0185185	0.0185185	0.148148	0.037037	0.0185185	0.0740741	0.0185185	0.037037
0.0285714	0.0285714	0.0285714	0.0571429	0.114286	0.6	0.0571429	0.0285714	0.0285714	0.0285714
0.088	0.38	0.004	0.104	0.164	0.208	0.008	0.02	0.008	0.016
0.0105263	0.0105263	0.0105263	0.0315789	0.0736842	0.715789	0.0421053	0.0105263	0.0105263	0.0842105
0.0344828	0.517241	0.0344828	0.0344828	0.0344828	0.0344828	0.0344828	0.0344828	0.206897	0.0344828
0.0444444	0.288889	0.0666667	0.0222222	0.111111	0.0666667	0.0666667	0.0444444	0.133333	0.155556
0.0128205	0.0128205	0.0512821	0.282051	0.282051	0.0128205	0.0128205	0.166667	0.115385	0.0512821
0.0273973	0.0273973	0.0410959	0.0821918	0.0684932	0.0547945	0.0136986	0.465753	0.191781	0.0273973
0.0666667	0.3	0.0666667	0.0666667	0.0333333	0.133333	0.0333333	0.166667	0.0666667	0.0666667
0.0212766	0.0425532	0.319149	0.106383	0.276596	0.0212766	0.0425532	0.0638298	0.0425532	0.0638298
0.0322581	0.483871	0.0322581	0.0322581	0.193548	0.0645161	0.0322581	0.0322581	0.0645161	0.0322581
0.0188679	0.0566038	0.0377358	0.320755	0.264151	0.0188679	0.0188679	0.150943	0.0943396	0.0188679
0.0425532	0.0212766	0.0638298	0.148936	0.0638298	0.12766	0.0425532	0.0212766	0.0638298	0.404255
0.0192308	0.00961538	0.5	0.173077	0.0865385	0.0192308	0.0769231	0.0192308	0.0288462	0.0673077
0.0851064	0.0212766	0.0425532	0.212766	0.0425532	0.212766	0.0851064	0.0851064	0.0212766	0.191489
0.0789474	0.0263158	0.236842	0.131579	0.105263	0.0263158	0.184211	0.157895	0.0263158	0.0263158
0.08	0.1	0.02	0.06	0.04	0.44	0.02	0.06	0.02	0.16
0.025641	0.025641	0.0512821	0.128205	0.0769231	0.358974	0.0512821	0.0769231	0.0769231	0.128205
0.012987	0.012987	0.025974	0.441558	0.0519481	0.0779221	0.025974	0.12987	0.0909091	0.12987
0.0980392	0.0392157	0.196078	0.0784314	0.0392157	0.0392157	0.137255	0.313725	0.0196078	0.0392157
0.0645161	0.0322581	0.0322581	0.0645161	0.16129	0.354839	0.0322581	0.0967742	0.0322581	0.129032
0.0526316	0.157895	0.0526316	0.105263	0.157895	0.157895	0.0526316	0.105263	0.105263	0.0526316
0.0416667	0.333333	0.0833333	0.125	0.166667	0.0416667	0.0833333	0.0416667	0.0416667	0.0416667
0.0357143	0.214286	0.142857	0.178571	0.0357143	0.0714286	0.0357143	0.0357143	0.0357143	0.214286
0.0304878	0.00609756	0.0243902	0.182927	0.182927	0.00609756	0.00609756	0.146341	0.365854	0.0487805
0.0172414	0.775862	0.0172414	0.0172414	0.0689655	0.0172414	0.0172414	0.0172414	0.0172414	0.0344828
0.016129	0.387097	0.0322581	0.225806	0.0806452	0.0645161	0.0967742	0.016129	0.016129	0.0645161
0.153846	0.0384615	0.0384615	0.153846	0.0384615	0.307692	0.0384615	0.115385	0.0769231	0.0384615
0.0588235	0.0147059	0.0441176	0.426471	0.117647	0.0294118	0.0441176	0.132353	0.117647	0.0147059
0.04	0.08	0.12	0.16	0.08	0.16	0.04	0.04	0.2	0.08
0.105263	0.105263	0.0526316	0.210526	0.210526	0.0526316	0.0526316	0.105263	0.0526316	0.0526316
0.0204082	0.346939	0.0204082	0.0408163	0.163265	0.0408163	0.142857	0.102041	0.0612245	0.0612245
0.0144928	0.0434783	0.115942	0.275362	0.0289855	0.115942	0.0434783	0.0724638	0.0144928	0.275362
0.153846	0.153846	0.0512821	0.0512821	0.128205	0.0769231	0.25641	0.025641	0.0512821	0.0512821
0.0714286	0.0714286	0.214286	0.0714286	0.0714286	0.0714286	0.142857	0.0714286	0.142857	0.0714286
0.1	0.1	0.1	0.1	0.1	0.1	0.1	0.1	0.1	0.1
0.0526316	0.421053	0.0526316	0.105263	0.105263	0.0526316	0.0526316	0.0526316	0.0526316	0.0526316
0.1	0.1	0.1	0.1	0.1	0.1	0.1	0.1	0.1	0.1
0.130435	0.0217391	0.0434783	0.108696	0.0869565	0.26087	0.0217391	0.0217391	0.0217391	0.282609
0.0212766	0.0638298	0.0425532	0.0851064	0.0425532	0.191489	0.148936	0.0212766	0.0638298	0.319149
0.1	0.0333333	0.1	0.1	0.2	0.266667	0.0333333	0.1	0.0333333	0.0333333
0.00421941	0.0337553	0.00843882	0.624473	0.0379747	0.0253165	0.00421941	0.156118	0.101266	0.00421941
0.0151515	0.469697	0.0151515	0.151515	0.212121	0.030303	0.0151515	0.0454545	0.0151515	0.030303
0.0222222	0.0222222	0.111111	0.533333	0.0888889	0.0222222	0.0444444	0.0444444	0.0888889	0.0222222
0.1	0.08	0.02	0.06	0.08	0.5	0.06	0.04	0.02	0.04
0.00990099	0.039604	0.00990099	0.029703	0.118812	0.00990099	0.00990099	0.049505	0.70297	0.019802
0.0416667	0.291667	0.125	0.125	0.125	0.0833333	0.0416667	0.0416667	0.0416667	0.0833333
0.0300752	0.0150376	0.0676692	0.157895	0.0827068	0.0075188	0.0225564	0.203008	0.406015	0.0075188
0.0588235	0.117647	0.117647	0.0588235	0.0588235	0.117647	0.176471	0.0588235	0.176471	0.0588235
0.0454545	0.0909091	0.0909091	0.0454545	0.272727	0.227273	0.0454545	0.0909091	0.0454545	0.0454545
0.0555556	0.0555556	0.0555556	0.277778	0.166667	0.0555556	0.111111	0.0555556	0.0555556	0.111111
0.00993377	0.546358	0.00993377	0.288079	0.0662252	0.00331126	0.00331126	0.0430464	0.00331126	0.0264901
0.0226316	0.0531579	0.0373684	0.0663158	0.0315789	0.532105	0.00105263	0.0163158	0.00631579	0.233158
0.166667	0.222222	0.0555556	0.0555556	0.0555556	0.166667	0.111111	0.0555556	0.0555556	0.0555556
0.0162602	0.0243902	0.0487805	0.186992	0.105691	0.0243902	0.00813008	0.512195	0.0569106	0.0162602
0.0535714	0.303571	0.0178571	0.125	0.321429	0.0178571	0.0178571	0.0357143	0.0178571	0.0892857
0.0479303	0.00653595	0.0348584	0.0697168	0.0653595	0.239651	0.0087146	0.0915033	0.00217865	0.433551
0.05	0.4	0.05	0.05	0.05	0.05	0.05	0.05	0.2	0.05
0.00230097	0.00598251	0.0232398	0.0752416	0.788081	0.00552232	0.000460193	0.038196	0.0540727	0.0069029
0.030303	0.272727	0.181818	0.0606061	0.121212	0.121212	0.030303	0.030303	0.0606061	0.0909091
0.138889	0.0555556	0.0277778	0.277778	0.111111	0.0555556	0.0555556	0.0833333	0.0833333	0.111111
0.0344828	0.0344828	0.0344828	0.172414	0.0689655	0.0344828	0.0344828	0.241379	0.0344828	0.310345
0.0290698	0.00581395	0.0465116	0.19186	0.133721	0.00581395	0.00581395	0.255814	0.302326	0.0232558
0.0655738	0.0163934	0.0327869	0.180328	0.0163934	0.344262	0.0163934	0.0491803	0.0163934	0.262295
0.027027	0.108108	0.0540541	0.027027	0.0540541	0.540541	0.0540541	0.027027	0.0540541	0.0540541
0.037037	0.111111	0.0740741	0.037037	0.037037	0.407407	0.037037	0.037037	0.037037	0.185185
0.0243902	0.097561	0.0487805	0.0243902	0.0243902	0.0487805	0.0243902	0.0487805	0.097561	0.560976
0.0714286	0.107143	0.142857	0.107143	0.25	0.0357143	0.0357143	0.142857	0.0357143	0.0714286
0.0469799	0.0134228	0.0671141	0.107383	0.0268456	0.0268456	0.00671141	0.214765	0.449664	0.0402685
0.0243902	0.0487805	0.0243902	0.146341	0.341463	0.146341	0.0487805	0.097561	0.0487805	0.0731707
0.0625	0.125	0.0208333	0.0208333	0.5	0.0208333	0.0208333	0.166667	0.0208333	0.0416667
0.204188	0.366492	0.0890052	0.136126	0.115183	0.0314136	0.0052356	0.0209424	0.0157068	0.0157068
0.0151515	0.0151515	0.030303	0.287879	0.030303	0.484848	0.0151515	0.0454545	0.0151515	0.0606061
0.0131579	0.513158	0.0394737	0.157895	0.0921053	0.0657895	0.0131579	0.0526316	0.0263158	0.0263158
0.0322581	0.0967742	0.258065	0.16129	0.225806	0.0322581	0.0322581	0.0967742	0.0322581	0.0322581
0.146974	0.0317003	0.0835735	0.123919	0.0605187	0.037464	0.00864553	0.0115274	0.0432277	0.45245
0.0895522	0.0223881	0.00746269	0.208955	0.0223881	0.477612	0.0149254	0.0373134	0.00746269	0.11194
0.00546448	0.0710383	0.0491803	0.129326	0.520947	0.0127505	0.00546448	0.0418944	0.140255	0.0236794
0.0454545	0.0454545	0.0454545	0.0909091	0.0909091	0.5	0.0454545	0.0454545	0.0454545	0.0454545
0.0588235	0.403361	0.0168067	0.151261	0.151261	0.168067	0.00840336	0.0168067	0.00840336	0.0168067
0.132075	0.207547	0.0754717	0.132075	0.264151	0.0188679	0.0754717	0.0188679	0.0188679	0.0566038
0.04	0.04	0.04	0.04	0.14	0.46	0.02	0.02	0.04	0.16
0.0173913	0.104348	0.0173913	0.46087	0.156522	0.00869565	0.00869565	0.156522	0.0521739	0.0173913
0.030303	0.550505	0.00505051	0.156566	0.0555556	0.0151515	0.0656566	0.00505051	0.020202	0.0959596
0.025	0.175	0.075	0.25	0.05	0.05	0.025	0.275	0.05	0.025
0.0327869	0.311475	0.0655738	0.245902	0.0819672	0.147541	0.0163934	0.0491803	0.0163934	0.0327869
0.0625	0.0625	0.09375	0.0625	0.1875	0.0625	0.0625	0.1875	0.15625	0.0625
0.758454	0.00966184	0.0386473	0.0483092	0.00966184	0.00966184	0.00966184	0.00966184	0.00966184	0.0966184
0.0196078	0.0196078	0.0196078	0.352941	0.0980392	0.0196078	0.0196078	0.156863	0.235294	0.0588235
0.0714286	0.142857	0.0714286	0.0714286	0.142857	0.0714286	0.0714286	0.214286	0.0714286	0.0714286
0.00680272	0.0272109	0.0612245	0.612245	0.047619	0.047619	0.00680272	0.0952381	0.047619	0.047619
0.025641	0.025641	0.025641	0.179487	0.025641	0.435897	0.025641	0.128205	0.025641	0.102564
0.1	0.1	0.1	0.1	0.1	0.1	0.1	0.1	0.1	0.1
0.125	0.0416667	0.0416667	0.0416667	0.125	0.375	0.0416667	0.0416667	0.125	0.0416667
0.0714286	0.0714286	0.0714286	0.142857	0.142857	0.0714286	0.142857	0.142857	0.0714286	0.0714286
0.0833333	0.0833333	0.166667	0.0833333	0.166667	0.0833333	0.0833333	0.0833333	0.0833333	0.0833333
0.0666667	0.0333333	0.0333333	0.133333	0.0333333	0.4	0.0666667	0.0666667	0.0333333	0.133333
0.125	0.0416667	0.0416667	0.125	0.0833333	0.375	0.0416667	0.0416667	0.0416667	0.0833333
0.136364	0.136364	0.0454545	0.272727	0.0681818	0.0909091	0.0227273	0.0681818	0.0454545	0.113636
0.0120482	0.0481928	0.325301	0.518072	0.0120482	0.0120482	0.0120482	0.0120482	0.0361446	0.0120482
0.312	0.056	0.032	0.36	0.016	0.12	0.024	0.024	0.032	0.024
0.00584795	0.0292398	0.0146199	0.236842	0.0994152	0.0175439	0.00877193	0.140351	0.438596	0.00877193
0.025641	0.0512821	0.0512821	0.025641	0.0512821	0.641026	0.025641	0.0769231	0.025641	0.025641
0.00840336	0.336134	0.0336134	0.361345	0.0672269	0.0168067	0.0252101	0.117647	0.0252101	0.00840336
0.0526316	0.0526316	0.0526316	0.157895	0.315789	0.0526316	0.0526316	0.105263	0.0526316	0.105263
0.0416667	0.0416667	0.0416667	0.0416667	0.125	0.5	0.0416667	0.0416667	0.0416667	0.0833333
0.08	0.16	0.04	0.24	0.2	0.04	0.04	0.04	0.08	0.08
0.106061	0.0606061	0.0757576	0.106061	0.0606061	0.166667	0.0151515	0.030303	0.0909091	0.287879
0.0454545	0.0454545	0.181818	0.136364	0.0454545	0.0454545	0.0454545	0.272727	0.136364	0.0454545
0.0392157	0.00980392	0.0784314	0.235294	0.117647	0.00980392	0.00980392	0.0392157	0.45098	0.00980392
0.0769231	0.230769	0.0769231	0.0769231	0.0769231	0.0769231	0.0769231	0.0769231	0.153846	0.0769231
0.0454545	0.136364	0.0909091	0.227273	0.136364	0.0454545	0.0909091	0.0909091	0.0909091	0.0454545
0.153846	0.115385	0.0384615	0.230769	0.153846	0.0384615	0.0384615	0.0769231	0.0384615	0.115385
0.0526316	0.210526	0.0526316	0.0526316	0.0526316	0.210526	0.105263	0.105263	0.0526316	0.105263
0.0612245	0.0612245	0.0408163	0.306122	0.346939	0.0612245	0.0204082	0.0204082	0.0612245	0.0204082
0.0481928	0.0120482	0.0240964	0.180723	0.0240964	0.0361446	0.0120482	0.0240964	0.0963855	0.542169
0.1	0.1	0.1	0.1	0.1	0.1	0.1	0.1	0.1	0.1
0.032967	0.010989	0.010989	0.208791	0.131868	0.384615	0.032967	0.021978	0.032967	0.131868
0.0106383	0.0070922	0.556738	0.163121	0.14539	0.0390071	0.0070922	0.035461	0.0106383	0.0248227
0.0263158	0.184211	0.105263	0.0263158	0.210526	0.342105	0.0263158	0.0263158	0.0263158	0.0263158
0.0357143	0.00892857	0.0178571	0.321429	0.0803571	0.0178571	0.00892857	0.392857	0.0892857	0.0267857
0.0740741	0.037037	0.111111	0.333333	0.037037	0.037037	0.111111	0.148148	0.037037	0.0740741
0.0322581	0.0645161	0.16129	0.0967742	0.16129	0.0967742	0.0322581	0.0322581	0.225806	0.0967742
0.025	0.0125	0.0125	0.35	0.0125	0.0125	0.05	0.075	0.4375	0.0125
0.0666667	0.0666667	0.0666667	0.0666667	0.133333	0.133333	0.0666667	0.0666667	0.0666667	0.266667
0.0106383	0.0212766	0.0425532	0.414894	0.0531915	0.0106383	0.0212766	0.404255	0.0106383	0.0106383
0.0243902	0.439024	0.0487805	0.0243902	0.121951	0.0487805	0.0243902	0.0243902	0.170732	0.0731707
0.133987	0.00980392	0.0326797	0.189542	0.0392157	0.0457516	0.00653595	0.163399	0.362745	0.0163399
0.0697674	0.0232558	0.0465116	0.0697674	0.116279	0.0697674	0.0697674	0.325581	0.0465116	0.162791
0.00852878	0.010661	0.010661	0.166311	0.159915	0.0362473	0.00639659	0.0831557	0.498934	0.0191898
0.0729167	0.0104167	0.0104167	0.260417	0.0625	0.479167	0.0208333	0.0104167	0.0416667	0.03125
0.00534759	0.026738	0.475936	0.197861	0.101604	0.00534759	0.0106952	0.117647	0.0106952	0.0481283
0.0114943	0.045977	0.0287356	0.0747126	0.178161	0.00574713	0.00574713	0.045977	0.597701	0.00574713
0.0416667	0.5	0.0416667	0.0416667	0.0833333	0.0416667	0.0416667	0.0416667	0.125	0.0416667
0.0714286	0.0714286	0.0714286	0.0714286	0.0714286	0.0714286	0.0714286	0.357143	0.0714286	0.0714286
0.0638298	0.0106383	0.0425532	0.106383	0.12766	0.414894	0.0106383	0.106383	0.0531915	0.0638298
0.0497238	0.314917	0.0662983	0.171271	0.20442	0.038674	0.0110497	0.0994475	0.0110497	0.0331492
0.577229	0.0361871	0.0172109	0.0538394	0.0194175	0.0556046	0.00750221	0.00176523	0.00926743	0.221977
0.040404	0.0505051	0.252525	0.262626	0.0606061	0.030303	0.010101	0.030303	0.222222	0.040404
0.0128205	0.0128205	0.141026	0.5	0.0384615	0.0128205	0.025641	0.166667	0.0128205	0.0769231
0.0753425	0.0547945	0.0547945	0.472603	0.0958904	0.0753425	0.00684932	0.0273973	0.0273973	0.109589
0.0769231	0.0769231	0.153846	0.0769231	0.153846	0.153846	0.0769231	0.0769231	0.0769231	0.0769231
0.0285714	0.171429	0.0285714	0.142857	0.314286	0.0857143	0.0285714	0.114286	0.0285714	0.0571429
0.025641	0.153846	0.0512821	0.0769231	0.0512821	0.0512821	0.102564	0.025641	0.128205	0.333333
0.03125	0.0625	0.15625	0.125	0.125	0.015625	0.03125	0.078125	0.359375	0.015625
0.0227273	0.0397727	0.0227273	0.255682	0.130682	0.00568182	0.0170455	0.102273	0.369318	0.0340909
0.0416667	0.0416667	0.0416667	0.0416667	0.0416667	0.5	0.0833333	0.0833333	0.0416667	0.0833333
0.178771	0.162011	0.0167598	0.0446927	0.128492	0.22905	0.0670391	0.027933	0.00558659	0.139665
0.0769231	0.153846	0.0384615	0.192308	0.0769231	0.0769231	0.115385	0.153846	0.0384615	0.0769231
0.0731707	0.0853659	0.0853659	0.0609756	0.292683	0.0243902	0.0121951	0.268293	0.0731707	0.0243902
0.0434783	0.0869565	0.0434783	0.0434783	0.217391	0.130435	0.0434783	0.0869565	0.26087	0.0434783
0.0169492	0.0338983	0.0169492	0.0847458	0.101695	0.542373	0.0169492	0.0169492	0.0169492	0.152542
0.0983607	0.0327869	0.0655738	0.344262	0.262295	0.0491803	0.0163934	0.0819672	0.0327869	0.0163934
0.441558	0.12987	0.038961	0.0779221	0.0779221	0.116883	0.025974	0.038961	0.025974	0.025974
0.0229885	0.0344828	0.0114943	0.0574713	0.172414	0.0114943	0.0114943	0.62069	0.045977	0.0114943
0.0769231	0.0576923	0.0192308	0.153846	0.0384615	0.211538	0.0192308	0.153846	0.0576923	0.211538
0.037037	0.0740741	0.0740741	0.0740741	0.0740741	0.444444	0.037037	0.037037	0.037037	0.111111
0.0185185	0.185185	0.277778	0.037037	0.148148	0.0925926	0.0185185	0.0740741	0.037037	0.111111
0.0416667	0.0208333	0.0416667	0.354167	0.125	0.166667	0.0208333	0.166667	0.0208333	0.0416667
0.0196078	0.0196078	0.54902	0.137255	0.0784314	0.0588235	0.0392157	0.0196078	0.0196078	0.0588235
0.333333	0.025641	0.128205	0.179487	0.0512821	0.128205	0.025641	0.0512821	0.0512821	0.025641
0.0350877	0.385965	0.0175439	0.245614	0.105263	0.0175439	0.0526316	0.105263	0.0175439	0.0175439
0.00332226	0.00442968	0.0276855	0.0830565	0.224806	0.00885936	0.00110742	0.0310078	0.605759	0.00996678
0.0155039	0.0542636	0.434109	0.155039	0.248062	0.0155039	0.0155039	0.0155039	0.0232558	0.0232558
0.122222	0.144444	0.0666667	0.111111	0.122222	0.1	0.0222222	0.0111111	0.0555556	0.244444
0.0408163	0.0612245	0.0408163	0.183673	0.102041	0.387755	0.0408163	0.0612245	0.0204082	0.0612245
0.0526316	0.157895	0.0526316	0.210526	0.157895	0.0526316	0.105263	0.0526316	0.0526316	0.105263
0.125	0.25	0.0625	0.0625	0.125	0.0625	0.0625	0.0625	0.125	0.0625
0.420561	0.0560748	0.00623053	0.255452	0.17134	0.0186916	0.00623053	0.0186916	0.00623053	0.0404984
0.013089	0.0235602	0.0549738	0.431937	0.191099	0.039267	0.0052356	0.159686	0.0680628	0.013089
0.0348837	0.0697674	0.0232558	0.174419	0.139535	0.0581395	0.0116279	0.0465116	0.395349	0.0465116
0.0666667	0.333333	0.0333333	0.0333333	0.1	0.166667	0.0333333	0.0666667	0.1	0.0666667
0.0952381	0.0238095	0.0238095	0.214286	0.142857	0.047619	0.0238095	0.047619	0.357143	0.0238095
0.0588235	0.00735294	0.0294118	0.25	0.176471	0.00735294	0.0147059	0.205882	0.139706	0.110294
0.153846	0.0384615	0.0192308	0.0576923	0.0192308	0.307692	0.0961538	0.0576923	0.0192308	0.230769
0.0208333	0.0208333	0.0625	0.0833333	0.0208333	0.333333	0.0416667	0.0208333	0.0416667	0.354167
0.0526316	0.105263	0.140351	0.263158	0.210526	0.0350877	0.0701754	0.0701754	0.0350877	0.0175439
0.0212766	0.106383	0.0212766	0.12766	0.148936	0.361702	0.0212766	0.0212766	0.0638298	0.106383
0.307692	0.102564	0.0769231	0.128205	0.0769231	0.0769231	0.025641	0.025641	0.0512821	0.128205
0.0217391	0.0434783	0.0217391	0.217391	0.0652174	0.282609	0.0869565	0.0217391	0.0217391	0.217391
0.0810811	0.027027	0.0810811	0.297297	0.216216	0.0810811	0.0540541	0.027027	0.0540541	0.0810811
0.111111	0.472222	0.0277778	0.0277778	0.138889	0.0277778	0.0277778	0.111111	0.0277778	0.0277778
0.0516129	0.0483871	0.348387	0.0806452	0.329032	0.0870968	0.00322581	0.00967742	0.00322581	0.0387097
0.0212766	0.382979	0.0212766	0.0638298	0.170213	0.0425532	0.0851064	0.0212766	0.0212766	0.170213
0.02	0.04	0.08	0.26	0.22	0.04	0.02	0.06	0.14	0.12
0.0625	0.0625	0.0625	0.0625	0.0625	0.125	0.0625	0.375	0.0625	0.0625
0.0212766	0.0425532	0.0212766	0.0212766	0.234043	0.0425532	0.0212766	0.361702	0.12766	0.106383
0.0526316	0.0526316	0.0526316	0.105263	0.0526316	0.0526316	0.0526316	0.0526316	0.0526316	0.473684
0.0277778	0.0833333	0.0555556	0.111111	0.222222	0.194444	0.111111	0.111111	0.0277778	0.0555556
0.00331126	0.0364238	0.00993377	0.331126	0.241722	0.0298013	0.0198675	0.0695364	0.152318	0.10596
0.0151515	0.348485	0.0909091	0.030303	0.030303	0.242424	0.0757576	0.0757576	0.0151515	0.0757576
0.0652174	0.195652	0.0652174	0.0217391	0.478261	0.0217391	0.0434783	0.0434783	0.0434783	0.0217391
0.0163934	0.114754	0.0655738	0.0163934	0.0327869	0.655738	0.0163934	0.0163934	0.0163934	0.0491803
0.0396825	0.0396825	0.0238095	0.15873	0.00793651	0.190476	0.0555556	0.0238095	0.00793651	0.452381
0.0322581	0.0322581	0.0645161	0.225806	0.258065	0.258065	0.0322581	0.0322581	0.0322581	0.0322581
0.0196078	0.0588235	0.00980392	0.0784314	0.00980392	0.0196078	0.0392157	0.00980392	0.00980392	0.745098
0.0172414	0.0517241	0.327586	0.172414	0.293103	0.0344828	0.0172414	0.0344828	0.0344828	0.0172414
0.0169492	0.0677966	0.0169492	0.0677966	0.0338983	0.0169492	0.0677966	0.0169492	0.0169492	0.677966
0.0666667	0.166667	0.1	0.0666667	0.3	0.1	0.0333333	0.0333333	0.0333333	0.1
0.030303	0.0606061	0.0606061	0.030303	0.0606061	0.424242	0.242424	0.030303	0.030303	0.030303
0.484277	0.00628931	0.0566038	0.264151	0.0188679	0.0125786	0.0125786	0.0628931	0.0251572	0.0566038
0.0588235	0.0588235	0.0588235	0.117647	0.0588235	0.117647	0.0588235	0.0588235	0.0588235	0.352941
0.0126582	0.0253165	0.0759494	0.0253165	0.0759494	0.734177	0.0126582	0.0126582	0.0126582	0.0126582
0.00826446	0.0247934	0.00826446	0.123967	0.206612	0.495868	0.0247934	0.0495868	0.00826446	0.0495868
0.0769231	0.0384615	0.115385	0.153846	0.115385	0.0384615	0.0769231	0.230769	0.0769231	0.0769231
0.0263158	0.131579	0.105263	0.0789474	0.315789	0.0263158	0.0263158	0.0789474	0.131579	0.0789474
0.0138889	0.458333	0.0138889	0.0694444	0.152778	0.0555556	0.0277778	0.111111	0.0138889	0.0833333
0.03125	0.125	0.03125	0.15625	0.125	0.09375	0.03125	0.125	0.03125	0.25
0.00952381	0.704762	0.0285714	0.0285714	0.047619	0.00952381	0.0190476	0.0761905	0.00952381	0.0666667
0.0714286	0.0357143	0.392857	0.160714	0.0714286	0.107143	0.0714286	0.0178571	0.0535714	0.0178571
0.0444444	0.0222222	0.0222222	0.0222222	0.0222222	0.711111	0.0222222	0.0666667	0.0222222	0.0444444
0.0740741	0.0185185	0.37037	0.185185	0.148148	0.0555556	0.0185185	0.0740741	0.0185185	0.037037
0.030303	0.0151515	0.5	0.272727	0.0454545	0.0151515	0.0151515	0.0757576	0.0151515	0.0151515
0.121212	0.00606061	0.030303	0.454545	0.169697	0.0242424	0.00606061	0.169697	0.00606061	0.0121212
0.0666667	0.0666667	0.0666667	0.0666667	0.0333333	0.533333	0.0333333	0.0333333	0.0333333	0.0666667
0.0606061	0.030303	0.030303	0.181818	0.030303	0.363636	0.0606061	0.030303	0.0909091	0.121212
0.037037	0.037037	0.111111	0.185185	0.185185	0.148148	0.037037	0.037037	0.0740741	0.148148
0.0606061	0.030303	0.030303	0.030303	0.030303	0.636364	0.030303	0.030303	0.030303	0.0909091
0.036036	0.0660661	0.666667	0.0990991	0.0720721	0.018018	0.003003	0.018018	0.00900901	0.012012
0.04	0.346667	0.0933333	0.226667	0.0133333	0.0666667	0.0266667	0.0933333	0.04	0.0533333
0.03125	0.03125	0.0625	0.09375	0.0625	0.03125	0.03125	0.0625	0.5625	0.03125
0.08	0.04	0.04	0.12	0.04	0.04	0.04	0.52	0.04	0.04
0.0245902	0.0163934	0.467213	0.270492	0.106557	0.0327869	0.0245902	0.00819672	0.00819672	0.0409836
0.103448	0.0344828	0.103448	0.172414	0.0689655	0.0344828	0.0689655	0.206897	0.137931	0.0689655
0.1	0.1	0.1	0.1	0.1	0.1	0.1	0.1	0.1	0.1
0.0517241	0.0172414	0.0172414	0.0172414	0.0172414	0.724138	0.0344828	0.0517241	0.0344828	0.0344828
0.0666667	0.2	0.0666667	0.222222	0.0666667	0.0222222	0.0444444	0.0222222	0.0888889	0.2
0.2	0.04	0.04	0.08	0.04	0.2	0.08	0.24	0.04	0.04
0.1	0.1	0.1	0.1	0.1	0.1	0.1	0.1	0.1	0.1
0.0173913	0.0173913	0.0434783	0.0173913	0.0956522	0.173913	0.46087	0.0347826	0.121739	0.0173913
0.037037	0.037037	0.037037	0.37037	0.037037	0.111111	0.0740741	0.222222	0.037037	0.037037
0.015625	0.234375	0.203125	0.0625	0.171875	0.03125	0.046875	0.078125	0.09375	0.0625
0.0217391	0.413043	0.0217391	0.152174	0.0434783	0.195652	0.0434783	0.0217391	0.0217391	0.0652174
0.0933333	0.0533333	0.0533333	0.04	0.0266667	0.52	0.0133333	0.0533333	0.0133333	0.133333
0.0294118	0.0294118	0.0294118	0.176471	0.323529	0.0588235	0.0588235	0.0882353	0.0588235	0.147059
0.025641	0.0769231	0.0512821	0.179487	0.0512821	0.461538	0.0512821	0.025641	0.025641	0.0512821
0.0740741	0.037037	0.037037	0.037037	0.037037	0.518519	0.0740741	0.0740741	0.037037	0.0740741
0.00526316	0.0157895	0.0631579	0.126316	0.1	0.526316	0.0315789	0.0105263	0.0315789	0.0894737
0.0384615	0.0384615	0.0384615	0.307692	0.0384615	0.0384615	0.0384615	0.346154	0.0384615	0.0769231
0.0208333	0.0625	0.0208333	0.291667	0.104167	0.0833333	0.0208333	0.25	0.0416667	0.104167
0.442857	0.0714286	0.0571429	0.171429	0.0714286	0.0142857	0.0142857	0.0857143	0.0142857	0.0571429
0.16	0.16	0.02	0.04	0.08	0.14	0.02	0.02	0.22	0.14
0.0769231	0.0769231	0.0769231	0.153846	0.153846	0.0769231	0.0769231	0.153846	0.0769231	0.0769231
0.0606061	0.0909091	0.0606061	0.0909091	0.030303	0.030303	0.030303	0.424242	0.121212	0.0606061
0.205128	0.0512821	0.102564	0.025641	0.153846	0.0769231	0.025641	0.0769231	0.025641	0.25641
0.0140845	0.028169	0.0140845	0.366197	0.028169	0.028169	0.0140845	0.0985915	0.028169	0.380282
0.0666667	0.133333	0.0333333	0.0333333	0.0333333	0.0333333	0.166667	0.0666667	0.166667	0.266667
0.0740741	0.0740741	0.0740741	0.185185	0.259259	0.037037	0.0740741	0.0740741	0.111111	0.037037
0.0416667	0.0416667	0.0833333	0.25	0.25	0.0416667	0.0416667	0.125	0.0833333	0.0416667
0.170213	0.0638298	0.148936	0.148936	0.0212766	0.0851064	0.0425532	0.0638298	0.0425532	0.212766
0.0285714	0.0571429	0.0285714	0.171429	0.0857143	0.0857143	0.0285714	0.428571	0.0571429	0.0285714
0.0588235	0.0588235	0.176471	0.117647	0.0588235	0.176471	0.176471	0.0588235	0.0588235	0.0588235
0.037037	0.0740741	0.037037	0.037037	0.0740741	0.555556	0.037037	0.037037	0.037037	0.0740741
0.0147059	0.0441176	0.0294118	0.161765	0.0441176	0.470588	0.0294118	0.0882353	0.0147059	0.102941
0.0428571	0.0857143	0.0142857	0.285714	0.0571429	0.414286	0.0142857	0.0285714	0.0285714	0.0285714
0.00862069	0.206897	0.0172414	0.232759	0.181034	0.00862069	0.0172414	0.232759	0.0258621	0.0689655
0.0392157	0.117647	0.196078	0.196078	0.0392157	0.0980392	0.0196078	0.0196078	0.0392157	0.235294
0.0151515	0.0151515	0.136364	0.0909091	0.0757576	0.0454545	0.0151515	0.348485	0.181818	0.0757576
0.00833333	0.225	0.00833333	0.125	0.0583333	0.0333333	0.025	0.0666667	0.0333333	0.416667
0.0135501	0.0108401	0.0135501	0.119241	0.0569106	0.00813008	0.0135501	0.219512	0.536585	0.00813008
0.0454545	0.0454545	0.0454545	0.0454545	0.0454545	0.5	0.0454545	0.0909091	0.0454545	0.0909091
0.0434783	0.0434783	0.347826	0.0869565	0.0434783	0.0434783	0.0434783	0.0869565	0.173913	0.0869565
0.0588235	0.0588235	0.0588235	0.176471	0.176471	0.0588235	0.0588235	0.176471	0.0588235	0.117647
0.0222222	0.0222222	0.0444444	0.133333	0.0222222	0.177778	0.0444444	0.0444444	0.0666667	0.422222
0.0384615	0.115385	0.0384615	0.0769231	0.115385	0.269231	0.0769231	0.115385	0.0384615	0.115385
0.025641	0.179487	0.025641	0.128205	0.0769231	0.282051	0.102564	0.0512821	0.0512821	0.0769231
0.113636	0.0227273	0.0227273	0.0454545	0.318182	0.113636	0.0454545	0.136364	0.0909091	0.0909091
0.0588235	0.0294118	0.0294118	0.117647	0.323529	0.0294118	0.0588235	0.205882	0.0588235	0.0882353
0.0266667	0.00666667	0.0133333	0.24	0.0266667	0.04	0.00666667	0.573333	0.04	0.0266667
0.0210526	0.0315789	0.0526316	0.284211	0.115789	0.0105263	0.0105263	0.452632	0.0105263	0.0105263
0.133333	0.0666667	0.0666667	0.133333	0.2	0.0666667	0.133333	0.0666667	0.0666667	0.0666667
0.0666667	0.0222222	0.0222222	0.133333	0.333333	0.0666667	0.0444444	0.177778	0.0222222	0.111111
0.0512821	0.0512821	0.025641	0.0769231	0.0769231	0.487179	0.025641	0.025641	0.025641	0.153846
0.015873	0.0793651	0.190476	0.269841	0.0793651	0.031746	0.015873	0.238095	0.0634921	0.015873
0.0588235	0.303922	0.00980392	0.0294118	0.00980392	0.372549	0.117647	0.00980392	0.0196078	0.0686275
0.025641	0.0769231	0.025641	0.0512821	0.128205	0.512821	0.0512821	0.0512821	0.025641	0.0512821
0.0169492	0.0135593	0.19322	0.549153	0.0305085	0.0237288	0.00338983	0.105085	0.0101695	0.0542373
0.0333333	0.025	0.0333333	0.025	0.0583333	0.516667	0.0333333	0.0416667	0.0166667	0.216667
0.0285714	0.114286	0.0571429	0.0285714	0.171429	0.4	0.0571429	0.0285714	0.0857143	0.0285714
0.0641026	0.0641026	0.0384615	0.0641026	0.179487	0.0384615	0.0128205	0.25641	0.269231	0.0128205
0.0172414	0.0862069	0.0172414	0.0172414	0.12069	0.5	0.0517241	0.0862069	0.0517241	0.0517241
0.027027	0.108108	0.0540541	0.027027	0.027027	0.432432	0.027027	0.0540541	0.027027	0.216216
0.03125	0.09375	0.03125	0.0625	0.03125	0.1875	0.09375	0.03125	0.03125	0.40625
0.321429	0.0535714	0.160714	0.0892857	0.0357143	0.0892857	0.0357143	0.125	0.0357143	0.0535714
0.0188679	0.0188679	0.0188679	0.0377358	0.0188679	0.735849	0.0377358	0.0566038	0.0188679	0.0377358
0.0416667	0.0416667	0.0416667	0.0416667	0.125	0.291667	0.0416667	0.291667	0.0416667	0.0416667
0.0465116	0.0232558	0.0232558	0.0930233	0.0930233	0.511628	0.0232558	0.0232558	0.0232558	0.139535
0.102041	0.0510204	0.0204082	0.0510204	0.346939	0.0612245	0.0306122	0.0102041	0.0408163	0.285714
0.0175439	0.22807	0.0701754	0.298246	0.0526316	0.0526316	0.0526316	0.140351	0.0526316	0.0350877
0.0952381	0.015873	0.15873	0.0952381	0.031746	0.47619	0.015873	0.047619	0.015873	0.047619
0.0540541	0.0540541	0.027027	0.135135	0.135135	0.216216	0.0540541	0.216216	0.027027	0.0810811
0.1	0.1	0.1	0.1	0.1	0.1	0.1	0.1	0.1	0.1
0.0107527	0.752688	0.0107527	0.0537634	0.0967742	0.0107527	0.0107527	0.0215054	0.0107527	0.0215054
0.04	0.16	0.04	0.12	0.12	0.12	0.04	0.12	0.08	0.16
0.0740741	0.296296	0.0555556	0.037037	0.037037	0.351852	0.0740741	0.0185185	0.0185185	0.037037
0.108696	0.0217391	0.0217391	0.23913	0.282609	0.0434783	0.0217391	0.130435	0.108696	0.0217391
0.0136986	0.0410959	0.0136986	0.0410959	0.136986	0.575342	0.0136986	0.0410959	0.0547945	0.0684932
0.0551724	0.00689655	0.0206897	0.262069	0.344828	0.0206897	0.00689655	0.137931	0.062069	0.0827586
0.0352423	0.0440529	0.0748899	0.145374	0.061674	0.00440529	0.00440529	0.0220264	0.506608	0.101322
0.0223464	0.0558659	0.00558659	0.0837989	0.0223464	0.0167598	0.0670391	0.553073	0.00558659	0.167598
0.0945946	0.108108	0.0675676	0.0405405	0.0405405	0.121622	0.0810811	0.0135135	0.0135135	0.418919
0.0357143	0.142857	0.0357143	0.0357143	0.0714286	0.464286	0.107143	0.0357143	0.0357143	0.0357143
0.0714286	0.285714	0.0714286	0.0714286	0.0714286	0.0714286	0.0714286	0.0714286	0.142857	0.0714286
0.0227273	0.0227273	0.0227273	0.0454545	0.0227273	0.136364	0.0454545	0.0909091	0.0681818	0.522727
0.0344828	0.0172414	0.137931	0.0862069	0.103448	0.206897	0.0172414	0.0517241	0.0172414	0.327586
0.0135135	0.121622	0.0675676	0.27027	0.175676	0.108108	0.0135135	0.0540541	0.027027	0.148649
0.341463	0.0243902	0.0243902	0.170732	0.146341	0.170732	0.0243902	0.0487805	0.0243902	0.0243902
0.03125	0.0625	0.125	0.09375	0.09375	0.375	0.09375	0.0625	0.03125	0.03125
0.047619	0.047619	0.0238095	0.119048	0.047619	0.428571	0.0238095	0.0238095	0.047619	0.190476
0.027027	0.027027	0.0810811	0.351351	0.0810811	0.0540541	0.027027	0.216216	0.0810811	0.0540541
0.0833333	0.0166667	0.0333333	0.0333333	0.05	0.266667	0.183333	0.1	0.0166667	0.216667
0.0333333	0.0166667	0.0166667	0.05	0.0333333	0.633333	0.0333333	0.0166667	0.0166667	0.15
0.0588235	0.176471	0.0294118	0.147059	0.0588235	0.117647	0.0294118	0.0882353	0.176471	0.117647
0.0344828	0.103448	0.0689655	0.0344828	0.0689655	0.517241	0.0344828	0.0689655	0.0344828	0.0344828
0.0816327	0.0204082	0.0816327	0.22449	0.122449	0.387755	0.0204082	0.0204082	0.0204082	0.0204082
0.115607	0.104046	0.0809249	0.104046	0.0635838	0.156069	0.248555	0.0289017	0.0115607	0.0867052
0.0144928	0.0724638	0.057971	0.202899	0.173913	0.0144928	0.0289855	0.318841	0.057971	0.057971
0.0285714	0.0285714	0.0571429	0.171429	0.142857	0.142857	0.0571429	0.2	0.0857143	0.0857143
0.0172414	0.0172414	0.0862069	0.12069	0.0344828	0.568966	0.0172414	0.0344828	0.0172414	0.0862069
0.0625	0.21875	0.03125	0.1875	0.21875	0.03125	0.0625	0.0625	0.0625	0.0625
0.047619	0.047619	0.047619	0.0952381	0.0952381	0.0952381	0.047619	0.380952	0.047619	0.0952381
0.0114943	0.252874	0.0114943	0.091954	0.402299	0.0229885	0.0689655	0.0689655	0.0114943	0.0574713
0.0194553	0.0233463	0.0194553	0.198444	0.077821	0.0194553	0.0155642	0.552529	0.0505837	0.0233463
0.0526316	0.105263	0.0526316	0.315789	0.105263	0.0526316	0.157895	0.0526316	0.0526316	0.0526316
0.048951	0.00699301	0.034965	0.034965	0.034965	0.034965	0.34965	0.20979	0.216783	0.027972
0.0512821	0.25641	0.0512821	0.025641	0.0512821	0.410256	0.0512821	0.0512821	0.025641	0.025641
0.011236	0.0224719	0.0224719	0.348315	0.101124	0.213483	0.0337079	0.179775	0.0337079	0.0337079
0.05	0.05	0.05	0.15	0.2	0.2	0.05	0.15	0.05	0.05
0.0740741	0.037037	0.0740741	0.333333	0.037037	0.0740741	0.037037	0.0740741	0.222222	0.037037
0.0428571	0.0571429	0.0714286	0.185714	0.142857	0.0142857	0.0285714	0.328571	0.0714286	0.0571429
0.0461538	0.230769	0.0461538	0.0923077	0.169231	0.0153846	0.0769231	0.215385	0.0153846	0.0923077
0.1	0.1	0.1	0.1	0.1	0.1	0.1	0.1	0.1	0.1
0.0888889	0.0222222	0.0222222	0.177778	0.0222222	0.288889	0.0444444	0.0444444	0.0222222	0.266667
0.015873	0.031746	0.015873	0.126984	0.0952381	0.015873	0.047619	0.365079	0.238095	0.047619
0.0238095	0.0238095	0.0238095	0.142857	0.119048	0.0238095	0.0238095	0.428571	0.166667	0.0238095
0.0833333	0.0416667	0.0833333	0.125	0.0833333	0.0833333	0.125	0.0833333	0.0416667	0.25
0.0129534	0.0259067	0.00777202	0.287565	0.134715	0.0103627	0.00518135	0.440415	0.0440415	0.0310881
0.0769231	0.0384615	0.0384615	0.346154	0.192308	0.0384615	0.0384615	0.115385	0.0769231	0.0384615
0.0833333	0.0333333	0.0166667	0.233333	0.0166667	0.433333	0.05	0.05	0.0333333	0.05
0.0263158	0.0526316	0.0263158	0.289474	0.342105	0.105263	0.0263158	0.0526316	0.0526316	0.0263158
0.05	0.2	0.05	0.05	0.1	0.2	0.05	0.15	0.05	0.1
0.0377358	0.188679	0.245283	0.0754717	0.0943396	0.0188679	0.0377358	0.188679	0.0377358	0.0754717
0.288889	0.0666667	0.133333	0.222222	0.0222222	0.0444444	0.0222222	0.0222222	0.0666667	0.111111
0.0961538	0.346154	0.0576923	0.0961538	0.211538	0.0192308	0.0384615	0.0576923	0.0576923	0.0192308
0.037037	0.037037	0.12963	0.481481	0.12963	0.0185185	0.037037	0.037037	0.0185185	0.0740741
0.128535	0.478149	0.0359897	0.107969	0.125964	0.0796915	0.00771208	0.0257069	0.00771208	0.00257069
0.025	0.425	0.075	0.225	0.125	0.025	0.025	0.025	0.025	0.025
0.00816327	0.00816327	0.0938776	0.0489796	0.126531	0.0122449	0.0938776	0.0408163	0.542857	0.0244898
0.0689655	0.37931	0.0689655	0.103448	0.0689655	0.137931	0.0344828	0.0689655	0.0344828	0.0344828
0.0142045	0.0625	0.0170455	0.0426136	0.0965909	0.0653409	0.0113636	0.0738636	0.03125	0.585227
0.111111	0.0740741	0.037037	0.037037	0.148148	0.37037	0.0740741	0.037037	0.037037	0.0740741
0.0427807	0.00781571	0.700123	0.0719868	0.0427807	0.00452489	0.000822707	0.0296174	0.0329083	0.0666392
0.0684932	0.0547945	0.616438	0.123288	0.0273973	0.0136986	0.0410959	0.0136986	0.0273973	0.0136986
0.0769231	0.428571	0.021978	0.010989	0.318681	0.0659341	0.010989	0.021978	0.032967	0.010989
0.037037	0.333333	0.111111	0.111111	0.148148	0.0740741	0.037037	0.037037	0.037037	0.0740741
0.030303	0.439394	0.0757576	0.136364	0.151515	0.0606061	0.030303	0.0454545	0.0151515	0.0151515
0.0127042	0.0108893	0.0417423	0.290381	0.0725953	0.0181488	0.00907441	0.499093	0.0199637	0.0254083
0.0294118	0.117647	0.0588235	0.0294118	0.0294118	0.382353	0.0294118	0.0294118	0.0294118	0.264706
0.0588235	0.0294118	0.0294118	0.264706	0.0588235	0.0294118	0.0294118	0.323529	0.147059	0.0294118
0.0222222	0.0222222	0.0444444	0.155556	0.0888889	0.0444444	0.0444444	0.4	0.133333	0.0444444
0.0416667	0.0416667	0.0625	0.104167	0.0625	0.583333	0.0208333	0.0208333	0.0416667	0.0208333
0.0361446	0.361446	0.0120482	0.13253	0.277108	0.0240964	0.0240964	0.0722892	0.0481928	0.0120482
0.0172414	0.413793	0.0862069	0.137931	0.103448	0.0172414	0.0172414	0.103448	0.0517241	0.0517241
0.0161725	0.0134771	0.0512129	0.0134771	0.250674	0.00539084	0.00269542	0.0754717	0.471698	0.0997305
0.04	0.48	0.04	0.12	0.08	0.04	0.04	0.08	0.04	0.04
0.0666667	0.0666667	0.133333	0.0666667	0.0666667	0.0666667	0.0666667	0.2	0.0666667	0.2
0.00724638	0.0144928	0.00724638	0.0797101	0.0652174	0.00724638	0.00724638	0.746377	0.0217391	0.0434783
0.0322581	0.0322581	0.0967742	0.0967742	0.0967742	0.0322581	0.0967742	0.354839	0.0967742	0.0645161
0.0769231	0.0769231	0.0769231	0.230769	0.0769231	0.0769231	0.153846	0.0769231	0.0769231	0.0769231
0.00884956	0.336283	0.00884956	0.159292	0.292035	0.115044	0.0265487	0.0176991	0.0265487	0.00884956
0.0512821	0.0769231	0.0769231	0.307692	0.0512821	0.025641	0.025641	0.205128	0.128205	0.0512821
0.35	0.075	0.025	0.125	0.025	0.05	0.05	0.075	0.025	0.2
0.0222222	0.0444444	0.0222222	0.177778	0.177778	0.311111	0.0222222	0.0444444	0.0222222	0.155556
0.0212766	0.510638	0.0212766	0.212766	0.0425532	0.0638298	0.0212766	0.0638298	0.0212766	0.0212766
0.0666667	0.0666667	0.0666667	0.266667	0.0666667	0.133333	0.0666667	0.133333	0.0666667	0.0666667
0.0952381	0.047619	0.047619	0.142857	0.047619	0.428571	0.047619	0.047619	0.047619	0.047619
0.0967742	0.0645161	0.0967742	0.225806	0.0967742	0.16129	0.0322581	0.0645161	0.0322581	0.129032
0.0384615	0.105769	0.0576923	0.375	0.134615	0.0673077	0.0480769	0.0288462	0.0480769	0.0961538
0.0377358	0.0188679	0.396226	0.226415	0.0943396	0.0188679	0.0188679	0.0943396	0.0188679	0.0754717
0.3625	0.0125	0.025	0.1625	0.175	0.1	0.0125	0.0125	0.05	0.0875
0.555195	0.038961	0.0649351	0.0974026	0.0292208	0.00324675	0.00324675	0.00649351	0.100649	0.100649
0.0625	0.0625	0.0208333	0.0208333	0.0625	0.583333	0.0625	0.0208333	0.0208333	0.0833333
0.0326087	0.0434783	0.0543478	0.25	0.0543478	0.0217391	0.0326087	0.336957	0.141304	0.0326087
0.0714286	0.47619	0.047619	0.119048	0.0238095	0.047619	0.0238095	0.0952381	0.0714286	0.0238095
0.333333	0.0833333	0.030303	0.287879	0.0984848	0.0151515	0.030303	0.0530303	0.0227273	0.0454545
0.0186916	0.0186916	0.0186916	0.261682	0.046729	0.00934579	0.00934579	0.598131	0.00934579	0.00934579
0.0416667	0.291667	0.0416667	0.0833333	0.25	0.0416667	0.0833333	0.0416667	0.0416667	0.0833333
0.0192308	0.115385	0.0384615	0.0769231	0.346154	0.0769231	0.0192308	0.230769	0.0576923	0.0192308
