0.288889	0.0666667	0.0444444	0.133333	0.111111	0.0666667	0.266667	0.0222222
0.392857	0.0714286	0.0714286	0.0357143	0.321429	0.0357143	0.0357143	0.0357143
0.0812721	0.0812721	0.0424028	0.0706714	0.19788	0.00353357	0.515901	0.00706714
0.518519	0.037037	0.148148	0.111111	0.037037	0.0740741	0.037037	0.037037
0.023622	0.307087	0.015748	0.480315	0.102362	0.0393701	0.015748	0.015748
0.0952381	0.238095	0.047619	0.142857	0.238095	0.047619	0.0952381	0.0952381
0.642857	0.0357143	0.0714286	0.0714286	0.0714286	0.0357143	0.0357143	0.0357143
0.125	0.125	0.125	0.125	0.125	0.125	0.125	0.125
0.448276	0.0517241	0.0689655	0.137931	0.137931	0.0517241	0.0862069	0.0172414
0.046875	0.0625	0.03125	0.40625	0.15625	0.046875	0.203125	0.046875
0.615385	0.0192308	0.0576923	0.115385	0.115385	0.0192308	0.0384615	0.0192308
0.171429	0.114286	0.0571429	0.142857	0.0285714	0.142857	0.314286	0.0285714
0.483871	0.0215054	0.0645161	0.247312	0.0645161	0.0752688	0.0215054	0.0215054
0.0461538	0.0307692	0.0307692	0.153846	0.292308	0.138462	0.261538	0.0461538
0.0320285	0.088968	0.19573	0.27758	0.213523	0.106762	0.0747331	0.0106762
0.604167	0.00694444	0.0902778	0.118056	0.00694444	0.0694444	0.0416667	0.0625
0.565217	0.0434783	0.0434783	0.0434783	0.0434783	0.173913	0.0434783	0.0434783
0.54902	0.0392157	0.0196078	0.235294	0.0588235	0.0588235	0.0196078	0.0196078
0.0434783	0.0434783	0.0217391	0.0434783	0.130435	0.0652174	0.434783	0.217391
0.356164	0.0136986	0.0547945	0.287671	0.0273973	0.0273973	0.178082	0.0547945
0.0483871	0.290323	0.016129	0.129032	0.451613	0.016129	0.0322581	0.016129
0.0408163	0.0612245	0.571429	0.22449	0.0408163	0.0204082	0.0204082	0.0204082
0.0588235	0.0588235	0.0196078	0.313725	0.431373	0.0196078	0.0784314	0.0196078
0.111111	0.111111	0.111111	0.111111	0.111111	0.111111	0.111111	0.222222
0.0208333	0.0833333	0.0208333	0.520833	0.0416667	0.25	0.0208333	0.0416667
0.0769231	0.307692	0.0769231	0.0384615	0.269231	0.115385	0.0769231	0.0384615
0.08	0.04	0.04	0.2	0.16	0.32	0.12	0.04
0.0714286	0.0714286	0.142857	0.0714286	0.0714286	0.214286	0.0714286	0.285714
0.111111	0.222222	0.0555556	0.222222	0.111111	0.111111	0.111111	0.0555556
0.00544959	0.90327	0.00817439	0.0558583	0.00681199	0.00817439	0.00681199	0.00544959
0.25	0.03125	0.03125	0.125	0.3125	0.09375	0.125	0.03125
0.0333333	0.0333333	0.1	0.0333333	0.666667	0.0666667	0.0333333	0.0333333
0.193548	0.16129	0.145161	0.0806452	0.0322581	0.016129	0.322581	0.0483871
0.046875	0.015625	0.125	0.1875	0.3125	0.046875	0.03125	0.234375
0.0267857	0.0267857	0.1875	0.267857	0.196429	0.0535714	0.232143	0.00892857
0.0110497	0.629834	0.0165746	0.160221	0.160221	0.00552486	0.00552486	0.0110497
0.368421	0.0526316	0.157895	0.0526316	0.0526316	0.105263	0.0526316	0.157895
0.482759	0.0689655	0.0689655	0.206897	0.0689655	0.0344828	0.0344828	0.0344828
0.106061	0.030303	0.106061	0.151515	0.257576	0.0606061	0.151515	0.136364
0.4	0.0277778	0.316667	0.0166667	0.0555556	0.00555556	0.175	0.00277778
0.0108696	0.119565	0.0434783	0.5	0.26087	0.0217391	0.0326087	0.0108696
0.0537634	0.150538	0.0107527	0.387097	0.268817	0.0537634	0.0537634	0.0215054
0.0952381	0.142857	0.142857	0.047619	0.238095	0.047619	0.238095	0.047619
0.0869565	0.101449	0.0869565	0.347826	0.0144928	0.0434783	0.304348	0.0144928
0.031941	0.0909091	0.036855	0.0687961	0.636364	0.012285	0.120393	0.002457
0.00510204	0.0612245	0.0306122	0.00510204	0.00510204	0.0306122	0.00510204	0.857143
0.0277778	0.0833333	0.0833333	0.416667	0.0555556	0.0277778	0.277778	0.0277778
0.116564	0.0245399	0.460123	0.104294	0.134969	0.0245399	0.122699	0.0122699
0.027027	0.108108	0.027027	0.378378	0.27027	0.135135	0.027027	0.027027
0.0201613	0.00403226	0.00403226	0.0322581	0.0967742	0.810484	0.0241935	0.00806452
0.0384615	0.0384615	0.0192308	0.192308	0.0961538	0.480769	0.0192308	0.115385
0.69697	0.030303	0.030303	0.0606061	0.0606061	0.0606061	0.030303	0.030303
0.141129	0.00403226	0.0806452	0.322581	0.0241935	0.399194	0.0201613	0.00806452
0.72043	0.0107527	0.0430108	0.107527	0.0215054	0.0107527	0.0215054	0.0645161
0.0740741	0.185185	0.037037	0.037037	0.037037	0.555556	0.037037	0.037037
0.116279	0.27907	0.116279	0.0232558	0.0930233	0.27907	0.0465116	0.0465116
0.0131579	0.0921053	0.0394737	0.315789	0.342105	0.0789474	0.105263	0.0131579
0.084507	0.408451	0.028169	0.112676	0.295775	0.0422535	0.0140845	0.0140845
0.142857	0.0714286	0.0357143	0.0357143	0.214286	0.285714	0.107143	0.107143
0.0666667	0.0666667	0.0222222	0.355556	0.0888889	0.0666667	0.311111	0.0222222
0.103448	0.0344828	0.0344828	0.517241	0.0344828	0.137931	0.0689655	0.0689655
0.0784314	0.137255	0.0392157	0.529412	0.117647	0.0392157	0.0392157	0.0196078
0.244444	0.155556	0.0666667	0.2	0.0222222	0.0444444	0.2	0.0666667
0.0392157	0.0588235	0.0294118	0.245098	0.0392157	0.00980392	0.568627	0.00980392
0.266667	0.0222222	0.2	0.2	0.2	0.0444444	0.0222222	0.0444444
0.0277778	0.0277778	0.0277778	0.194444	0.194444	0.111111	0.222222	0.194444
0.479167	0.0208333	0.0833333	0.0833333	0.166667	0.104167	0.0416667	0.0208333
0.540541	0.0540541	0.0540541	0.0540541	0.108108	0.0540541	0.108108	0.027027
0.08	0.04	0.0133333	0.253333	0.2	0.0266667	0.08	0.306667
0.0408163	0.0408163	0.0204082	0.0816327	0.387755	0.0204082	0.0408163	0.367347
0.413793	0.0344828	0.137931	0.137931	0.103448	0.0344828	0.0689655	0.0689655
0.176471	0.117647	0.0588235	0.176471	0.176471	0.117647	0.117647	0.0588235
0.0454545	0.0454545	0.0454545	0.136364	0.0454545	0.5	0.136364	0.0454545
0.115385	0.0769231	0.0384615	0.115385	0.230769	0.269231	0.115385	0.0384615
0.0185185	0.419753	0.0802469	0.185185	0.253086	0.0246914	0.0123457	0.00617284
0.0178571	0.0178571	0.0178571	0.107143	0.0178571	0.75	0.0178571	0.0535714
0.0166667	0.0166667	0.05	0.216667	0.116667	0.45	0.0666667	0.0666667
0.333333	0.0416667	0.166667	0.0833333	0.166667	0.125	0.0416667	0.0416667
0.0151515	0.166667	0.0151515	0.363636	0.19697	0.0151515	0.121212	0.106061
0.217391	0.26087	0.0434783	0.0434783	0.130435	0.130435	0.130435	0.0434783
0.0588235	0.0588235	0.0588235	0.470588	0.0588235	0.117647	0.0588235	0.117647
0.0212766	0.0212766	0.0212766	0.255319	0.0638298	0.361702	0.0425532	0.212766
0.119403	0.0597015	0.0746269	0.19403	0.164179	0.0447761	0.328358	0.0149254
0.0810811	0.027027	0.162162	0.162162	0.027027	0.378378	0.027027	0.135135
0.0833333	0.166667	0.166667	0.166667	0.166667	0.0833333	0.0833333	0.0833333
0.125	0.125	0.125	0.125	0.125	0.125	0.125	0.125
0.0588235	0.0588235	0.0588235	0.117647	0.176471	0.294118	0.117647	0.117647
0.125	0.125	0.125	0.125	0.125	0.125	0.125	0.125
0.454545	0.0454545	0.0454545	0.181818	0.113636	0.0909091	0.0454545	0.0227273
0.288889	0.0444444	0.133333	0.0888889	0.0222222	0.266667	0.111111	0.0444444
0.178571	0.0714286	0.0357143	0.142857	0.142857	0.25	0.142857	0.0357143
0.0297872	0.13617	0.00425532	0.12766	0.655319	0.0297872	0.00851064	0.00851064
0.0625	0.0625	0.03125	0.3125	0.0625	0.4375	0.015625	0.015625
0.0232558	0.0232558	0.0930233	0.209302	0.27907	0.0232558	0.325581	0.0232558
0.520833	0.0208333	0.0208333	0.125	0.0416667	0.145833	0.0416667	0.0833333
0.010101	0.747475	0.020202	0.10101	0.030303	0.0606061	0.020202	0.010101
0.136364	0.0454545	0.0454545	0.272727	0.0454545	0.272727	0.136364	0.0454545
0.00763359	0.503817	0.0305344	0.137405	0.236641	0.0152672	0.0534351	0.0152672
0.2	0.0666667	0.0666667	0.133333	0.133333	0.133333	0.133333	0.133333
0.15	0.05	0.1	0.2	0.05	0.25	0.1	0.1
0.0625	0.0625	0.125	0.25	0.1875	0.0625	0.125	0.125
0.0166667	0.0133333	0.02	0.126667	0.193333	0.59	0.0366667	0.00333333
0.671233	0.0100105	0.0632244	0.0985248	0.0437302	0.040569	0.0648051	0.00790306
0.1875	0.125	0.125	0.0625	0.0625	0.3125	0.0625	0.0625
0.0247934	0.0413223	0.00826446	0.31405	0.561983	0.0165289	0.0247934	0.00826446
0.0185185	0.0555556	0.037037	0.333333	0.037037	0.388889	0.0740741	0.0555556
0.584245	0.00656455	0.0612691	0.115974	0.140044	0.00875274	0.0765864	0.00656455
0.0555556	0.111111	0.0555556	0.0555556	0.0555556	0.5	0.111111	0.0555556
0.00529466	0.132827	0.00506446	0.770258	0.0423573	0.00989871	0.0336096	0.000690608
0.258065	0.0322581	0.0322581	0.16129	0.0967742	0.258065	0.0967742	0.0645161
0.147059	0.0588235	0.147059	0.0882353	0.352941	0.0294118	0.0882353	0.0882353
0.037037	0.111111	0.0740741	0.111111	0.222222	0.222222	0.185185	0.037037
0.0235294	0.394118	0.00588235	0.282353	0.223529	0.00588235	0.0588235	0.00588235
0.440678	0.0338983	0.0169492	0.305085	0.0677966	0.101695	0.0169492	0.0169492
0.571429	0.0571429	0.0285714	0.0571429	0.0571429	0.114286	0.0857143	0.0285714
0.44	0.08	0.04	0.08	0.08	0.08	0.12	0.08
0.153846	0.0512821	0.25641	0.025641	0.0512821	0.0769231	0.179487	0.205128
0.0769231	0.0769231	0.0384615	0.423077	0.0384615	0.192308	0.0384615	0.115385
0.0136054	0.503401	0.0612245	0.00680272	0.285714	0.0136054	0.108844	0.00680272
0.0769231	0.0512821	0.025641	0.538462	0.0769231	0.0512821	0.0769231	0.102564
0.0217391	0.108696	0.0434783	0.5	0.108696	0.130435	0.0434783	0.0434783
0.0634921	0.010582	0.169312	0.555556	0.042328	0.10582	0.042328	0.010582
0.515625	0.03125	0.03125	0.15625	0.09375	0.078125	0.0625	0.03125
0.027027	0.0675676	0.0405405	0.162162	0.135135	0.527027	0.0135135	0.027027
0.103448	0.0689655	0.0344828	0.344828	0.103448	0.103448	0.206897	0.0344828
0.121739	0.115942	0.168116	0.0666667	0.0521739	0.0405797	0.411594	0.0231884
0.590909	0.00757576	0.0606061	0.212121	0.0378788	0.0378788	0.0454545	0.00757576
0.0164534	0.180987	0.00365631	0.583181	0.0749543	0.0457038	0.0932358	0.00182815
0.5	0.05	0.1	0.15	0.05	0.05	0.05	0.05
0.111111	0.017094	0.0940171	0.452991	0.0854701	0.213675	0.00854701	0.017094
0.0784314	0.0196078	0.117647	0.313725	0.0392157	0.313725	0.0196078	0.0980392
0.479167	0.0208333	0.0208333	0.1875	0.0208333	0.145833	0.0208333	0.104167
0.00884956	0.176991	0.0176991	0.221239	0.415929	0.106195	0.0265487	0.0265487
0.0714286	0.0153061	0.0306122	0.127551	0.0612245	0.637755	0.0510204	0.00510204
0.0263158	0.0789474	0.0263158	0.289474	0.263158	0.236842	0.0263158	0.0526316
0.101695	0.0338983	0.0169492	0.169492	0.118644	0.474576	0.0508475	0.0338983
0.0666667	0.133333	0.0666667	0.166667	0.166667	0.0333333	0.233333	0.133333
0.00487805	0.00487805	0.77561	0.0146341	0.00487805	0.0243902	0.15122	0.0195122
0.0204082	0.367347	0.0204082	0.367347	0.0816327	0.0612245	0.0612245	0.0204082
0.0833333	0.0833333	0.0833333	0.0833333	0.166667	0.25	0.166667	0.0833333
0.0896552	0.062069	0.00689655	0.317241	0.393103	0.0137931	0.110345	0.00689655
0.567568	0.0540541	0.027027	0.027027	0.243243	0.027027	0.027027	0.027027
0.125	0.125	0.125	0.125	0.125	0.125	0.125	0.125
0.454545	0.181818	0.136364	0.0454545	0.0454545	0.0454545	0.0454545	0.0454545
0.0833333	0.0833333	0.0833333	0.166667	0.25	0.0833333	0.0833333	0.166667
0.2	0.1	0.1	0.2	0.1	0.1	0.1	0.1
0.571429	0.0357143	0.0357143	0.0714286	0.142857	0.0714286	0.0357143	0.0357143
0.409091	0.0909091	0.0909091	0.0454545	0.136364	0.0454545	0.136364	0.0454545
0.0714286	0.0238095	0.142857	0.261905	0.214286	0.214286	0.0238095	0.047619
0.0123457	0.037037	0.0123457	0.444444	0.209877	0.0123457	0.246914	0.0246914
0.0813008	0.0487805	0.308943	0.162602	0.243902	0.0650407	0.0813008	0.00813008
0.00588235	0.497059	0.00588235	0.211765	0.241176	0.00588235	0.0294118	0.00294118
0.648649	0.027027	0.0540541	0.0810811	0.0540541	0.027027	0.0810811	0.027027
0.042735	0.00854701	0.00854701	0.470085	0.162393	0.273504	0.025641	0.00854701
0.0588235	0.0588235	0.0588235	0.411765	0.0588235	0.235294	0.0588235	0.0588235
0.5	0.0454545	0.0454545	0.0909091	0.0909091	0.0454545	0.0909091	0.0909091
0.0434783	0.0869565	0.0869565	0.434783	0.0434783	0.173913	0.0869565	0.0434783
0.1875	0.046875	0.109375	0.171875	0.0625	0.125	0.171875	0.125
0.15	0.2	0.1	0.05	0.35	0.05	0.05	0.05
0.01	0.48	0.04	0.28	0.13	0.01	0.04	0.01
0.0909091	0.181818	0.0909091	0.0909091	0.0909091	0.272727	0.0909091	0.0909091
0.05	0.15	0.05	0.15	0.3	0.05	0.2	0.05
0.0416667	0.0416667	0.291667	0.25	0.125	0.166667	0.0416667	0.0416667
0.176471	0.0588235	0.0588235	0.117647	0.0588235	0.352941	0.0588235	0.117647
0.0425532	0.106383	0.0638298	0.595745	0.0638298	0.0425532	0.0638298	0.0212766
0.358025	0.0987654	0.320988	0.0123457	0.123457	0.0123457	0.0617284	0.0123457
0.125	0.125	0.125	0.125	0.125	0.125	0.125	0.125
0.573034	0.0449438	0.0674157	0.157303	0.0898876	0.011236	0.0337079	0.0224719
0.0392857	0.00714286	0.0464286	0.360714	0.110714	0.0321429	0.389286	0.0142857
0.361111	0.0277778	0.0555556	0.222222	0.0555556	0.194444	0.0555556	0.0277778
0.0454545	0.0909091	0.0363636	0.163636	0.618182	0.00909091	0.0181818	0.0181818
0.12	0.04	0.08	0.04	0.24	0.04	0.24	0.2
0.0689655	0.0689655	0.0344828	0.172414	0.172414	0.0689655	0.310345	0.103448
0.0384615	0.487179	0.141026	0.025641	0.230769	0.0384615	0.025641	0.0128205
0.307692	0.0769231	0.0769231	0.0769231	0.0769231	0.0769231	0.230769	0.0769231
0.0108696	0.0108696	0.0217391	0.228261	0.663043	0.0108696	0.0434783	0.0108696
0.025641	0.128205	0.0512821	0.179487	0.025641	0.358974	0.128205	0.102564
0.0460526	0.381579	0.141447	0.121711	0.220395	0.00986842	0.0756579	0.00328947
0.0731707	0.0243902	0.121951	0.219512	0.341463	0.121951	0.0487805	0.0487805
0.0406852	0.563169	0.0107066	0.20985	0.139186	0.00214133	0.0321199	0.00214133
0.489362	0.0212766	0.0957447	0.297872	0.0319149	0.0319149	0.0106383	0.0212766
0.027027	0.0216216	0.0108108	0.210811	0.248649	0.0540541	0.259459	0.167568
0.0116279	0.581395	0.0116279	0.203488	0.0697674	0.0639535	0.0523256	0.00581395
0.0454545	0.136364	0.0454545	0.0454545	0.0909091	0.5	0.0454545	0.0909091
0.0833333	0.0833333	0.0833333	0.0833333	0.333333	0.0833333	0.166667	0.0833333
0.48913	0.152174	0.0217391	0.0869565	0.163043	0.0217391	0.0434783	0.0217391
0.122905	0.0223464	0.0391061	0.324022	0.139665	0.273743	0.0502793	0.027933
0.109541	0.0136926	0.66917	0.045053	0.0269435	0.055212	0.0764134	0.00397527
0.0103093	0.0824742	0.0515464	0.206186	0.237113	0.0412371	0.360825	0.0103093
0.0394737	0.0263158	0.0131579	0.0657895	0.605263	0.0131579	0.223684	0.0131579
0.125	0.0347222	0.333333	0.180556	0.208333	0.0763889	0.0208333	0.0208333
0.0909091	0.0909091	0.0909091	0.181818	0.0909091	0.0909091	0.272727	0.0909091
0.0606061	0.0909091	0.030303	0.363636	0.030303	0.333333	0.0606061	0.030303
0.0810811	0.189189	0.0810811	0.108108	0.0540541	0.297297	0.027027	0.162162
0.016129	0.145161	0.0322581	0.209677	0.0483871	0.016129	0.5	0.0322581
0.0114943	0.390805	0.0229885	0.258621	0.241379	0.0344828	0.0287356	0.0114943
0.590909	0.0454545	0.0454545	0.0909091	0.0454545	0.0454545	0.0454545	0.0909091
0.225989	0.0112994	0.169492	0.146893	0.0677966	0.175141	0.141243	0.0621469
0.0416667	0.166667	0.0416667	0.125	0.25	0.291667	0.0416667	0.0416667
0.0125	0.175	0.0625	0.3625	0.25	0.0875	0.0375	0.0125
0.047619	0.190476	0.047619	0.285714	0.142857	0.0952381	0.142857	0.047619
0.508772	0.0175439	0.0175439	0.22807	0.157895	0.0350877	0.0175439	0.0175439
0.0169492	0.20339	0.0169492	0.355932	0.305085	0.0677966	0.0169492	0.0169492
0.08	0.0133333	0.466667	0.146667	0.146667	0.08	0.04	0.0266667
0.0235294	0.105882	0.0588235	0.188235	0.588235	0.0117647	0.0117647	0.0117647
0.26	0.02	0.08	0.22	0.32	0.02	0.02	0.06
0.4	0.04	0.04	0.12	0.24	0.08	0.04	0.04
0.134615	0.0769231	0.0192308	0.153846	0.0769231	0.134615	0.365385	0.0384615
0.108696	0.0217391	0.108696	0.347826	0.326087	0.0217391	0.0217391	0.0434783
0.0408163	0.0204082	0.0204082	0.408163	0.0204082	0.0408163	0.408163	0.0408163
0.108108	0.0810811	0.486486	0.135135	0.027027	0.0540541	0.0540541	0.0540541
0.0181818	0.0181818	0.0181818	0.363636	0.236364	0.181818	0.0181818	0.145455
0.00665927	0.682575	0.0244173	0.197558	0.0432852	0.00554939	0.036626	0.00332963
0.00787402	0.0314961	0.00787402	0.291339	0.141732	0.102362	0.173228	0.244094
0.147727	0.0454545	0.25	0.204545	0.0340909	0.0909091	0.215909	0.0113636
0.446809	0.0212766	0.0425532	0.234043	0.106383	0.0425532	0.0425532	0.0638298
0.117647	0.0588235	0.0588235	0.176471	0.117647	0.352941	0.0588235	0.0588235
0.0714286	0.0714286	0.142857	0.214286	0.0714286	0.214286	0.142857	0.0714286
0.0282132	0.0282132	0.482759	0.225705	0.119122	0.031348	0.0721003	0.0125392
0.0368421	0.115789	0.0131579	0.471053	0.242105	0.0368421	0.0815789	0.00263158
0.0238095	0.392857	0.047619	0.119048	0.166667	0.130952	0.0714286	0.047619
0.107143	0.107143	0.0357143	0.214286	0.0357143	0.392857	0.0714286	0.0357143
0.025	0.45	0.025	0.25	0.05	0.125	0.025	0.05
0.0149254	0.171642	0.119403	0.231343	0.41791	0.00746269	0.0298507	0.00746269
0.32	0.06	0.18	0.02	0.22	0.04	0.08	0.08
0.717391	0.0217391	0.0217391	0.0869565	0.0434783	0.0652174	0.0217391	0.0217391
0.0545455	0.0363636	0.0909091	0.309091	0.2	0.127273	0.163636	0.0181818
0.488889	0.0444444	0.0222222	0.133333	0.0666667	0.0888889	0.133333	0.0222222
0.0810811	0.027027	0.324324	0.243243	0.0540541	0.135135	0.0810811	0.0540541
0.568182	0.0227273	0.0227273	0.181818	0.0227273	0.113636	0.0454545	0.0227273
0.0285714	0.142857	0.142857	0.285714	0.2	0.142857	0.0285714	0.0285714
0.117647	0.0294118	0.0588235	0.264706	0.147059	0.264706	0.0588235	0.0588235
0.12013	0.00324675	0.0357143	0.626623	0.025974	0.0324675	0.133117	0.0227273
0.0222222	0.0222222	0.155556	0.222222	0.133333	0.266667	0.0444444	0.133333
0.0208333	0.0416667	0.0208333	0.479167	0.208333	0.0208333	0.1875	0.0208333
0.142857	0.142857	0.0714286	0.142857	0.142857	0.0714286	0.142857	0.142857
0.0222222	0.2	0.0222222	0.355556	0.2	0.0666667	0.0666667	0.0666667
0.176471	0.0588235	0.235294	0.0588235	0.117647	0.0588235	0.235294	0.0588235
0.323529	0.0294118	0.0588235	0.176471	0.235294	0.0882353	0.0294118	0.0588235
0.05	0.2	0.00333333	0.35	0.16	0.0633333	0.13	0.0433333
0.28125	0.015625	0.015625	0.0625	0.109375	0.296875	0.109375	0.109375
0.0454545	0.113636	0.0681818	0.5	0.0227273	0.181818	0.0454545	0.0227273
0.711864	0.0169492	0.0677966	0.0508475	0.0169492	0.0508475	0.0169492	0.0677966
0.354839	0.00806452	0.0887097	0.0725806	0.0403226	0.145161	0.233871	0.0564516
0.241379	0.0344828	0.0344828	0.241379	0.137931	0.0689655	0.206897	0.0344828
0.27	0.04	0.09	0.02	0.05	0.35	0.08	0.1
0.0357143	0.0357143	0.0357143	0.428571	0.0714286	0.0714286	0.285714	0.0357143
0.368421	0.0350877	0.0175439	0.0175439	0.122807	0.245614	0.0877193	0.105263
0.107143	0.0714286	0.0357143	0.357143	0.0714286	0.178571	0.0357143	0.142857
0.483871	0.0322581	0.0645161	0.0645161	0.0322581	0.0322581	0.0322581	0.258065
0.0254777	0.044586	0.541401	0.121019	0.165605	0.0254777	0.0700637	0.00636943
0.2	0.0666667	0.266667	0.0666667	0.0666667	0.0666667	0.2	0.0666667
0.441558	0.012987	0.012987	0.0779221	0.038961	0.025974	0.025974	0.363636
0.462185	0.0168067	0.0168067	0.260504	0.151261	0.0756303	0.00840336	0.00840336
0.0416667	0.125	0.125	0.25	0.208333	0.0833333	0.0833333	0.0833333
0.0555556	0.0277778	0.0277778	0.555556	0.166667	0.0277778	0.111111	0.0277778
0.0428571	0.0857143	0.0857143	0.257143	0.0285714	0.4	0.0285714	0.0714286
0.433333	0.0333333	0.0333333	0.0666667	0.266667	0.0666667	0.0666667	0.0333333
0.0291262	0.0291262	0.00970874	0.0970874	0.0873786	0.718447	0.00970874	0.0194175
0.0925926	0.0185185	0.0555556	0.277778	0.111111	0.0740741	0.314815	0.0555556
0.790698	0.0232558	0.0465116	0.0232558	0.0232558	0.0465116	0.0232558	0.0232558
0.0384615	0.0769231	0.0769231	0.365385	0.134615	0.0192308	0.25	0.0384615
0.03125	0.0625	0.015625	0.109375	0.21875	0.0625	0.484375	0.015625
0.0613497	0.0122699	0.122699	0.202454	0.558282	0.00613497	0.0245399	0.0122699
0.571429	0.0357143	0.0357143	0.0714286	0.0357143	0.0714286	0.142857	0.0357143
0.580645	0.0645161	0.0967742	0.0322581	0.0322581	0.0967742	0.0645161	0.0322581
0.16	0.08	0.04	0.36	0.16	0.08	0.08	0.04
0.645161	0.0322581	0.0645161	0.0322581	0.0967742	0.0322581	0.0322581	0.0645161
0.0120846	0.0271903	0.0181269	0.163142	0.0664653	0.0362538	0.329305	0.347432
0.109589	0.0273973	0.0547945	0.273973	0.123288	0.219178	0.0958904	0.0958904
0.0333333	0.0333333	0.0333333	0.133333	0.133333	0.0333333	0.566667	0.0333333
0.130435	0.0869565	0.0434783	0.130435	0.347826	0.0434783	0.0434783	0.173913
0.075	0.00833333	0.0166667	0.616667	0.125	0.0166667	0.116667	0.025
0.037037	0.259259	0.0740741	0.0740741	0.222222	0.148148	0.0740741	0.111111
0.125	0.125	0.125	0.125	0.125	0.125	0.125	0.125
0.767857	0.0178571	0.0357143	0.0357143	0.0535714	0.0178571	0.0357143	0.0357143
0.0465116	0.0232558	0.0465116	0.186047	0.0930233	0.209302	0.372093	0.0232558
0.173913	0.0434783	0.173913	0.0869565	0.391304	0.0434783	0.0434783	0.0434783
0.125	0.125	0.125	0.125	0.125	0.125	0.125	0.125
0.176991	0.168142	0.0530973	0.132743	0.106195	0.345133	0.00884956	0.00884956
0.04	0.04	0.08	0.12	0.48	0.08	0.08	0.08
0.0645161	0.0967742	0.0806452	0.258065	0.0483871	0.241935	0.193548	0.016129
0.204545	0.0227273	0.0227273	0.204545	0.0681818	0.409091	0.0227273	0.0454545
0.60274	0.0136986	0.0684932	0.0684932	0.0273973	0.0684932	0.109589	0.0410959
0.15625	0.0625	0.03125	0.34375	0.28125	0.03125	0.0625	0.03125
0.459459	0.027027	0.0540541	0.0540541	0.0540541	0.0540541	0.243243	0.0540541
0.52	0.04	0.08	0.04	0.04	0.08	0.08	0.12
0.56383	0.0159574	0.0478723	0.228723	0.0478723	0.0106383	0.0531915	0.0319149
0.0416667	0.0833333	0.0416667	0.0416667	0.666667	0.0416667	0.0416667	0.0416667
0.130435	0.0434783	0.0217391	0.0652174	0.565217	0.0652174	0.0652174	0.0434783
0.0588235	0.102941	0.382353	0.220588	0.102941	0.0882353	0.0294118	0.0147059
0.166667	0.1875	0.1875	0.145833	0.0208333	0.229167	0.0416667	0.0208333
0.0909091	0.0909091	0.0909091	0.181818	0.272727	0.0909091	0.0909091	0.0909091
0.0322581	0.129032	0.0645161	0.16129	0.387097	0.0322581	0.129032	0.0645161
0.162162	0.0540541	0.297297	0.162162	0.027027	0.027027	0.216216	0.0540541
0.231884	0.0144928	0.057971	0.0869565	0.463768	0.0144928	0.115942	0.0144928
0.0714286	0.178571	0.0714286	0.0357143	0.0714286	0.25	0.107143	0.214286
0.04	0.04	0.08	0.4	0.04	0.12	0.16	0.12
0.0454545	0.0454545	0.0454545	0.272727	0.318182	0.0454545	0.181818	0.0454545
0.133333	0.0444444	0.266667	0.111111	0.133333	0.0888889	0.2	0.0222222
0.121212	0.0606061	0.0909091	0.212121	0.393939	0.030303	0.030303	0.0606061
0.2	0.133333	0.0666667	0.133333	0.0666667	0.2	0.0666667	0.133333
0.44	0.04	0.08	0.2	0.08	0.04	0.08	0.04
0.545455	0.030303	0.030303	0.181818	0.0909091	0.0909091	0.0151515	0.0151515
0.470588	0.0294118	0.0147059	0.367647	0.0735294	0.0147059	0.0147059	0.0147059
0.0438596	0.105263	0.0350877	0.315789	0.210526	0.245614	0.0350877	0.00877193
0.122449	0.0204082	0.163265	0.102041	0.122449	0.204082	0.22449	0.0408163
0.015625	0.25	0.03125	0.0625	0.359375	0.078125	0.1875	0.015625
0.152542	0.0169492	0.0169492	0.127119	0.186441	0.305085	0.186441	0.00847458
0.0108992	0.566757	0.027248	0.0817439	0.237057	0.027248	0.0435967	0.00544959
0.6	0.1	0.05	0.05	0.05	0.05	0.05	0.05
0.047619	0.0952381	0.047619	0.238095	0.190476	0.0952381	0.238095	0.047619
0.0666667	0.0666667	0.0666667	0.133333	0.333333	0.2	0.0666667	0.0666667
0.534884	0.0232558	0.116279	0.116279	0.0232558	0.0697674	0.0232558	0.0930233
0.375	0.0416667	0.0416667	0.166667	0.0833333	0.166667	0.0833333	0.0416667
0.405405	0.108108	0.0810811	0.0540541	0.0810811	0.162162	0.0540541	0.0540541
0.142857	0.0714286	0.0714286	0.333333	0.0952381	0.0714286	0.0952381	0.119048
0.03125	0.15625	0.0625	0.34375	0.28125	0.03125	0.0625	0.03125
0.0135135	0.0810811	0.0337838	0.114865	0.675676	0.0675676	0.00675676	0.00675676
0.0107527	0.0860215	0.0107527	0.268817	0.526882	0.0322581	0.0322581	0.0322581
0.0769231	0.0769231	0.0769231	0.307692	0.0769231	0.0769231	0.0769231	0.230769
0.139535	0.0465116	0.0465116	0.418605	0.209302	0.0465116	0.0697674	0.0232558
0.540541	0.027027	0.0540541	0.135135	0.0540541	0.027027	0.108108	0.0540541
0.0163934	0.0655738	0.0163934	0.131148	0.590164	0.0655738	0.0983607	0.0163934
0.45	0.04	0.06	0.07	0.03	0.17	0.05	0.13
0.486486	0.027027	0.0810811	0.108108	0.108108	0.0810811	0.0810811	0.027027
0.0443686	0.0102389	0.0170648	0.0887372	0.556314	0.0170648	0.262799	0.00341297
0.70339	0.0254237	0.0423729	0.0423729	0.059322	0.0423729	0.0677966	0.0169492
0.454545	0.121212	0.0606061	0.151515	0.030303	0.0909091	0.0606061	0.030303
0.0263158	0.328947	0.0526316	0.289474	0.157895	0.0657895	0.0394737	0.0394737
0.5	0.0714286	0.0535714	0.0357143	0.142857	0.107143	0.0178571	0.0714286
0.685714	0.0285714	0.0285714	0.0857143	0.0571429	0.0285714	0.0571429	0.0285714
0.6	0.0333333	0.0666667	0.0333333	0.0333333	0.1	0.0666667	0.0666667
0.0185185	0.0185185	0.444444	0.203704	0.0925926	0.0185185	0.0925926	0.111111
0.784314	0.0196078	0.0392157	0.0196078	0.0392157	0.0196078	0.0392157	0.0392157
0.272727	0.0454545	0.0909091	0.0909091	0.227273	0.0454545	0.181818	0.0454545
0.707317	0.0243902	0.0243902	0.097561	0.0487805	0.0487805	0.0243902	0.0243902
0.15625	0.0729167	0.270833	0.291667	0.0520833	0.0520833	0.09375	0.0104167
0.2	0.109091	0.0363636	0.309091	0.109091	0.127273	0.0727273	0.0363636
0.409836	0.0163934	0.0983607	0.0819672	0.196721	0.0327869	0.147541	0.0163934
0.314286	0.0857143	0.0285714	0.171429	0.314286	0.0285714	0.0285714	0.0285714
0.125	0.125	0.125	0.125	0.125	0.125	0.125	0.125
0.010989	0.010989	0.010989	0.153846	0.021978	0.736264	0.021978	0.032967
0.26087	0.0434783	0.0434783	0.217391	0.0869565	0.217391	0.0434783	0.0869565
0.288462	0.0384615	0.0384615	0.0384615	0.0192308	0.326923	0.153846	0.0961538
0.0227273	0.227273	0.0681818	0.454545	0.159091	0.0227273	0.0227273	0.0227273
0.633803	0.056338	0.0140845	0.056338	0.056338	0.126761	0.028169	0.028169
0.034965	0.0839161	0.0699301	0.468531	0.195804	0.020979	0.0979021	0.027972
0.00444444	0.568889	0.0533333	0.0755556	0.128889	0.0488889	0.111111	0.00888889
0.124294	0.0112994	0.039548	0.00564972	0.615819	0.152542	0.00564972	0.0451977
0.388889	0.0277778	0.208333	0.0833333	0.0416667	0.0416667	0.111111	0.0972222
0.461538	0.0384615	0.115385	0.0384615	0.0384615	0.0769231	0.0384615	0.192308
0.0833333	0.25	0.0833333	0.0833333	0.0833333	0.25	0.0833333	0.0833333
0.380952	0.0238095	0.119048	0.119048	0.047619	0.0952381	0.142857	0.0714286
0.357143	0.0535714	0.0535714	0.0714286	0.0892857	0.0357143	0.285714	0.0535714
0.152778	0.0138889	0.0833333	0.416667	0.180556	0.0138889	0.111111	0.0277778
0.128205	0.025641	0.461538	0.205128	0.102564	0.025641	0.025641	0.025641
0.433333	0.0666667	0.133333	0.1	0.166667	0.0333333	0.0333333	0.0333333
0.675	0.05	0.025	0.025	0.075	0.05	0.05	0.05
0.0285714	0.2	0.0571429	0.171429	0.285714	0.0857143	0.114286	0.0571429
0.431034	0.0689655	0.0344828	0.0689655	0.206897	0.0344828	0.0344828	0.12069
0.758621	0.0172414	0.0344828	0.0862069	0.0172414	0.0172414	0.0517241	0.0172414
0.15625	0.0625	0.125	0.09375	0.125	0.21875	0.1875	0.03125
0.555556	0.0740741	0.037037	0.0740741	0.037037	0.111111	0.0740741	0.037037
0.276596	0.0212766	0.0851064	0.361702	0.0851064	0.0851064	0.0638298	0.0212766
0.111111	0.0175439	0.105263	0.128655	0.105263	0.0818713	0.0701754	0.380117
0.0597015	0.0895522	0.0149254	0.537313	0.164179	0.0298507	0.0895522	0.0149254
0.0909091	0.0909091	0.030303	0.151515	0.363636	0.0606061	0.0909091	0.121212
0.553571	0.0178571	0.0714286	0.0714286	0.107143	0.0357143	0.125	0.0178571
0.0333333	0.0333333	0.166667	0.333333	0.0333333	0.266667	0.0333333	0.1
0.105263	0.0526316	0.0526316	0.105263	0.421053	0.105263	0.0526316	0.105263
0.0235294	0.0470588	0.0235294	0.411765	0.0705882	0.329412	0.0352941	0.0588235
0.0392157	0.0470588	0.027451	0.156863	0.603922	0.0745098	0.0470588	0.00392157
0.0588235	0.0588235	0.0588235	0.117647	0.176471	0.294118	0.176471	0.0588235
0.0283688	0.255319	0.0070922	0.0638298	0.148936	0.0496454	0.0638298	0.382979
0.324324	0.027027	0.0540541	0.0540541	0.108108	0.324324	0.0540541	0.0540541
0.195402	0.0344828	0.0114943	0.425287	0.241379	0.0229885	0.045977	0.0229885
0.444444	0.0555556	0.0555556	0.111111	0.166667	0.0555556	0.0555556	0.0555556
0.12	0.24	0.08	0.12	0.28	0.04	0.08	0.04
0.0294118	0.0882353	0.0441176	0.25	0.367647	0.117647	0.0735294	0.0294118
0.0634921	0.031746	0.015873	0.174603	0.126984	0.460317	0.0952381	0.031746
0.125	0.125	0.125	0.125	0.125	0.125	0.125	0.125
0.395349	0.0232558	0.0930233	0.209302	0.0465116	0.139535	0.0697674	0.0232558
0.0163934	0.377049	0.0163934	0.213115	0.131148	0.0819672	0.114754	0.0491803
0.025	0.1	0.025	0.125	0.625	0.025	0.05	0.025
0.0454545	0.0454545	0.0454545	0.409091	0.0454545	0.136364	0.227273	0.0454545
0.03125	0.0546875	0.03125	0.15625	0.671875	0.0286458	0.015625	0.0104167
0.0416667	0.0833333	0.125	0.375	0.25	0.0416667	0.0416667	0.0416667
0.568966	0.0344828	0.0517241	0.0172414	0.155172	0.0517241	0.0517241	0.0689655
0.0833333	0.0833333	0.0277778	0.611111	0.0277778	0.0833333	0.0555556	0.0277778
0.333333	0.0555556	0.0555556	0.0555556	0.111111	0.277778	0.0555556	0.0555556
0.0196078	0.0392157	0.0980392	0.352941	0.176471	0.117647	0.0784314	0.117647
0.116279	0.116279	0.395349	0.116279	0.0697674	0.0930233	0.0697674	0.0232558
0.02	0.1	0.06	0.28	0.14	0.26	0.08	0.06
0.0769231	0.0384615	0.0192308	0.519231	0.230769	0.0384615	0.0576923	0.0192308
0.0826873	0.0129199	0.103359	0.183463	0.0568475	0.509044	0.0387597	0.0129199
0.0263158	0.0263158	0.0526316	0.0526316	0.157895	0.473684	0.131579	0.0789474
0.0123457	0.563786	0.0288066	0.139918	0.0658436	0.0246914	0.0246914	0.139918
0.185185	0.037037	0.111111	0.185185	0.0740741	0.259259	0.0740741	0.0740741
0.237143	0.0571429	0.06	0.0914286	0.0628571	0.0542857	0.0285714	0.408571
0.52	0.04	0.16	0.08	0.04	0.04	0.08	0.04
0.0185261	0.0782215	0.0391107	0.0732812	0.0568135	0.0144092	0.719226	0.000411692
0.056338	0.0422535	0.0985915	0.028169	0.112676	0.028169	0.183099	0.450704
0.0449438	0.011236	0.11236	0.370787	0.011236	0.404494	0.0224719	0.0224719
0.04	0.04	0.04	0.16	0.08	0.32	0.24	0.08
0.015625	0.09375	0.03125	0.28125	0.046875	0.421875	0.09375	0.015625
0.0236794	0.0582878	0.0218579	0.134791	0.684882	0.0182149	0.0491803	0.00910747
0.65625	0.03125	0.09375	0.03125	0.03125	0.09375	0.03125	0.03125
0.0625	0.25	0.09375	0.15625	0.34375	0.03125	0.03125	0.03125
0.0697674	0.186047	0.0232558	0.0930233	0.488372	0.0697674	0.0232558	0.0465116
0.652174	0.0434783	0.0434783	0.108696	0.0434783	0.0217391	0.0652174	0.0217391
0.037037	0.0493827	0.0123457	0.259259	0.160494	0.45679	0.0123457	0.0123457
0.0178571	0.0178571	0.0178571	0.196429	0.160714	0.464286	0.107143	0.0178571
0.0596206	0.514905	0.00271003	0.238482	0.0785908	0.0216802	0.0623306	0.0216802
0.0434783	0.0434783	0.130435	0.0434783	0.173913	0.478261	0.0434783	0.0434783
0.153846	0.153846	0.0769231	0.0769231	0.230769	0.0769231	0.153846	0.0769231
0.00735294	0.0220588	0.00735294	0.102941	0.794118	0.0147059	0.0147059	0.0367647
0.0344828	0.0689655	0.0344828	0.206897	0.37931	0.103448	0.103448	0.0689655
0.0909091	0.0909091	0.0909091	0.0909091	0.272727	0.181818	0.0909091	0.0909091
0.0810811	0.00900901	0.00900901	0.324324	0.144144	0.387387	0.036036	0.00900901
0.027027	0.324324	0.162162	0.216216	0.135135	0.0540541	0.027027	0.0540541
0.105263	0.0263158	0.394737	0.157895	0.105263	0.0526316	0.0789474	0.0789474
0.348837	0.0232558	0.0465116	0.325581	0.0465116	0.0465116	0.116279	0.0465116
0.0888889	0.0222222	0.0222222	0.244444	0.133333	0.422222	0.0222222	0.0444444
0.153846	0.0769231	0.0769231	0.0769231	0.307692	0.153846	0.0769231	0.0769231
0.421053	0.0526316	0.0526316	0.0526316	0.0526316	0.105263	0.210526	0.0526316
0.241379	0.0344828	0.0344828	0.310345	0.137931	0.0689655	0.103448	0.0689655
0.156863	0.0980392	0.0392157	0.382353	0.117647	0.0686275	0.117647	0.0196078
0.0784314	0.156863	0.0784314	0.313725	0.137255	0.0196078	0.196078	0.0196078
0.205128	0.0641026	0.346154	0.166667	0.115385	0.0769231	0.0128205	0.0128205
0.0555556	0.114379	0.5	0.0457516	0.0620915	0.0228758	0.196078	0.00326797
0.717391	0.0217391	0.0652174	0.0652174	0.0217391	0.0217391	0.0217391	0.0652174
0.0222222	0.144444	0.0222222	0.155556	0.533333	0.0222222	0.0555556	0.0444444
0.125	0.05	0.025	0.1	0.075	0.525	0.075	0.025
0.0307692	0.0615385	0.3	0.353846	0.130769	0.0230769	0.0615385	0.0384615
0.0190476	0.00952381	0.00952381	0.0952381	0.790476	0.0380952	0.0285714	0.00952381
0.0454545	0.136364	0.0454545	0.272727	0.0454545	0.363636	0.0454545	0.0454545
0.04	0.08	0.02	0.42	0.32	0.06	0.04	0.02
0.587302	0.015873	0.047619	0.0952381	0.142857	0.031746	0.0634921	0.015873
0.719626	0.00934579	0.0373832	0.0934579	0.0934579	0.0186916	0.00934579	0.0186916
0.06	0.02	0.02	0.48	0.12	0.14	0.04	0.12
0.647059	0.0196078	0.0392157	0.137255	0.0392157	0.0196078	0.0196078	0.0784314
0.635514	0.0186916	0.0046729	0.0186916	0.11215	0.182243	0.0186916	0.00934579
0.8	0.0166667	0.0166667	0.0166667	0.05	0.0333333	0.0166667	0.05
0.0238095	0.0238095	0.047619	0.214286	0.380952	0.0714286	0.214286	0.0238095
0.0588235	0.0588235	0.176471	0.235294	0.294118	0.0196078	0.137255	0.0196078
0.0121951	0.0121951	0.0121951	0.121951	0.0731707	0.670732	0.0853659	0.0121951
0.0625	0.125	0.0625	0.125	0.125	0.125	0.25	0.125
0.117647	0.0588235	0.117647	0.0588235	0.0588235	0.117647	0.352941	0.117647
0.25	0.0833333	0.0833333	0.0833333	0.166667	0.166667	0.0833333	0.0833333
0.0857143	0.314286	0.0857143	0.2	0.171429	0.0285714	0.0571429	0.0571429
0.0384615	0.346154	0.0384615	0.192308	0.153846	0.0384615	0.0769231	0.115385
0.047619	0.047619	0.047619	0.238095	0.047619	0.428571	0.0952381	0.047619
0.0571429	0.0142857	0.128571	0.214286	0.228571	0.0142857	0.314286	0.0285714
0.0731707	0.219512	0.0243902	0.292683	0.097561	0.121951	0.146341	0.0243902
0.402985	0.0298507	0.119403	0.0895522	0.0597015	0.238806	0.0447761	0.0149254
0.0344828	0.137931	0.413793	0.103448	0.0689655	0.137931	0.0689655	0.0344828
0.185185	0.111111	0.148148	0.0740741	0.222222	0.0740741	0.111111	0.0740741
0.351852	0.0185185	0.259259	0.185185	0.0555556	0.0185185	0.0925926	0.0185185
0.0769231	0.169231	0.0923077	0.369231	0.153846	0.0461538	0.0769231	0.0153846
0.533333	0.0133333	0.04	0.306667	0.0266667	0.0133333	0.04	0.0266667
0.134884	0.0209302	0.651163	0.0325581	0.00930233	0.0209302	0.116279	0.0139535
0.404762	0.0238095	0.0952381	0.190476	0.0714286	0.0714286	0.047619	0.0952381
0.0508475	0.0508475	0.0677966	0.423729	0.169492	0.0677966	0.152542	0.0169492
0.0337079	0.0224719	0.370787	0.213483	0.179775	0.0337079	0.134831	0.011236
0.0487805	0.146341	0.0487805	0.0243902	0.414634	0.0243902	0.268293	0.0243902
0.525	0.0375	0.0625	0.175	0.05	0.075	0.05	0.025
0.13986	0.0559441	0.034965	0.195804	0.0769231	0.188811	0.034965	0.272727
0.0344828	0.206897	0.0689655	0.103448	0.413793	0.0344828	0.0689655	0.0689655
0.0434783	0.0186335	0.0186335	0.0993789	0.0310559	0.757764	0.0248447	0.00621118
0.0263158	0.0526316	0.0263158	0.368421	0.263158	0.0263158	0.184211	0.0526316
0.317073	0.0487805	0.0243902	0.292683	0.195122	0.0487805	0.0243902	0.0487805
0.838926	0.00671141	0.0604027	0.0134228	0.0201342	0.0134228	0.033557	0.0134228
0.0454545	0.0454545	0.0454545	0.181818	0.0909091	0.454545	0.0909091	0.0454545
0.107143	0.107143	0.0357143	0.178571	0.0357143	0.0357143	0.321429	0.178571
0.571429	0.0357143	0.0357143	0.0357143	0.0357143	0.0714286	0.178571	0.0357143
0.015873	0.0952381	0.365079	0.301587	0.0634921	0.126984	0.015873	0.015873
0.12963	0.111111	0.0185185	0.222222	0.407407	0.0555556	0.037037	0.0185185
0.0909091	0.0909091	0.318182	0.318182	0.0454545	0.0454545	0.0454545	0.0454545
0.027027	0.027027	0.027027	0.0540541	0.243243	0.0810811	0.513514	0.027027
0.0666667	0.0666667	0.0666667	0.133333	0.333333	0.133333	0.0666667	0.133333
0.0714286	0.107143	0.0357143	0.0357143	0.357143	0.25	0.0714286	0.0714286
0.0384615	0.115385	0.0384615	0.0769231	0.115385	0.115385	0.423077	0.0769231
0.166667	0.0416667	0.0833333	0.166667	0.0833333	0.333333	0.0833333	0.0416667
0.05	0.05	0.0125	0.075	0.1125	0.6375	0.025	0.0375
0.05	0.1	0.025	0.375	0.25	0.125	0.025	0.05
0.339623	0.0188679	0.245283	0.169811	0.0377358	0.0188679	0.132075	0.0377358
0.0769231	0.0769231	0.102564	0.316239	0.111111	0.136752	0.042735	0.136752
0.0330579	0.0495868	0.0578512	0.264463	0.0826446	0.0165289	0.471074	0.0247934
0.266667	0.0666667	0.0666667	0.133333	0.133333	0.2	0.0666667	0.0666667
0.176471	0.0147059	0.0441176	0.205882	0.0882353	0.294118	0.161765	0.0147059
0.06	0.2	0.08	0.16	0.1	0.1	0.14	0.16
0.0285714	0.0285714	0.285714	0.0857143	0.314286	0.2	0.0285714	0.0285714
0.0684932	0.0958904	0.0410959	0.123288	0.246575	0.0410959	0.356164	0.0273973
0.1	0.0666667	0.0333333	0.266667	0.1	0.0333333	0.366667	0.0333333
0.0487805	0.0121951	0.121951	0.390244	0.146341	0.195122	0.0243902	0.0609756
0.0375	0.025	0.025	0.6375	0.0375	0.0375	0.05	0.15
0.00947867	0.0236967	0.763033	0.0189573	0.00947867	0.0189573	0.146919	0.00947867
0.00990099	0.039604	0.00990099	0.118812	0.0792079	0.712871	0.019802	0.00990099
0.0952381	0.047619	0.428571	0.238095	0.047619	0.047619	0.047619	0.047619
0.583333	0.0833333	0.0416667	0.0416667	0.0833333	0.0416667	0.0833333	0.0416667
0.47619	0.047619	0.047619	0.190476	0.047619	0.0952381	0.047619	0.047619
0.047619	0.0952381	0.047619	0.047619	0.52381	0.047619	0.047619	0.142857
0.0769231	0.115385	0.0384615	0.153846	0.115385	0.230769	0.230769	0.0384615
0.344828	0.0344828	0.206897	0.0689655	0.206897	0.0689655	0.0344828	0.0344828
0.162162	0.027027	0.027027	0.351351	0.189189	0.135135	0.0540541	0.0540541
0.0133333	0.293333	0.04	0.173333	0.293333	0.0266667	0.146667	0.0133333
0.526316	0.0263158	0.00877193	0.219298	0.0350877	0.140351	0.00877193	0.0350877
0.0833333	0.0416667	0.0625	0.0833333	0.25	0.333333	0.104167	0.0416667
0.0526316	0.105263	0.122807	0.298246	0.0877193	0.0701754	0.0175439	0.245614
0.111111	0.111111	0.222222	0.111111	0.111111	0.111111	0.111111	0.111111
0.271186	0.0508475	0.0169492	0.186441	0.152542	0.0338983	0.254237	0.0338983
0.145455	0.0545455	0.0181818	0.2	0.163636	0.290909	0.109091	0.0181818
0.147059	0.117647	0.176471	0.176471	0.117647	0.176471	0.0294118	0.0588235
0.266667	0.0666667	0.2	0.133333	0.0666667	0.133333	0.0666667	0.0666667
0.782609	0.0217391	0.0652174	0.0217391	0.0217391	0.0434783	0.0217391	0.0217391
0.0434783	0.0434783	0.0869565	0.434783	0.0434783	0.0434783	0.217391	0.0869565
0.0278481	0.078481	0.00506329	0.227848	0.582278	0.00759494	0.0683544	0.00253165
0.0526316	0.0526316	0.105263	0.368421	0.0526316	0.210526	0.0526316	0.105263
0.0714286	0.0714286	0.0714286	0.142857	0.0714286	0.428571	0.0714286	0.0714286
0.305556	0.0277778	0.0277778	0.361111	0.111111	0.0833333	0.0277778	0.0555556
0.0952381	0.047619	0.047619	0.238095	0.285714	0.0952381	0.047619	0.142857
0.005	0.08	0.04	0.28	0.545	0.005	0.04	0.005
0.0552147	0.0981595	0.435583	0.159509	0.0920245	0.0920245	0.0490798	0.0184049
0.0277778	0.0277778	0.0833333	0.0277778	0.138889	0.444444	0.194444	0.0555556
0.0629371	0.125874	0.111888	0.384615	0.111888	0.160839	0.027972	0.013986
0.0135135	0.837838	0.0135135	0.0405405	0.027027	0.0135135	0.0405405	0.0135135
0.2	0.1	0.1	0.1	0.1	0.1	0.1	0.2
0.0103093	0.701031	0.0103093	0.195876	0.0309278	0.0309278	0.0103093	0.0103093
0.442786	0.0447761	0.0199005	0.0497512	0.199005	0.199005	0.039801	0.00497512
0.105263	0.0263158	0.0789474	0.0526316	0.0789474	0.236842	0.394737	0.0263158
0.108434	0.0240964	0.0361446	0.108434	0.192771	0.457831	0.060241	0.0120482
0.125	0.125	0.125	0.125	0.125	0.125	0.125	0.125
0.142857	0.0357143	0.107143	0.285714	0.178571	0.107143	0.107143	0.0357143
0.0133333	0.0266667	0.0133333	0.8	0.08	0.04	0.0133333	0.0133333
0.0638298	0.0496454	0.0141844	0.234043	0.35461	0.035461	0.234043	0.0141844
0.04	0.04	0.12	0.36	0.04	0.16	0.2	0.04
0.181818	0.0454545	0.0454545	0.0909091	0.0909091	0.454545	0.0454545	0.0454545
0.0555556	0.222222	0.152778	0.25	0.152778	0.0277778	0.125	0.0138889
0.0952381	0.047619	0.142857	0.333333	0.047619	0.238095	0.047619	0.047619
0.103448	0.0344828	0.137931	0.241379	0.103448	0.137931	0.103448	0.137931
0.0740741	0.0740741	0.0740741	0.185185	0.37037	0.0740741	0.111111	0.037037
0.0740741	0.0123457	0.209877	0.185185	0.296296	0.0740741	0.135802	0.0123457
0.0416667	0.0208333	0.0416667	0.3125	0.270833	0.0625	0.104167	0.145833
0.0322581	0.16129	0.0322581	0.225806	0.225806	0.0645161	0.0967742	0.16129
0.283333	0.0333333	0.05	0.15	0.283333	0.05	0.133333	0.0166667
0.185185	0.388889	0.0185185	0.166667	0.185185	0.0185185	0.0185185	0.0185185
0.432432	0.027027	0.0810811	0.189189	0.108108	0.108108	0.027027	0.027027
0.473684	0.0526316	0.0526316	0.0526316	0.105263	0.157895	0.0526316	0.0526316
0.05	0.25	0.15	0.2	0.2	0.05	0.05	0.05
0.103448	0.0344828	0.0689655	0.0344828	0.586207	0.103448	0.0344828	0.0344828
0.142857	0.047619	0.047619	0.0952381	0.0952381	0.428571	0.047619	0.0952381
0.125	0.125	0.125	0.125	0.125	0.125	0.125	0.125
0.583333	0.0555556	0.0555556	0.0833333	0.0555556	0.0277778	0.0277778	0.111111
0.0694444	0.125	0.0416667	0.222222	0.194444	0.152778	0.180556	0.0138889
