0.116279	0.116279	0.372093	0.0465116	0.209302	0.139535
0.192308	0.0769231	0.346154	0.0769231	0.269231	0.0384615
0.124555	0.117438	0.0569395	0.0391459	0.505338	0.156584
0.48	0.04	0.28	0.08	0.08	0.04
0.064	0.488	0.008	0.04	0.136	0.264
0.157895	0.263158	0.105263	0.0526316	0.210526	0.210526
0.0769231	0.0769231	0.653846	0.0769231	0.0769231	0.0384615
0.166667	0.166667	0.166667	0.166667	0.166667	0.166667
0.0178571	0.214286	0.535714	0.0357143	0.160714	0.0357143
0.016129	0.548387	0.112903	0.0322581	0.177419	0.112903
0.04	0.14	0.5	0.04	0.2	0.08
0.242424	0.121212	0.030303	0.0606061	0.242424	0.30303
0.043956	0.208791	0.516484	0.0549451	0.153846	0.021978
0.031746	0.222222	0.142857	0.015873	0.492063	0.0952381
0.225806	0.394265	0.0179211	0.0430108	0.25448	0.0645161
0.119718	0.15493	0.683099	0.028169	0.00704225	0.00704225
0.0952381	0.047619	0.571429	0.142857	0.0952381	0.047619
0.0204082	0.163265	0.591837	0.0612245	0.142857	0.0204082
0.0227273	0.0909091	0.0681818	0.0227273	0.727273	0.0681818
0.0704225	0.295775	0.492958	0.0422535	0.0140845	0.084507
0.0166667	0.25	0.0166667	0.0333333	0.3	0.383333
0.510638	0.276596	0.0425532	0.0425532	0.0851064	0.0425532
0.0204082	0.0816327	0.0204082	0.0204082	0.755102	0.102041
0.142857	0.142857	0.142857	0.285714	0.142857	0.142857
0.0434783	0.717391	0.0652174	0.0434783	0.0652174	0.0652174
0.0416667	0.0833333	0.125	0.166667	0.333333	0.25
0.0869565	0.347826	0.130435	0.0869565	0.217391	0.130435
0.0833333	0.0833333	0.0833333	0.5	0.166667	0.0833333
0.125	0.4375	0.0625	0.0625	0.0625	0.25
0.0122951	0.0887978	0.00546448	0.00819672	0.0136612	0.871585
0.0666667	0.233333	0.333333	0.0333333	0.3	0.0333333
0.142857	0.0714286	0.0357143	0.0357143	0.678571	0.0357143
0.133333	0.0166667	0.183333	0.0333333	0.2	0.433333
0.0645161	0.145161	0.129032	0.177419	0.467742	0.016129
0.190909	0.181818	0.00909091	0.0454545	0.563636	0.00909091
0.0223464	0.111732	0.00558659	0.00558659	0.223464	0.631285
0.235294	0.0588235	0.411765	0.176471	0.0588235	0.0588235
0.0740741	0.259259	0.407407	0.0740741	0.148148	0.037037
0.15625	0.15625	0.140625	0.125	0.40625	0.015625
0.73743	0.0223464	0.134078	0.0027933	0.0810056	0.0223464
0.0666667	0.522222	0.0111111	0.0333333	0.255556	0.111111
0.010989	0.593407	0.10989	0.010989	0.142857	0.131868
0.263158	0.0526316	0.0526316	0.0526316	0.157895	0.421053
0.179104	0.179104	0.104478	0.0597015	0.268657	0.208955
0.0518519	0.125926	0.0246914	0.017284	0.649383	0.130864
0.0360825	0.00515464	0.00515464	0.891753	0.0103093	0.0515464
0.176471	0.5	0.0294118	0.0588235	0.0294118	0.205882
0.614907	0.167702	0.0559006	0.0186335	0.0559006	0.0869565
0.0285714	0.428571	0.0285714	0.142857	0.285714	0.0857143
0.0162602	0.105691	0.0325203	0.735772	0.0853659	0.0243902
0.02	0.22	0.06	0.6	0.06	0.04
0.0322581	0.16129	0.645161	0.0645161	0.0645161	0.0322581
0.0813008	0.272358	0.51626	0.0406504	0.0853659	0.00406504
0.0549451	0.043956	0.791209	0.0549451	0.021978	0.032967
0.04	0.04	0.04	0.56	0.12	0.2
0.0731707	0.0731707	0.121951	0.317073	0.243902	0.170732
0.0135135	0.472973	0.0675676	0.027027	0.297297	0.121622
0.0289855	0.26087	0.0434783	0.0144928	0.289855	0.362319
0.153846	0.115385	0.269231	0.153846	0.269231	0.0384615
0.0232558	0.27907	0.0232558	0.0697674	0.255814	0.348837
0.0740741	0.666667	0.111111	0.037037	0.037037	0.0740741
0.0204082	0.55102	0.0408163	0.0204082	0.244898	0.122449
0.27907	0.0697674	0.27907	0.0465116	0.186047	0.139535
0.06	0.29	0.06	0.09	0.25	0.25
0.209302	0.209302	0.186047	0.116279	0.255814	0.0232558
0.147059	0.0882353	0.117647	0.117647	0.441176	0.0882353
0.217391	0.0869565	0.456522	0.0434783	0.152174	0.0434783
0.0285714	0.0571429	0.485714	0.114286	0.2	0.114286
0.0136986	0.39726	0.136986	0.0273973	0.150685	0.273973
0.0425532	0.12766	0.0425532	0.191489	0.510638	0.0851064
0.111111	0.185185	0.481481	0.148148	0.037037	0.037037
0.133333	0.266667	0.133333	0.0666667	0.266667	0.133333
0.1	0.3	0.05	0.45	0.05	0.05
0.0416667	0.0833333	0.125	0.333333	0.291667	0.125
0.04375	0.20625	0.01875	0.00625	0.29375	0.43125
0.0185185	0.240741	0.0185185	0.62963	0.0740741	0.0185185
0.0862069	0.293103	0.396552	0.0689655	0.0862069	0.0689655
0.0454545	0.227273	0.454545	0.0454545	0.181818	0.0454545
0.046875	0.4375	0.03125	0.0625	0.21875	0.203125
0.0952381	0.190476	0.190476	0.047619	0.142857	0.333333
0.133333	0.266667	0.266667	0.0666667	0.2	0.0666667
0.111111	0.355556	0.266667	0.155556	0.0888889	0.0222222
0.153846	0.169231	0.2	0.215385	0.107692	0.153846
0.0857143	0.2	0.171429	0.457143	0.0571429	0.0285714
0.1	0.2	0.1	0.1	0.2	0.3
0.166667	0.166667	0.166667	0.166667	0.166667	0.166667
0.0666667	0.133333	0.533333	0.133333	0.0666667	0.0666667
0.166667	0.166667	0.166667	0.166667	0.166667	0.166667
0.190476	0.214286	0.404762	0.0238095	0.142857	0.0238095
0.232558	0.0930233	0.488372	0.0232558	0.0465116	0.116279
0.115385	0.269231	0.307692	0.0769231	0.192308	0.0384615
0.00429185	0.175966	0.0171674	0.0128755	0.686695	0.103004
0.0322581	0.548387	0.016129	0.274194	0.0967742	0.0322581
0.0243902	0.536585	0.0243902	0.0487805	0.268293	0.097561
0.0869565	0.0869565	0.608696	0.173913	0.0217391	0.0217391
0.0103093	0.226804	0.0206186	0.0103093	0.0206186	0.71134
0.05	0.25	0.1	0.35	0.2	0.05
0.0232558	0.116279	0.00775194	0.0232558	0.333333	0.496124
0.0769231	0.153846	0.230769	0.153846	0.0769231	0.307692
0.0555556	0.333333	0.166667	0.277778	0.111111	0.0555556
0.142857	0.285714	0.214286	0.0714286	0.214286	0.0714286
0.0201342	0.281879	0.033557	0.412752	0.238255	0.0134228
0.195148	0.0828059	0.630802	0.0131857	0.0501055	0.0279536
0.142857	0.0714286	0.571429	0.0714286	0.0714286	0.0714286
0.0252101	0.193277	0.0588235	0.0168067	0.680672	0.0252101
0.0961538	0.442308	0.230769	0.0192308	0.0576923	0.153846
0.257143	0.0857143	0.459341	0.010989	0.178022	0.00879121
0.125	0.25	0.0625	0.25	0.0625	0.25
0.00483648	0.797789	0.00829111	0.00138185	0.0690926	0.118609
0.0344828	0.37931	0.241379	0.0689655	0.137931	0.137931
0.25	0.21875	0.125	0.03125	0.25	0.125
0.16	0.16	0.08	0.04	0.52	0.04
0.0297619	0.25	0.0535714	0.00595238	0.255952	0.404762
0.122807	0.122807	0.438596	0.0350877	0.22807	0.0526316
0.030303	0.0909091	0.606061	0.0909091	0.030303	0.151515
0.0434783	0.130435	0.478261	0.217391	0.0869565	0.0434783
0.432432	0.0540541	0.216216	0.162162	0.0540541	0.0810811
0.0833333	0.416667	0.125	0.0416667	0.25	0.0833333
0.0689655	0.062069	0.0206897	0.00689655	0.241379	0.6
0.027027	0.540541	0.108108	0.135135	0.108108	0.0810811
0.0681818	0.613636	0.0681818	0.0227273	0.181818	0.0454545
0.176471	0.251337	0.379679	0.00534759	0.144385	0.0427807
0.016129	0.112903	0.580645	0.0645161	0.193548	0.0322581
0.0138889	0.25	0.125	0.416667	0.152778	0.0416667
0.037037	0.407407	0.111111	0.037037	0.333333	0.0740741
0.48688	0.0758017	0.0728863	0.0174927	0.163265	0.183673
0.176923	0.0769231	0.6	0.0384615	0.1	0.00769231
0.0550459	0.66055	0.0201835	0.0110092	0.0972477	0.155963
0.0555556	0.0555556	0.722222	0.0555556	0.0555556	0.0555556
0.0521739	0.547826	0.304348	0.0173913	0.0695652	0.00869565
0.163265	0.44898	0.122449	0.204082	0.0408163	0.0204082
0.0434783	0.108696	0.543478	0.173913	0.0652174	0.0652174
0.018018	0.423423	0.036036	0.036036	0.351351	0.135135
0.0876289	0.304124	0.536082	0.00515464	0.0412371	0.0257732
0.0555556	0.5	0.0277778	0.111111	0.277778	0.0277778
0.0175439	0.245614	0.491228	0.0175439	0.210526	0.0175439
0.142857	0.142857	0.0357143	0.142857	0.25	0.285714
0.901478	0.00492611	0.0147783	0.00985222	0.0394089	0.0295567
0.0425532	0.340426	0.0212766	0.0212766	0.276596	0.297872
0.1	0.1	0.1	0.4	0.2	0.1
0.020979	0.293706	0.0909091	0.00699301	0.524476	0.0629371
0.0285714	0.0285714	0.657143	0.0285714	0.2	0.0571429
0.166667	0.166667	0.166667	0.166667	0.166667	0.166667
0.1	0.15	0.5	0.05	0.05	0.15
0.1	0.2	0.1	0.3	0.1	0.2
0.125	0.125	0.25	0.25	0.125	0.125
0.153846	0.0384615	0.5	0.0384615	0.230769	0.0384615
0.1	0.15	0.5	0.05	0.15	0.05
0.15	0.375	0.05	0.15	0.225	0.05
0.0886076	0.164557	0.0759494	0.0379747	0.56962	0.0632911
0.280992	0.190083	0.0743802	0.00826446	0.429752	0.0165289
0.00591716	0.242604	0.00887574	0.00295858	0.284024	0.455621
0.0571429	0.0571429	0.742857	0.0571429	0.0571429	0.0285714
0.00869565	0.573913	0.121739	0.00869565	0.269565	0.0173913
0.0666667	0.533333	0.133333	0.0666667	0.133333	0.0666667
0.1	0.1	0.6	0.05	0.1	0.05
0.142857	0.619048	0.0952381	0.047619	0.047619	0.047619
0.419355	0.16129	0.209677	0.16129	0.016129	0.0322581
0.166667	0.166667	0.166667	0.0555556	0.277778	0.166667
0.0408163	0.255102	0.0102041	0.0102041	0.153061	0.530612
0.111111	0.111111	0.111111	0.333333	0.111111	0.222222
0.222222	0.277778	0.111111	0.0555556	0.277778	0.0555556
0.363636	0.363636	0.0454545	0.0909091	0.0909091	0.0454545
0.0666667	0.0666667	0.333333	0.266667	0.2	0.0666667
0.0888889	0.533333	0.0888889	0.0444444	0.0888889	0.155556
0.544304	0.101266	0.101266	0.0379747	0.113924	0.101266
0.166667	0.166667	0.166667	0.166667	0.166667	0.166667
0.0344828	0.091954	0.655172	0.0114943	0.172414	0.0344828
0.0467626	0.320144	0.0899281	0.0215827	0.471223	0.0503597
0.0294118	0.264706	0.558824	0.0882353	0.0294118	0.0294118
0.0555556	0.194444	0.037037	0.0185185	0.611111	0.0833333
0.0869565	0.130435	0.0869565	0.217391	0.434783	0.0434783
0.0740741	0.0740741	0.111111	0.111111	0.296296	0.333333
0.0526316	0.131579	0.0131579	0.0131579	0.342105	0.447368
0.181818	0.181818	0.272727	0.181818	0.0909091	0.0909091
0.0111111	0.233333	0.0111111	0.0333333	0.677778	0.0333333
0.027027	0.135135	0.027027	0.594595	0.0810811	0.135135
0.168874	0.13245	0.0430464	0.00662252	0.304636	0.344371
0.230769	0.128205	0.179487	0.025641	0.358974	0.0769231
0.0129032	0.174194	0.0494624	0.00215054	0.217204	0.544086
0.0869565	0.152174	0.554348	0.0108696	0.152174	0.0434783
0.0273224	0.147541	0.0601093	0.0874317	0.644809	0.0327869
0.0117647	0.176471	0.00588235	0.0235294	0.135294	0.647059
0.05	0.15	0.05	0.55	0.05	0.15
0.1	0.1	0.1	0.1	0.5	0.1
0.144444	0.1	0.466667	0.0111111	0.1	0.177778
0.0621469	0.389831	0.129944	0.20904	0.152542	0.0564972
0.758179	0.0526083	0.0795756	0.0468612	0.0468612	0.0159151
0.0631579	0.2	0.0210526	0.0421053	0.410526	0.263158
0.0675676	0.0135135	0.027027	0.0405405	0.797297	0.0540541
0.133803	0.183099	0.408451	0.0352113	0.183099	0.056338
0.111111	0.222222	0.111111	0.111111	0.333333	0.111111
0.0322581	0.483871	0.0322581	0.193548	0.129032	0.129032
0.228571	0.342857	0.142857	0.114286	0.0285714	0.142857
0.0333333	0.233333	0.0333333	0.0166667	0.166667	0.516667
0.0232558	0.30814	0.0116279	0.0290698	0.22093	0.406977
0.05	0.05	0.6	0.1	0.15	0.05
0.297143	0.188571	0.371429	0.0571429	0.08	0.00571429
0.227273	0.0909091	0.136364	0.136364	0.318182	0.0909091
0.0641026	0.435897	0.025641	0.0769231	0.269231	0.128205
0.0526316	0.315789	0.105263	0.0526316	0.105263	0.368421
0.0545455	0.127273	0.581818	0.0363636	0.181818	0.0181818
0.0175439	0.491228	0.0175439	0.122807	0.280702	0.0701754
0.520548	0.150685	0.123288	0.0410959	0.150685	0.0136986
0.0361446	0.228916	0.0120482	0.0120482	0.614458	0.0963855
0.145833	0.104167	0.1875	0.125	0.395833	0.0416667
0.0869565	0.130435	0.521739	0.130435	0.0434783	0.0869565
0.06	0.4	0.34	0.04	0.04	0.12
0.0681818	0.181818	0.227273	0.0454545	0.454545	0.0227273
0.0638298	0.170213	0.0425532	0.0425532	0.638298	0.0425532
0.571429	0.0857143	0.0857143	0.0285714	0.114286	0.114286
0.0377358	0.415094	0.150943	0.0754717	0.301887	0.0188679
0.0155729	0.234705	0.00778643	0.00111235	0.0901001	0.650723
0.032	0.528	0.008	0.072	0.328	0.032
0.232558	0.197674	0.244186	0.0697674	0.0697674	0.186047
0.0666667	0.111111	0.555556	0.0222222	0.2	0.0444444
0.0666667	0.2	0.4	0.0666667	0.2	0.0666667
0.25	0.333333	0.0833333	0.0833333	0.0833333	0.166667
0.457413	0.258675	0.0378549	0.0504732	0.167192	0.0283912
0.0185185	0.492063	0.0767196	0.0132275	0.291005	0.108466
0.0243902	0.195122	0.0121951	0.0487805	0.304878	0.414634
0.115385	0.153846	0.230769	0.307692	0.0384615	0.153846
0.105263	0.236842	0.0526316	0.0526316	0.105263	0.447368
0.106061	0.386364	0.00757576	0.00757576	0.318182	0.174242
0.25	0.0208333	0.333333	0.0833333	0.25	0.0625
0.204545	0.0227273	0.613636	0.0681818	0.0454545	0.0454545
0.0566038	0.377358	0.113208	0.0566038	0.358491	0.0377358
0.0232558	0.0930233	0.534884	0.0697674	0.209302	0.0697674
0.371429	0.257143	0.0571429	0.0571429	0.114286	0.142857
0.0714286	0.238095	0.5	0.0952381	0.0714286	0.0238095
0.121212	0.333333	0.121212	0.030303	0.242424	0.151515
0.0625	0.4375	0.125	0.28125	0.0625	0.03125
0.0849673	0.624183	0.143791	0.00326797	0.124183	0.0196078
0.0697674	0.418605	0.116279	0.348837	0.0232558	0.0232558
0.0652174	0.630435	0.0434783	0.0217391	0.195652	0.0434783
0.0833333	0.25	0.166667	0.166667	0.0833333	0.25
0.0232558	0.674419	0.0465116	0.0697674	0.0465116	0.139535
0.466667	0.0666667	0.0666667	0.0666667	0.133333	0.2
0.09375	0.0625	0.34375	0.1875	0.25	0.0625
0.0604027	0.526846	0.0738255	0.0268456	0.151007	0.161074
0.0322581	0.0806452	0.403226	0.322581	0.129032	0.0322581
0.0714286	0.690476	0.119048	0.0238095	0.0714286	0.0238095
0.0350877	0.0350877	0.824561	0.0701754	0.0175439	0.0175439
0.188525	0.0901639	0.540984	0.0491803	0.106557	0.0245902
0.0740741	0.259259	0.333333	0.037037	0.259259	0.037037
0.642857	0.0306122	0.122449	0.0612245	0.122449	0.0204082
0.037037	0.537037	0.0555556	0.0185185	0.240741	0.111111
0.581818	0.0545455	0.109091	0.0909091	0.109091	0.0545455
0.0769231	0.384615	0.269231	0.0384615	0.115385	0.115385
0.0689655	0.0689655	0.482759	0.310345	0.0344828	0.0344828
0.522581	0.103226	0.0580645	0.0193548	0.258065	0.0387097
0.153846	0.0769231	0.230769	0.0769231	0.153846	0.307692
0.04	0.0133333	0.84	0.04	0.0266667	0.04
0.034188	0.188034	0.632479	0.00854701	0.128205	0.00854701
0.181818	0.227273	0.136364	0.0909091	0.318182	0.0454545
0.0588235	0.558824	0.0294118	0.0294118	0.205882	0.117647
0.0882353	0.5	0.235294	0.147059	0.0147059	0.0147059
0.178571	0.0357143	0.392857	0.0714286	0.285714	0.0357143
0.00990099	0.237624	0.019802	0.594059	0.108911	0.029703
0.0384615	0.307692	0.0961538	0.0192308	0.365385	0.173077
0.0487805	0.0243902	0.804878	0.0731707	0.0243902	0.0243902
0.08	0.38	0.06	0.02	0.42	0.04
0.0322581	0.0322581	0.0322581	0.016129	0.822581	0.0645161
0.0434783	0.192547	0.0310559	0.0248447	0.701863	0.00621118
0.0769231	0.0384615	0.730769	0.0384615	0.0384615	0.0769231
0.103448	0.0344828	0.551724	0.0344828	0.0689655	0.206897
0.0434783	0.304348	0.130435	0.130435	0.26087	0.130435
0.0689655	0.0344828	0.758621	0.0689655	0.0344828	0.0344828
0.0516717	0.151976	0.0425532	0.0395137	0.589666	0.12462
0.0704225	0.239437	0.084507	0.28169	0.28169	0.0422535
0.0357143	0.142857	0.0357143	0.0357143	0.107143	0.642857
0.0952381	0.0952381	0.190476	0.047619	0.52381	0.047619
0.0254237	0.245763	0.177966	0.00847458	0.533898	0.00847458
0.36	0.04	0.08	0.04	0.36	0.12
0.166667	0.166667	0.166667	0.166667	0.166667	0.166667
0.037037	0.0185185	0.87037	0.037037	0.0185185	0.0185185
0.0731707	0.341463	0.219512	0.243902	0.0731707	0.0487805
0.238095	0.238095	0.047619	0.047619	0.380952	0.047619
0.166667	0.166667	0.166667	0.166667	0.166667	0.166667
0.00900901	0.0900901	0.630631	0.027027	0.0540541	0.189189
0.130435	0.130435	0.0434783	0.0869565	0.565217	0.0434783
0.133333	0.55	0.0833333	0.0333333	0.0666667	0.133333
0.0238095	0.285714	0.357143	0.166667	0.142857	0.0238095
0.183099	0.0140845	0.535211	0.0985915	0.126761	0.0422535
0.1	0.366667	0.166667	0.1	0.133333	0.133333
0.0571429	0.114286	0.542857	0.228571	0.0285714	0.0285714
0.0869565	0.0434783	0.695652	0.0869565	0.0434783	0.0434783
0.0322581	0.231183	0.580645	0.0107527	0.112903	0.0322581
0.0454545	0.0454545	0.0909091	0.0454545	0.727273	0.0454545
0.0227273	0.227273	0.113636	0.0681818	0.5	0.0681818
0.530303	0.212121	0.0454545	0.0151515	0.181818	0.0151515
0.282609	0.173913	0.173913	0.130435	0.0217391	0.217391
0.111111	0.333333	0.111111	0.111111	0.222222	0.111111
0.0689655	0.413793	0.103448	0.0689655	0.275862	0.0689655
0.571429	0.142857	0.2	0.0285714	0.0285714	0.0285714
0.104478	0.134328	0.19403	0.0149254	0.522388	0.0298507
0.153846	0.0769231	0.0384615	0.384615	0.0384615	0.307692
0.0869565	0.565217	0.0434783	0.0869565	0.0869565	0.130435
0.05	0.3	0.05	0.05	0.5	0.05
0.302326	0.116279	0.162791	0.0930233	0.116279	0.209302
0.0322581	0.290323	0.0967742	0.0322581	0.483871	0.0645161
0.0769231	0.230769	0.230769	0.307692	0.0769231	0.0769231
0.0434783	0.130435	0.608696	0.0434783	0.130435	0.0434783
0.015625	0.15625	0.671875	0.03125	0.109375	0.015625
0.0606061	0.212121	0.560606	0.0151515	0.136364	0.0151515
0.0535714	0.482143	0.125	0.0178571	0.25	0.0714286
0.106383	0.191489	0.212766	0.106383	0.297872	0.0851064
0.0967742	0.0967742	0.0483871	0.0322581	0.387097	0.33871
0.0431034	0.232759	0.310345	0.189655	0.163793	0.0603448
0.0164384	0.0931507	0.0136986	0.0136986	0.30137	0.561644
0.0555556	0.0555556	0.611111	0.0555556	0.166667	0.0555556
0.210526	0.315789	0.0526316	0.0526316	0.210526	0.157895
0.0769231	0.307692	0.0769231	0.0769231	0.384615	0.0769231
0.292683	0.097561	0.390244	0.097561	0.0731707	0.0487805
0.0909091	0.272727	0.318182	0.181818	0.0909091	0.0454545
0.114286	0.228571	0.457143	0.114286	0.0285714	0.0571429
0.15	0.3	0.175	0.05	0.175	0.15
0.1	0.4	0.0333333	0.1	0.3	0.0666667
0.0273973	0.0821918	0.0479452	0.00684932	0.787671	0.0479452
0.0549451	0.307692	0.010989	0.032967	0.549451	0.043956
0.181818	0.181818	0.0909091	0.181818	0.181818	0.181818
0.097561	0.487805	0.121951	0.0487805	0.195122	0.0487805
0.0857143	0.0857143	0.6	0.0285714	0.114286	0.0857143
0.0169492	0.186441	0.0338983	0.0508475	0.610169	0.101695
0.0510204	0.0306122	0.469388	0.387755	0.0204082	0.0408163
0.0285714	0.171429	0.685714	0.0285714	0.0571429	0.0285714
0.0893471	0.0996564	0.00687285	0.00687285	0.783505	0.0137457
0.0948276	0.0517241	0.715517	0.0431034	0.0517241	0.0431034
0.0322581	0.193548	0.580645	0.0967742	0.0322581	0.0645161
0.0675676	0.378378	0.0405405	0.027027	0.148649	0.337838
0.0185185	0.0740741	0.62963	0.148148	0.0555556	0.0740741
0.212121	0.0606061	0.606061	0.030303	0.0606061	0.030303
0.321429	0.0357143	0.5	0.0357143	0.0714286	0.0357143
0.519231	0.153846	0.0576923	0.0384615	0.192308	0.0384615
0.0204082	0.0408163	0.877551	0.0204082	0.0204082	0.0204082
0.05	0.05	0.35	0.05	0.45	0.05
0.0512821	0.025641	0.769231	0.025641	0.102564	0.025641
0.234043	0.329787	0.202128	0.0106383	0.0744681	0.148936
0.0188679	0.339623	0.113208	0.169811	0.245283	0.113208
0.101695	0.0508475	0.474576	0.0338983	0.322034	0.0169492
0.0606061	0.181818	0.333333	0.030303	0.333333	0.0606061
0.166667	0.166667	0.166667	0.166667	0.166667	0.166667
0.011236	0.303371	0.0224719	0.550562	0.101124	0.011236
0.047619	0.333333	0.190476	0.142857	0.238095	0.047619
0.06	0.1	0.76	0.04	0.02	0.02
0.0714286	0.380952	0.0238095	0.0238095	0.333333	0.166667
0.0434783	0.0434783	0.652174	0.0289855	0.15942	0.0724638
0.0992908	0.539007	0.0425532	0.0070922	0.198582	0.113475
0.103139	0.112108	0.0179372	0.0269058	0.130045	0.609865
0.222857	0.00571429	0.102857	0.0571429	0.605714	0.00571429
0.428571	0.0285714	0.271429	0.228571	0.0285714	0.0142857
0.0416667	0.125	0.625	0.125	0.0416667	0.0416667
0.3	0.2	0.1	0.1	0.1	0.2
0.225	0.05	0.45	0.125	0.1	0.05
0.0925926	0.0740741	0.574074	0.037037	0.203704	0.0185185
0.157143	0.357143	0.228571	0.0142857	0.228571	0.0142857
0.513514	0.162162	0.108108	0.027027	0.135135	0.0540541
0.107143	0.178571	0.464286	0.107143	0.107143	0.0357143
0.157895	0.0526316	0.657895	0.0263158	0.0526316	0.0526316
0.030303	0.30303	0.0606061	0.030303	0.454545	0.121212
0.160714	0.0714286	0.535714	0.0178571	0.196429	0.0178571
0.0714286	0.0714286	0.767857	0.0357143	0.0178571	0.0357143
0.133333	0.2	0.233333	0.166667	0.133333	0.133333
0.04	0.08	0.64	0.12	0.08	0.04
0.111111	0.377778	0.444444	0.0222222	0.0222222	0.0222222
0.195266	0.0414201	0.159763	0.414201	0.142012	0.0473373
0.0461538	0.492308	0.0923077	0.0461538	0.230769	0.0923077
0.0967742	0.16129	0.0322581	0.16129	0.419355	0.129032
0.0740741	0.037037	0.685185	0.0185185	0.166667	0.0185185
0.107143	0.5	0.178571	0.0714286	0.107143	0.0357143
0.0588235	0.117647	0.176471	0.0588235	0.529412	0.0588235
0.0120482	0.578313	0.168675	0.168675	0.060241	0.0120482
0.0474308	0.213439	0.0237154	0.0197628	0.636364	0.0592885
0.133333	0.266667	0.0666667	0.133333	0.333333	0.0666667
0.0359712	0.122302	0.0935252	0.0359712	0.151079	0.561151
0.0571429	0.114286	0.6	0.0571429	0.142857	0.0285714
0.0117647	0.270588	0.270588	0.0235294	0.376471	0.0470588
0.0625	0.25	0.375	0.125	0.125	0.0625
0.130435	0.173913	0.130435	0.0434783	0.304348	0.217391
0.0606061	0.424242	0.030303	0.0454545	0.348485	0.0909091
0.114754	0.278689	0.0655738	0.278689	0.180328	0.0819672
0.166667	0.166667	0.166667	0.166667	0.166667	0.166667
0.121951	0.170732	0.487805	0.121951	0.0243902	0.0731707
0.0338983	0.389831	0.0169492	0.0677966	0.186441	0.305085
0.0526316	0.236842	0.0263158	0.0263158	0.473684	0.184211
0.1	0.2	0.45	0.05	0.05	0.15
0.0287958	0.204188	0.0549738	0.0026178	0.620419	0.0890052
0.136364	0.409091	0.0454545	0.0454545	0.272727	0.0909091
0.107143	0.0178571	0.607143	0.107143	0.125	0.0357143
0.0294118	0.647059	0.147059	0.0294118	0.0588235	0.0882353
0.0625	0.125	0.375	0.1875	0.1875	0.0625
0.0816327	0.408163	0.0816327	0.142857	0.22449	0.0612245
0.487805	0.097561	0.0731707	0.0243902	0.243902	0.0731707
0.125	0.416667	0.0208333	0.3125	0.0625	0.0625
0.1	0.66	0.02	0.06	0.08	0.08
0.114286	0.249351	0.542857	0.0025974	0.0831169	0.00779221
0.0277778	0.111111	0.0277778	0.444444	0.305556	0.0833333
0.0414938	0.120332	0.0124481	0.116183	0.0912863	0.618257
0.12	0.12	0.64	0.04	0.04	0.04
0.103448	0.091954	0.212644	0.431034	0.106322	0.0545977
0.130435	0.0869565	0.565217	0.0869565	0.0434783	0.0869565
0.140915	0.0716934	0.0119489	0.0065925	0.176349	0.592501
0.0869565	0.0724638	0.057971	0.188406	0.565217	0.0289855
0.0804598	0.494253	0.0689655	0.321839	0.0229885	0.0114943
0.0869565	0.347826	0.0434783	0.26087	0.130435	0.130435
0.0483871	0.387097	0.0322581	0.354839	0.0806452	0.0967742
0.0347349	0.159049	0.00914077	0.0146252	0.71298	0.0694698
0.366667	0.0333333	0.433333	0.0333333	0.0666667	0.0666667
0.0666667	0.133333	0.0333333	0.0333333	0.533333	0.2
0.0243902	0.0731707	0.097561	0.0243902	0.585366	0.195122
0.0454545	0.0909091	0.681818	0.0681818	0.0454545	0.0681818
0.0126582	0.582278	0.278481	0.0126582	0.0632911	0.0506329
0.0185185	0.314815	0.0740741	0.314815	0.240741	0.037037
0.0844687	0.258856	0.013624	0.00544959	0.0899183	0.547684
0.047619	0.142857	0.0952381	0.571429	0.0952381	0.047619
0.0909091	0.0909091	0.272727	0.0909091	0.363636	0.0909091
0.00746269	0.0895522	0.00746269	0.0149254	0.858209	0.0223881
0.037037	0.185185	0.037037	0.0740741	0.555556	0.111111
0.111111	0.222222	0.111111	0.111111	0.333333	0.111111
0.00917431	0.651376	0.0642202	0.0550459	0.201835	0.0183486
0.0571429	0.342857	0.0571429	0.114286	0.228571	0.2
0.5	0.111111	0.166667	0.0555556	0.138889	0.0277778
0.097561	0.121951	0.463415	0.0243902	0.268293	0.0243902
0.0232558	0.465116	0.325581	0.0232558	0.139535	0.0232558
0.0909091	0.0909091	0.181818	0.0909091	0.454545	0.0909091
0.0588235	0.0588235	0.705882	0.0588235	0.0588235	0.0588235
0.111111	0.444444	0.259259	0.037037	0.111111	0.037037
0.12	0.41	0.11	0.03	0.18	0.15
0.244898	0.285714	0.0612245	0.0204082	0.367347	0.0204082
0.434211	0.328947	0.118421	0.0526316	0.0131579	0.0526316
0.697368	0.0328947	0.0164474	0.00328947	0.121711	0.128289
0.113636	0.0909091	0.613636	0.113636	0.0227273	0.0454545
0.0113636	0.147727	0.0113636	0.0340909	0.681818	0.113636
0.0526316	0.263158	0.0526316	0.368421	0.210526	0.0526316
0.414062	0.296875	0.109375	0.0234375	0.101562	0.0546875
0.0194175	0.116505	0.00970874	0.00970874	0.825243	0.0194175
0.05	0.6	0.05	0.15	0.05	0.1
0.0208333	0.5625	0.0625	0.0208333	0.25	0.0833333
0.0491803	0.114754	0.655738	0.0655738	0.0983607	0.0163934
0.047619	0.0761905	0.780952	0.0190476	0.0380952	0.0380952
0.0416667	0.583333	0.0625	0.104167	0.1875	0.0208333
0.183673	0.102041	0.510204	0.0612245	0.122449	0.0204082
0.0613208	0.0566038	0.584906	0.141509	0.122642	0.0330189
0.0344828	0.0172414	0.844828	0.0689655	0.0172414	0.0172414
0.225	0.375	0.05	0.05	0.25	0.05
0.122449	0.265306	0.0408163	0.0204082	0.408163	0.142857
0.025	0.175	0.0625	0.6	0.1125	0.025
0.0714286	0.428571	0.0714286	0.0714286	0.214286	0.142857
0.4	0.0666667	0.133333	0.0666667	0.0666667	0.266667
0.1	0.1	0.3	0.2	0.2	0.1
0.0606061	0.454545	0.0606061	0.030303	0.212121	0.181818
0.0833333	0.375	0.0416667	0.0416667	0.0833333	0.375
0.0526316	0.263158	0.0526316	0.368421	0.210526	0.0526316
0.132353	0.0735294	0.0588235	0.0294118	0.691176	0.0147059
0.102564	0.589744	0.102564	0.025641	0.102564	0.0769231
0.2	0.123077	0.507692	0.0923077	0.0461538	0.0307692
0.407407	0.037037	0.0740741	0.148148	0.222222	0.111111
0.4	0.12	0.08	0.08	0.28	0.04
0.461538	0.192308	0.269231	0.0192308	0.0384615	0.0192308
0.190476	0.412698	0.047619	0.015873	0.190476	0.142857
0.0410959	0.123288	0.671233	0.0410959	0.0958904	0.0273973
0.672897	0.0443925	0.200935	0.021028	0.0233645	0.0373832
0.1	0.325	0.45	0.025	0.05	0.05
0.0526316	0.421053	0.0701754	0.0175439	0.368421	0.0701754
0.425287	0.241379	0.0344828	0.0114943	0.264368	0.0229885
0.0769231	0.0769231	0.0769231	0.025641	0.641026	0.102564
0.115385	0.205128	0.551282	0.025641	0.0769231	0.025641
0.106383	0.248227	0.510638	0.0212766	0.0638298	0.0496454
0.0740741	0.111111	0.037037	0.0740741	0.518519	0.185185
0.0125786	0.27044	0.0125786	0.622642	0.0754717	0.00628931
0.0555556	0.333333	0.0277778	0.0277778	0.5	0.0555556
0.128205	0.25641	0.333333	0.0512821	0.205128	0.025641
0.0680272	0.0204082	0.877551	0.0136054	0.0136054	0.00680272
0.05	0.2	0.05	0.4	0.2	0.1
0.115385	0.153846	0.115385	0.0384615	0.307692	0.269231
0.269231	0.0769231	0.384615	0.0384615	0.153846	0.0769231
0.360656	0.377049	0.0163934	0.0327869	0.0655738	0.147541
0.0961538	0.115385	0.211538	0.0384615	0.442308	0.0961538
0.25	0.5	0.1	0.05	0.05	0.05
0.0285714	0.0857143	0.0285714	0.0285714	0.742857	0.0857143
0.0769231	0.153846	0.153846	0.153846	0.384615	0.0769231
0.192308	0.269231	0.0384615	0.0769231	0.269231	0.153846
0.0833333	0.208333	0.208333	0.0833333	0.291667	0.125
0.0909091	0.0909091	0.181818	0.272727	0.318182	0.0454545
0.0512821	0.166667	0.0512821	0.525641	0.179487	0.025641
0.0263158	0.263158	0.0789474	0.131579	0.368421	0.131579
0.411765	0.137255	0.117647	0.0784314	0.235294	0.0196078
0.13913	0.269565	0.347826	0.026087	0.13913	0.0782609
0.109244	0.201681	0.0756303	0.0168067	0.495798	0.10084
0.153846	0.307692	0.230769	0.153846	0.0769231	0.0769231
0.106061	0.363636	0.348485	0.0454545	0.106061	0.030303
0.0833333	0.333333	0.145833	0.104167	0.104167	0.229167
0.30303	0.30303	0.121212	0.0606061	0.121212	0.0909091
0.0422535	0.323944	0.0422535	0.28169	0.211268	0.0985915
0.0357143	0.285714	0.107143	0.0357143	0.428571	0.107143
0.05	0.325	0.35	0.05	0.2	0.025
0.0128205	0.820513	0.0512821	0.0384615	0.0641026	0.0128205
0.866029	0.0334928	0.00956938	0.0143541	0.0334928	0.0430622
0.020202	0.161616	0.020202	0.656566	0.10101	0.040404
0.263158	0.157895	0.421053	0.0526316	0.0526316	0.0526316
0.318182	0.0454545	0.454545	0.0454545	0.0454545	0.0909091
0.0526316	0.157895	0.526316	0.0526316	0.157895	0.0526316
0.0526316	0.0526316	0.0526316	0.0526316	0.736842	0.0526316
0.0416667	0.333333	0.333333	0.0833333	0.166667	0.0416667
0.333333	0.185185	0.148148	0.037037	0.259259	0.037037
0.0571429	0.371429	0.285714	0.0857143	0.142857	0.0571429
0.0684932	0.178082	0.0136986	0.0136986	0.383562	0.342466
0.0178571	0.205357	0.651786	0.00892857	0.107143	0.00892857
0.0869565	0.369565	0.195652	0.0434783	0.217391	0.0869565
0.127273	0.563636	0.0727273	0.0545455	0.163636	0.0181818
0.285714	0.142857	0.142857	0.142857	0.142857	0.142857
0.122807	0.157895	0.122807	0.0350877	0.526316	0.0350877
0.0188679	0.207547	0.415094	0.0377358	0.226415	0.0943396
0.15625	0.21875	0.15625	0.03125	0.25	0.1875
0.307692	0.153846	0.230769	0.153846	0.0769231	0.0769231
0.159091	0.0227273	0.75	0.0227273	0.0227273	0.0227273
0.142857	0.47619	0.047619	0.047619	0.142857	0.142857
0.0178117	0.254453	0.0458015	0.00763359	0.597964	0.0763359
0.117647	0.529412	0.0588235	0.0588235	0.176471	0.0588235
0.166667	0.25	0.166667	0.166667	0.166667	0.0833333
0.0294118	0.352941	0.470588	0.0882353	0.0294118	0.0294118
0.0526316	0.421053	0.105263	0.157895	0.210526	0.0526316
0.00505051	0.29798	0.0151515	0.010101	0.631313	0.040404
0.385093	0.0559006	0.068323	0.130435	0.223602	0.136646
0.0882353	0.264706	0.0588235	0.264706	0.294118	0.0294118
0.120567	0.489362	0.163121	0.0070922	0.141844	0.0780142
0.0277778	0.152778	0.0138889	0.0138889	0.0277778	0.763889
0.125	0.125	0.25	0.25	0.125	0.125
0.0105263	0.178947	0.0105263	0.0105263	0.0947368	0.694737
0.0753769	0.180905	0.507538	0.0100503	0.190955	0.0351759
0.388889	0.166667	0.0277778	0.138889	0.0833333	0.194444
0.0740741	0.296296	0.0740741	0.358025	0.185185	0.0123457
0.166667	0.166667	0.166667	0.166667	0.166667	0.166667
0.0384615	0.384615	0.307692	0.0384615	0.153846	0.0769231
0.0273973	0.835616	0.0273973	0.0136986	0.0547945	0.0410959
0.0935252	0.201439	0.0215827	0.0431655	0.460432	0.179856
0.0434783	0.521739	0.173913	0.130435	0.0869565	0.0434783
0.1	0.05	0.45	0.15	0.2	0.05
0.314286	0.228571	0.0714286	0.0142857	0.171429	0.2
0.105263	0.315789	0.157895	0.263158	0.0526316	0.105263
0.111111	0.37037	0.037037	0.37037	0.0740741	0.037037
0.08	0.08	0.08	0.08	0.52	0.16
0.253165	0.265823	0.0632911	0.0253165	0.379747	0.0126582
0.108696	0.413043	0.130435	0.0217391	0.26087	0.0652174
0.0344828	0.275862	0.0689655	0.0344828	0.310345	0.275862
0.155172	0.206897	0.258621	0.0517241	0.275862	0.0517241
0.153846	0.269231	0.153846	0.0192308	0.192308	0.211538
0.2	0.171429	0.314286	0.0285714	0.2	0.0857143
0.352941	0.117647	0.294118	0.0588235	0.117647	0.0588235
0.0555556	0.166667	0.0555556	0.222222	0.388889	0.111111
0.148148	0.0740741	0.111111	0.037037	0.592593	0.037037
0.105263	0.368421	0.0526316	0.263158	0.157895	0.0526316
0.166667	0.166667	0.166667	0.166667	0.166667	0.166667
0.0588235	0.0588235	0.647059	0.0882353	0.117647	0.0294118
0.0857143	0.142857	0.1	0.0857143	0.271429	0.314286
0.45098	0.0392157	0.294118	0.0392157	0.117647	0.0588235
0.111111	0.0222222	0.111111	0.0444444	0.622222	0.0888889
0.106061	0.242424	0.530303	0.0454545	0.0606061	0.0151515
0.0377358	0.566038	0.0188679	0.0943396	0.245283	0.0377358
0.0222222	0.0444444	0.0888889	0.0222222	0.4	0.422222
0.0416667	0.0416667	0.666667	0.0833333	0.0833333	0.0833333
0.025641	0.461538	0.230769	0.025641	0.128205	0.128205
0.12	0.56	0.04	0.04	0.2	0.04
0.265823	0.151899	0.443038	0.0379747	0.0886076	0.0126582
0.1	0.35	0.2	0.2	0.1	0.05
0.106667	0.0666667	0.413333	0.253333	0.133333	0.0266667
0.00719424	0.683453	0.028777	0.00719424	0.115108	0.158273
0.0337079	0.146067	0.247191	0.0337079	0.516854	0.0224719
0.0512821	0.371795	0.0641026	0.0897436	0.230769	0.192308
0.30303	0.272727	0.0909091	0.030303	0.151515	0.151515
0.0449438	0.460674	0.0337079	0.0168539	0.303371	0.140449
0.0422535	0.309859	0.056338	0.0140845	0.295775	0.28169
0.285714	0.142857	0.142857	0.142857	0.142857	0.142857
0.25	0.1875	0.375	0.0625	0.0625	0.0625
0.166667	0.166667	0.166667	0.166667	0.166667	0.166667
0.00869565	0.33913	0.0695652	0.00869565	0.434783	0.13913
0.032967	0.582418	0.0769231	0.010989	0.274725	0.021978
0.030303	0.393939	0.272727	0.0606061	0.212121	0.030303
0.0150376	0.511278	0.24812	0.112782	0.0601504	0.0526316
0.0348837	0.360465	0.0348837	0.0116279	0.453488	0.104651
0.195122	0.097561	0.560976	0.0487805	0.0487805	0.0487805
0.179487	0.282051	0.0512821	0.0512821	0.358974	0.0769231
0.781818	0.0545455	0.0727273	0.0181818	0.0181818	0.0545455
0.0454545	0.431818	0.0454545	0.0227273	0.340909	0.113636
0.153846	0.184615	0.107692	0.0153846	0.2	0.338462
0.0238095	0.619048	0.047619	0.0238095	0.190476	0.0952381
0.0454545	0.181818	0.181818	0.0454545	0.0454545	0.5
0.025	0.025	0.05	0.025	0.475	0.4
0.0103448	0.0862069	0.0137931	0.0137931	0.772414	0.103448
0.103448	0.241379	0.413793	0.0689655	0.137931	0.0344828
0.0638298	0.340426	0.12766	0.0425532	0.382979	0.0425532
0.608696	0.130435	0.0869565	0.0434783	0.0869565	0.0434783
0.157895	0.157895	0.473684	0.105263	0.0526316	0.0526316
0.0857143	0.0571429	0.785714	0.0428571	0.0142857	0.0142857
0.0833333	0.0416667	0.75	0.0416667	0.0416667	0.0416667
0.0515464	0.494845	0.0206186	0.0137457	0.333333	0.0859107
0.307692	0.153846	0.230769	0.0769231	0.153846	0.0769231
0.0645161	0.258065	0.0860215	0.11828	0.16129	0.311828
0.0714286	0.285714	0.142857	0.285714	0.142857	0.0714286
0.0967742	0.225806	0.0967742	0.0645161	0.483871	0.0322581
0.2	0.266667	0.0666667	0.0666667	0.333333	0.0666667
0.0588235	0.235294	0.470588	0.0588235	0.117647	0.0588235
0.031746	0.126984	0.666667	0.015873	0.142857	0.015873
0.0649351	0.12987	0.467532	0.246753	0.0779221	0.012987
0.394737	0.223684	0.0657895	0.0263158	0.184211	0.105263
0.0158103	0.241107	0.0197628	0.0197628	0.667984	0.0355731
0.894737	0.0175439	0.0175439	0.00877193	0.0438596	0.0175439
0.133333	0.466667	0.133333	0.0666667	0.0666667	0.133333
0.00578035	0.531792	0.0924855	0.0693642	0.213873	0.0867052
0.32	0.24	0.24	0.04	0.12	0.04
0.0568182	0.255682	0.0397727	0.0397727	0.301136	0.306818
0.242424	0.272727	0.181818	0.0606061	0.181818	0.0606061
0.0660377	0.169811	0.688679	0.0471698	0.0188679	0.00943396
0.0828402	0.142012	0.538462	0.147929	0.0414201	0.0473373
0.03125	0.21875	0.03125	0.59375	0.03125	0.09375
0.166667	0.166667	0.166667	0.166667	0.166667	0.166667
0.235294	0.117647	0.0588235	0.0588235	0.411765	0.117647
0.0555556	0.111111	0.166667	0.388889	0.111111	0.166667
0.0407524	0.169279	0.0125392	0.736677	0.0376176	0.0031348
0.466667	0.0666667	0.2	0.0666667	0.133333	0.0666667
0.0322581	0.0322581	0.0645161	0.0645161	0.774194	0.0322581
0.327869	0.344262	0.0491803	0.0327869	0.213115	0.0327869
0.126126	0.441441	0.297297	0.108108	0.018018	0.00900901
0.037037	0.240741	0.407407	0.101852	0.194444	0.0185185
0.0526316	0.192982	0.0175439	0.0175439	0.614035	0.105263
0.0487805	0.414634	0.0487805	0.146341	0.195122	0.146341
0.039548	0.19209	0.728814	0.00564972	0.0282486	0.00564972
0.0769231	0.0769231	0.653846	0.115385	0.0384615	0.0384615
0.0531915	0.425532	0.0851064	0.0212766	0.234043	0.180851
0.263158	0.0526316	0.368421	0.157895	0.0526316	0.105263
0.00636943	0.312102	0.0191083	0.203822	0.43949	0.0191083
0.0588235	0.294118	0.5	0.0882353	0.0294118	0.0294118
0.0625	0.265625	0.28125	0.1875	0.109375	0.09375
0.0222222	0.125926	0.00740741	0.00740741	0.244444	0.592593
0.04	0.36	0.2	0.04	0.28	0.08
0.166667	0.166667	0.166667	0.166667	0.166667	0.166667
0.0681818	0.431818	0.0681818	0.113636	0.159091	0.159091
0.222222	0.111111	0.333333	0.111111	0.111111	0.111111
0.0222222	0.355556	0.0222222	0.177778	0.355556	0.0666667
0.0410959	0.315068	0.0136986	0.0273973	0.465753	0.136986
0.0779817	0.357798	0.0321101	0.0183486	0.431193	0.0825688
0.0454545	0.136364	0.0454545	0.0454545	0.363636	0.363636
0.115385	0.269231	0.461538	0.0384615	0.0769231	0.0384615
0.0714286	0.0142857	0.0285714	0.814286	0.0571429	0.0142857
0.411765	0.0588235	0.235294	0.117647	0.117647	0.0588235
0.000573723	0.00172117	0.0106139	0.985083	0.000286862	0.00172117
0.00943396	0.137736	0.00754717	0.00377358	0.126415	0.715094
0.120567	0.0283688	0.702128	0.0070922	0.120567	0.0212766
0.0166667	0.366667	0.0166667	0.0166667	0.216667	0.366667
0.0625	0.1875	0.5	0.0625	0.125	0.0625
0.190476	0.428571	0.047619	0.047619	0.047619	0.238095
0.0294118	0.0294118	0.470588	0.0294118	0.411765	0.0294118
0.1	0.075	0.725	0.05	0.025	0.025
0.37931	0.206897	0.0689655	0.0344828	0.241379	0.0689655
0.03125	0.229167	0.03125	0.0729167	0.59375	0.0416667
0.0625	0.1875	0.1875	0.125	0.375	0.0625
0.00775194	0.286822	0.434109	0.170543	0.0775194	0.0232558
0.019802	0.722772	0.039604	0.019802	0.118812	0.0792079
0.0225806	0.00645161	0.954839	0.00322581	0.00967742	0.00322581
0.21875	0.0625	0.5625	0.03125	0.09375	0.03125
0.153846	0.307692	0.230769	0.0769231	0.153846	0.0769231
0.1	0.4	0.1	0.1	0.1	0.2
0.0172414	0.0258621	0.87931	0.0258621	0.0431034	0.00862069
0.0196078	0.0588235	0.254902	0.0784314	0.0392157	0.54902
0.157895	0.473684	0.210526	0.0526316	0.0526316	0.0526316
0.0613208	0.25	0.0235849	0.0235849	0.0801887	0.561321
0.0547945	0.506849	0.39726	0.0136986	0.0136986	0.0136986
0.20354	0.115044	0.079646	0.336283	0.0973451	0.168142
0.0681818	0.181818	0.431818	0.0454545	0.159091	0.113636
0.0385757	0.792285	0.0237389	0.0148368	0.0652819	0.0652819
0.1	0.35	0.05	0.15	0.15	0.2
0.0454545	0.136364	0.636364	0.0909091	0.0454545	0.0454545
0.53913	0.191304	0.104348	0.0347826	0.0869565	0.0434783
0.0769231	0.153846	0.0769231	0.0769231	0.384615	0.230769
0.741667	0.0361111	0.119444	0.0388889	0.0444444	0.0194444
0.888889	0.0197531	0.0308642	0.00617284	0.0506173	0.0037037
0.2	0.2	0.0666667	0.0666667	0.266667	0.2
0.166667	0.333333	0.0416667	0.166667	0.25	0.0416667
0.0526316	0.0526316	0.105263	0.0526316	0.631579	0.105263
0.0185185	0.601852	0.058642	0.0123457	0.262346	0.0462963
0.471545	0.195122	0.0243902	0.00813008	0.292683	0.00813008
0.0895522	0.432836	0.298507	0.0298507	0.119403	0.0298507
0.0769231	0.346154	0.0769231	0.365385	0.115385	0.0192308
0.0970874	0.553398	0.165049	0.0291262	0.0873786	0.0679612
0.368421	0.0263158	0.368421	0.0263158	0.131579	0.0789474
0.0512821	0.282051	0.435897	0.0769231	0.102564	0.0512821
0.36	0.16	0.12	0.04	0.2	0.12
0.0857143	0.0571429	0.342857	0.0857143	0.371429	0.0571429
0.166667	0.166667	0.166667	0.166667	0.166667	0.166667
0.108434	0.204819	0.168675	0.337349	0.108434	0.0722892
0.136364	0.363636	0.227273	0.113636	0.113636	0.0454545
0.037037	0.333333	0.0185185	0.166667	0.0555556	0.388889
0.0114723	0.00382409	0.0114723	0.00191205	0.141491	0.829828
0.210526	0.184211	0.315789	0.0526316	0.157895	0.0789474
0.0714286	0.0357143	0.0714286	0.464286	0.214286	0.142857
0.136986	0.136986	0.671233	0.0136986	0.0273973	0.0136986
0.0322581	0.0967742	0.774194	0.0322581	0.0322581	0.0322581
0.0472637	0.68408	0.0348259	0.00248756	0.0995025	0.131841
0.0869565	0.0434783	0.73913	0.0434783	0.0434783	0.0434783
0.0253165	0.518987	0.0506329	0.0379747	0.329114	0.0379747
0.0363636	0.627273	0.290909	0.0181818	0.0181818	0.00909091
0.020202	0.666667	0.0606061	0.020202	0.191919	0.040404
0.333333	0.470588	0.0588235	0.0392157	0.0392157	0.0588235
0.025641	0.128205	0.0512821	0.0512821	0.717949	0.025641
0.269231	0.0769231	0.0384615	0.025641	0.512821	0.0769231
0.166667	0.166667	0.166667	0.166667	0.166667	0.166667
0.210526	0.157895	0.315789	0.157895	0.105263	0.0526316
0.0512821	0.25641	0.0512821	0.0769231	0.487179	0.0769231
0.0368421	0.0894737	0.0105263	0.00526316	0.778947	0.0789474
0.025	0.05	0.125	0.025	0.7	0.075
0.166667	0.166667	0.166667	0.166667	0.166667	0.166667
0.0434783	0.434783	0.0869565	0.217391	0.173913	0.0434783
0.190476	0.0714286	0.321429	0.130952	0.27381	0.0119048
0.0140845	0.521127	0.056338	0.0140845	0.197183	0.197183
0.09375	0.21875	0.4375	0.03125	0.1875	0.03125
0.170732	0.512195	0.0731707	0.0243902	0.0487805	0.170732
0.166667	0.333333	0.0833333	0.166667	0.166667	0.0833333
0.3	0.15	0.35	0.1	0.05	0.05
0.0769231	0.461538	0.0769231	0.0769231	0.153846	0.153846
0.02	0.04	0.8	0.04	0.06	0.04
0.05	0.25	0.15	0.15	0.25	0.15
0.0454545	0.25	0.0681818	0.0227273	0.522727	0.0909091
0.047619	0.190476	0.404762	0.047619	0.214286	0.0952381
0.118321	0.263359	0.21374	0.248092	0.0648855	0.0916031
0.030303	0.121212	0.454545	0.0606061	0.30303	0.030303
0.0394737	0.236842	0.565789	0.0526316	0.0921053	0.0131579
0.107143	0.0357143	0.642857	0.142857	0.0357143	0.0357143
0.313953	0.348837	0.0581395	0.0116279	0.162791	0.104651
0.173913	0.130435	0.130435	0.173913	0.304348	0.0869565
0.0666667	0.133333	0.533333	0.0666667	0.133333	0.0666667
0.1	0.04	0.02	0.2	0.6	0.04
0.047619	0.47619	0.285714	0.047619	0.0952381	0.047619
0.0434783	0.26087	0.565217	0.0434783	0.0434783	0.0434783
0.0588235	0.470588	0.0117647	0.376471	0.0588235	0.0235294
0.107143	0.267857	0.0357143	0.0357143	0.410714	0.142857
0.575758	0.0909091	0.121212	0.030303	0.030303	0.151515
0.194444	0.270833	0.277778	0.0347222	0.0208333	0.201389
0.193548	0.0967742	0.564516	0.0645161	0.0645161	0.016129
0.0625	0.15625	0.46875	0.09375	0.125	0.09375
0.0454545	0.136364	0.590909	0.0909091	0.0454545	0.0909091
0.282051	0.25641	0.230769	0.128205	0.0512821	0.0512821
0.166667	0.166667	0.166667	0.166667	0.166667	0.166667
0.0149254	0.0298507	0.820896	0.0149254	0.104478	0.0149254
0.0454545	0.795455	0.0454545	0.0227273	0.0681818	0.0227273
0.0222222	0.166667	0.588889	0.0222222	0.188889	0.0111111
0.125	0.203125	0.09375	0.046875	0.421875	0.109375
0.111111	0.037037	0.703704	0.037037	0.037037	0.0740741
0.0291262	0.184466	0.0485437	0.038835	0.572816	0.126214
