0.0666667	0.288889	0.0666667	0.0444444	0.222222	0.244444	0.0222222	0.0444444
0.0357143	0.0357143	0.178571	0.0357143	0.285714	0.321429	0.0714286	0.0357143
0.00706714	0.106007	0.130742	0.300353	0.226148	0.0424028	0.0459364	0.141343
0.0740741	0.037037	0.407407	0.037037	0.0740741	0.296296	0.037037	0.037037
0.015748	0.023622	0.0629921	0.015748	0.251969	0.00787402	0.496063	0.125984
0.142857	0.0952381	0.047619	0.047619	0.0952381	0.047619	0.190476	0.333333
0.0714286	0.0714286	0.0357143	0.0357143	0.0357143	0.607143	0.107143	0.0357143
0.125	0.125	0.125	0.125	0.125	0.125	0.125	0.125
0.0172414	0.0172414	0.0172414	0.0172414	0.224138	0.517241	0.0344828	0.155172
0.078125	0.046875	0.09375	0.078125	0.359375	0.03125	0.203125	0.109375
0.0192308	0.0576923	0.0769231	0.0384615	0.269231	0.461538	0.0576923	0.0192308
0.0857143	0.314286	0.257143	0.0285714	0.0857143	0.0285714	0.142857	0.0571429
0.0860215	0.0645161	0.0322581	0.0752688	0.27957	0.430108	0.0107527	0.0215054
0.0769231	0.0307692	0.0307692	0.0153846	0.338462	0.0769231	0.292308	0.138462
0.0854093	0.135231	0.174377	0.0142349	0.380783	0.0106762	0.131673	0.0676157
0.125	0.0763889	0.131944	0.0625	0.00694444	0.548611	0.0416667	0.00694444
0.0869565	0.0434783	0.0434783	0.0434783	0.0869565	0.608696	0.0434783	0.0434783
0.117647	0.0392157	0.0196078	0.0196078	0.196078	0.54902	0.0392157	0.0196078
0.0434783	0.565217	0.0434783	0.0434783	0.0869565	0.0434783	0.152174	0.0217391
0.109589	0.123288	0.0684932	0.0547945	0.191781	0.369863	0.0136986	0.0684932
0.016129	0.0645161	0.016129	0.0322581	0.532258	0.016129	0.0322581	0.290323
0.0204082	0.0204082	0.530612	0.0204082	0.22449	0.0408163	0.102041	0.0408163
0.0196078	0.0784314	0.0196078	0.0392157	0.333333	0.0196078	0.0588235	0.431373
0.111111	0.111111	0.111111	0.222222	0.111111	0.111111	0.111111	0.111111
0.1875	0.0416667	0.0208333	0.0416667	0.5	0.0625	0.0833333	0.0625
0.0384615	0.115385	0.0384615	0.0384615	0.230769	0.0769231	0.0769231	0.384615
0.28	0.04	0.04	0.04	0.44	0.08	0.04	0.04
0.285714	0.0714286	0.142857	0.214286	0.0714286	0.0714286	0.0714286	0.0714286
0.111111	0.0555556	0.0555556	0.0555556	0.0555556	0.111111	0.333333	0.222222
0.013624	0.0190736	0.00817439	0.0027248	0.0149864	0.00953678	0.0476839	0.884196
0.0625	0.0625	0.09375	0.0625	0.375	0.1875	0.09375	0.0625
0.0333333	0.1	0.1	0.0333333	0.6	0.0333333	0.0333333	0.0666667
0.0322581	0.435484	0.0967742	0.16129	0.016129	0.129032	0.0322581	0.0967742
0.078125	0.015625	0.171875	0.15625	0.4375	0.046875	0.0625	0.03125
0.142857	0.205357	0.232143	0.00892857	0.321429	0.00892857	0.0714286	0.00892857
0.00552486	0.00552486	0.00552486	0.0165746	0.281768	0.0110497	0.00552486	0.668508
0.157895	0.0526316	0.105263	0.105263	0.105263	0.368421	0.0526316	0.0526316
0.0344828	0.0344828	0.0689655	0.0344828	0.275862	0.482759	0.0344828	0.0344828
0.030303	0.136364	0.151515	0.212121	0.287879	0.030303	0.0909091	0.0606061
0.00555556	0.194444	0.527778	0.00833333	0.0444444	0.191667	0.00277778	0.025
0.0108696	0.0326087	0.0108696	0.0108696	0.478261	0.0108696	0.26087	0.184783
0.0322581	0.0107527	0.0107527	0.0215054	0.419355	0.0860215	0.397849	0.0215054
0.047619	0.0952381	0.285714	0.047619	0.238095	0.047619	0.047619	0.190476
0.0434783	0.347826	0.101449	0.0144928	0.217391	0.0869565	0.130435	0.057971
0.02457	0.04914	0.04914	0.002457	0.348894	0.019656	0.12285	0.383292
0.00510204	0.0102041	0.0306122	0.877551	0.00510204	0.0204082	0.00510204	0.0459184
0.0555556	0.25	0.0555556	0.0555556	0.138889	0.0277778	0.361111	0.0555556
0.0736196	0.0736196	0.539877	0.0245399	0.122699	0.0552147	0.104294	0.00613497
0.0810811	0.0540541	0.027027	0.027027	0.513514	0.027027	0.162162	0.108108
0.798387	0.0322581	0.00806452	0.00403226	0.104839	0.00806452	0.0362903	0.00806452
0.519231	0.0192308	0.0384615	0.0384615	0.211538	0.0192308	0.115385	0.0384615
0.030303	0.030303	0.030303	0.030303	0.0606061	0.666667	0.121212	0.030303
0.399194	0.0443548	0.0766129	0.016129	0.21371	0.157258	0.0806452	0.0120968
0.0215054	0.0107527	0.0215054	0.0645161	0.0537634	0.731183	0.0860215	0.0107527
0.592593	0.037037	0.037037	0.0740741	0.037037	0.037037	0.037037	0.148148
0.0465116	0.0232558	0.116279	0.0232558	0.0930233	0.0697674	0.44186	0.186047
0.0131579	0.0263158	0.0131579	0.0131579	0.513158	0.0394737	0.236842	0.144737
0.0422535	0.0140845	0.0140845	0.0140845	0.295775	0.0704225	0.521127	0.028169
0.178571	0.0714286	0.178571	0.107143	0.142857	0.107143	0.0714286	0.142857
0.0666667	0.244444	0.0444444	0.0222222	0.422222	0.0222222	0.155556	0.0222222
0.275862	0.0689655	0.0344828	0.0344828	0.448276	0.0344828	0.0689655	0.0344828
0.0196078	0.0392157	0.0196078	0.0196078	0.392157	0.0588235	0.313725	0.137255
0.0222222	0.111111	0.266667	0.0888889	0.0666667	0.311111	0.0444444	0.0888889
0.0196078	0.656863	0.0686275	0.00980392	0.166667	0.00980392	0.0588235	0.00980392
0.0444444	0.0444444	0.222222	0.0888889	0.266667	0.2	0.0222222	0.111111
0.0555556	0.333333	0.0277778	0.138889	0.305556	0.0833333	0.0277778	0.0277778
0.0625	0.0625	0.0625	0.0208333	0.145833	0.5625	0.0416667	0.0416667
0.0540541	0.162162	0.108108	0.027027	0.135135	0.432432	0.0540541	0.027027
0.0533333	0.0533333	0.04	0.12	0.16	0.08	0.466667	0.0266667
0.0204082	0.0816327	0.102041	0.285714	0.408163	0.0408163	0.0204082	0.0408163
0.137931	0.0344828	0.137931	0.0344828	0.172414	0.413793	0.0344828	0.0344828
0.176471	0.0588235	0.0588235	0.0588235	0.235294	0.176471	0.0588235	0.176471
0.363636	0.0454545	0.136364	0.0454545	0.227273	0.0454545	0.0909091	0.0454545
0.384615	0.0384615	0.0384615	0.0769231	0.230769	0.0384615	0.0769231	0.115385
0.00617284	0.00617284	0.0432099	0.00617284	0.438272	0.00617284	0.037037	0.45679
0.75	0.0178571	0.0178571	0.0178571	0.0535714	0.0178571	0.107143	0.0178571
0.533333	0.0666667	0.0666667	0.0166667	0.216667	0.05	0.0166667	0.0333333
0.0833333	0.0416667	0.125	0.0416667	0.25	0.375	0.0416667	0.0416667
0.030303	0.0909091	0.0151515	0.0151515	0.181818	0.0151515	0.636364	0.0151515
0.0869565	0.217391	0.0434783	0.0434783	0.130435	0.130435	0.0434783	0.304348
0.176471	0.235294	0.117647	0.117647	0.117647	0.0588235	0.117647	0.0588235
0.234043	0.0212766	0.0212766	0.0851064	0.170213	0.0638298	0.361702	0.0425532
0.0298507	0.119403	0.0298507	0.0298507	0.208955	0.0597015	0.507463	0.0149254
0.297297	0.027027	0.108108	0.162162	0.135135	0.189189	0.027027	0.0540541
0.0833333	0.25	0.0833333	0.0833333	0.0833333	0.0833333	0.0833333	0.25
0.125	0.125	0.125	0.125	0.125	0.125	0.125	0.125
0.352941	0.0588235	0.0588235	0.117647	0.117647	0.117647	0.117647	0.0588235
0.125	0.125	0.125	0.125	0.125	0.125	0.125	0.125
0.0454545	0.0909091	0.0454545	0.0454545	0.295455	0.431818	0.0227273	0.0227273
0.2	0.2	0.133333	0.0444444	0.0444444	0.288889	0.0666667	0.0222222
0.107143	0.178571	0.0714286	0.0357143	0.25	0.25	0.0714286	0.0357143
0.0425532	0.012766	0.00851064	0.00425532	0.310638	0.0170213	0.6	0.00425532
0.453125	0.015625	0.015625	0.015625	0.265625	0.015625	0.1875	0.03125
0.0232558	0.0930233	0.0232558	0.0697674	0.55814	0.0232558	0.162791	0.0465116
0.166667	0.0208333	0.0416667	0.104167	0.0625	0.479167	0.0833333	0.0416667
0.020202	0.010101	0.010101	0.020202	0.0606061	0.010101	0.515152	0.353535
0.272727	0.0909091	0.181818	0.0454545	0.181818	0.0454545	0.136364	0.0454545
0.00763359	0.0305344	0.0305344	0.0152672	0.244275	0.0152672	0.0534351	0.603053
0.133333	0.2	0.0666667	0.133333	0.0666667	0.2	0.133333	0.0666667
0.35	0.05	0.05	0.1	0.2	0.15	0.05	0.05
0.0625	0.0625	0.0625	0.1875	0.375	0.0625	0.0625	0.125
0.546667	0.0633333	0.0133333	0.00666667	0.343333	0.01	0.01	0.00666667
0.0616438	0.0437302	0.100105	0.00684932	0.0916754	0.641728	0.0505796	0.00368809
0.25	0.0625	0.1875	0.0625	0.0625	0.1875	0.0625	0.125
0.0165289	0.140496	0.00826446	0.0330579	0.586777	0.0330579	0.0909091	0.0909091
0.388889	0.0555556	0.111111	0.0185185	0.240741	0.037037	0.037037	0.111111
0.00437637	0.0612691	0.177243	0.00875274	0.183807	0.531729	0.0306346	0.00218818
0.5	0.0555556	0.0555556	0.0555556	0.0555556	0.0555556	0.0555556	0.166667
0.0172652	0.0520258	0.00805709	0.000460405	0.673112	0.00483425	0.0893186	0.154926
0.290323	0.129032	0.0322581	0.0322581	0.129032	0.129032	0.225806	0.0322581
0.0294118	0.147059	0.117647	0.117647	0.470588	0.0588235	0.0294118	0.0294118
0.148148	0.148148	0.185185	0.148148	0.111111	0.037037	0.111111	0.111111
0.0529412	0.0411765	0.0176471	0.0117647	0.364706	0.0294118	0.0823529	0.4
0.0677966	0.0677966	0.0508475	0.0169492	0.372881	0.372881	0.0338983	0.0169492
0.142857	0.0857143	0.0571429	0.0285714	0.0285714	0.571429	0.0285714	0.0571429
0.04	0.04	0.04	0.04	0.04	0.52	0.2	0.08
0.153846	0.025641	0.25641	0.333333	0.025641	0.128205	0.0512821	0.025641
0.230769	0.0384615	0.0384615	0.115385	0.346154	0.115385	0.0384615	0.0769231
0.0136054	0.0136054	0.102041	0.0272109	0.122449	0.00680272	0.387755	0.326531
0.0512821	0.025641	0.025641	0.0769231	0.435897	0.102564	0.102564	0.179487
0.282609	0.0434783	0.0434783	0.0217391	0.391304	0.0652174	0.108696	0.0434783
0.15873	0.132275	0.116402	0.00529101	0.0740741	0.0634921	0.433862	0.015873
0.0625	0.046875	0.046875	0.03125	0.234375	0.546875	0.015625	0.015625
0.567568	0.0135135	0.0135135	0.027027	0.216216	0.0405405	0.0810811	0.0405405
0.0689655	0.344828	0.0344828	0.0344828	0.37931	0.0344828	0.0344828	0.0689655
0.0231884	0.176812	0.263768	0.205797	0.133333	0.0724638	0.0231884	0.101449
0.0454545	0.0151515	0.0909091	0.00757576	0.174242	0.651515	0.00757576	0.00757576
0.180987	0.0676417	0.023766	0.00182815	0.411335	0.00365631	0.129799	0.180987
0.05	0.05	0.05	0.1	0.05	0.6	0.05	0.05
0.487179	0.034188	0.017094	0.017094	0.290598	0.0683761	0.0769231	0.00854701
0.392157	0.0392157	0.0784314	0.137255	0.196078	0.117647	0.0196078	0.0196078
0.208333	0.0833333	0.0208333	0.0208333	0.0416667	0.5625	0.0208333	0.0416667
0.0619469	0.0619469	0.0176991	0.00884956	0.442478	0.00884956	0.300885	0.0973451
0.612245	0.0510204	0.0408163	0.00510204	0.117347	0.0561224	0.107143	0.0102041
0.157895	0.0526316	0.0526316	0.0263158	0.315789	0.0263158	0.342105	0.0263158
0.389831	0.0508475	0.0169492	0.0169492	0.169492	0.288136	0.0508475	0.0169492
0.0333333	0.133333	0.0666667	0.2	0.133333	0.0333333	0.366667	0.0333333
0.0097561	0.00487805	0.760976	0.00487805	0.00487805	0.0097561	0.2	0.00487805
0.0204082	0.0612245	0.0204082	0.0204082	0.346939	0.0204082	0.326531	0.183673
0.333333	0.0833333	0.0833333	0.0833333	0.166667	0.0833333	0.0833333	0.0833333
0.0344828	0.172414	0.00689655	0.0137931	0.365517	0.0344828	0.351724	0.0206897
0.027027	0.027027	0.0540541	0.027027	0.243243	0.567568	0.027027	0.027027
0.125	0.125	0.125	0.125	0.125	0.125	0.125	0.125
0.0454545	0.0454545	0.272727	0.0454545	0.0909091	0.318182	0.0454545	0.136364
0.25	0.0833333	0.0833333	0.0833333	0.25	0.0833333	0.0833333	0.0833333
0.1	0.2	0.1	0.1	0.1	0.1	0.2	0.1
0.0357143	0.0357143	0.142857	0.0357143	0.357143	0.285714	0.0714286	0.0357143
0.0909091	0.0909091	0.0909091	0.0454545	0.136364	0.409091	0.0909091	0.0454545
0.166667	0.047619	0.142857	0.0238095	0.404762	0.0714286	0.0952381	0.047619
0.0246914	0.444444	0.0617284	0.0246914	0.382716	0.0246914	0.0123457	0.0246914
0.0650407	0.170732	0.260163	0.00813008	0.373984	0.0894309	0.00813008	0.0243902
0.00588235	0.0382353	0.00882353	0.00294118	0.373529	0.0147059	0.0911765	0.464706
0.027027	0.0540541	0.108108	0.027027	0.027027	0.621622	0.108108	0.027027
0.333333	0.0769231	0.017094	0.00854701	0.495726	0.00854701	0.0512821	0.00854701
0.0588235	0.0588235	0.0588235	0.0588235	0.352941	0.0588235	0.294118	0.0588235
0.0454545	0.0454545	0.0909091	0.0454545	0.0909091	0.5	0.136364	0.0454545
0.217391	0.130435	0.130435	0.0434783	0.347826	0.0434783	0.0434783	0.0434783
0.15625	0.0625	0.28125	0.125	0.09375	0.15625	0.015625	0.109375
0.05	0.05	0.05	0.05	0.2	0.2	0.05	0.35
0.01	0.13	0.01	0.01	0.24	0.04	0.12	0.44
0.181818	0.0909091	0.0909091	0.181818	0.0909091	0.0909091	0.0909091	0.181818
0.05	0.1	0.05	0.15	0.35	0.05	0.1	0.15
0.166667	0.0416667	0.291667	0.0416667	0.208333	0.0416667	0.166667	0.0416667
0.294118	0.117647	0.0588235	0.117647	0.117647	0.176471	0.0588235	0.0588235
0.0851064	0.0425532	0.0425532	0.0212766	0.595745	0.0638298	0.0212766	0.12766
0.0123457	0.037037	0.419753	0.0493827	0.111111	0.197531	0.0740741	0.0987654
0.125	0.125	0.125	0.125	0.125	0.125	0.125	0.125
0.0449438	0.011236	0.0224719	0.011236	0.280899	0.573034	0.0224719	0.0337079
0.0142857	0.564286	0.0357143	0.0178571	0.292857	0.025	0.0464286	0.00357143
0.388889	0.0277778	0.0555556	0.0277778	0.0277778	0.25	0.194444	0.0277778
0.0363636	0.0272727	0.0636364	0.0454545	0.409091	0.0363636	0.118182	0.263636
0.04	0.28	0.12	0.2	0.2	0.08	0.04	0.04
0.103448	0.137931	0.0344828	0.241379	0.172414	0.103448	0.137931	0.0689655
0.0128205	0.025641	0.0897436	0.0128205	0.24359	0.0128205	0.153846	0.448718
0.0769231	0.230769	0.0769231	0.0769231	0.0769231	0.307692	0.0769231	0.0769231
0.0326087	0.0543478	0.0108696	0.076087	0.706522	0.0108696	0.0978261	0.0108696
0.410256	0.0512821	0.0512821	0.102564	0.0512821	0.025641	0.153846	0.153846
0.00657895	0.0657895	0.125	0.00657895	0.259868	0.0526316	0.194079	0.289474
0.0243902	0.0243902	0.195122	0.0487805	0.390244	0.146341	0.121951	0.0487805
0.00642398	0.0342612	0.0107066	0.00214133	0.276231	0.0471092	0.0728051	0.550321
0.0212766	0.0106383	0.0638298	0.0319149	0.340426	0.5	0.0212766	0.0106383
0.027027	0.502703	0.0162162	0.0864865	0.286486	0.0162162	0.0432432	0.0216216
0.0232558	0.0523256	0.0174419	0.00581395	0.238372	0.00581395	0.145349	0.511628
0.590909	0.0454545	0.0454545	0.0454545	0.0454545	0.0454545	0.0454545	0.136364
0.0833333	0.0833333	0.0833333	0.0833333	0.0833333	0.0833333	0.0833333	0.416667
0.0108696	0.0217391	0.0652174	0.0217391	0.152174	0.467391	0.130435	0.130435
0.340782	0.0670391	0.0614525	0.0111732	0.374302	0.0893855	0.0391061	0.0167598
0.0477032	0.0428445	0.715106	0.0128092	0.0512367	0.069788	0.0534452	0.00706714
0.0515464	0.298969	0.0515464	0.195876	0.28866	0.0206186	0.0618557	0.0309278
0.0263158	0.368421	0.0394737	0.0394737	0.407895	0.0131579	0.0921053	0.0131579
0.0277778	0.0138889	0.131944	0.131944	0.354167	0.222222	0.0555556	0.0625
0.0909091	0.181818	0.0909091	0.0909091	0.272727	0.0909091	0.0909091	0.0909091
0.212121	0.121212	0.030303	0.0606061	0.363636	0.0606061	0.0909091	0.0606061
0.0540541	0.0810811	0.027027	0.162162	0.0810811	0.108108	0.405405	0.0810811
0.016129	0.177419	0.016129	0.33871	0.274194	0.016129	0.0645161	0.0967742
0.045977	0.0229885	0.0172414	0.0114943	0.367816	0.0172414	0.0402299	0.477011
0.0454545	0.0454545	0.0909091	0.0909091	0.0909091	0.545455	0.0454545	0.0454545
0.146893	0.039548	0.175141	0.0451977	0.0564972	0.271186	0.248588	0.0169492
0.0416667	0.125	0.208333	0.125	0.291667	0.0416667	0.0416667	0.125
0.0875	0.0875	0.0125	0.0125	0.3375	0.0125	0.275	0.175
0.047619	0.190476	0.0952381	0.047619	0.333333	0.0952381	0.047619	0.142857
0.0175439	0.0175439	0.0175439	0.0877193	0.22807	0.526316	0.0877193	0.0175439
0.0847458	0.0169492	0.0169492	0.0508475	0.40678	0.0169492	0.355932	0.0508475
0.08	0.12	0.493333	0.0133333	0.173333	0.0533333	0.0533333	0.0133333
0.0352941	0.0117647	0.0823529	0.0117647	0.376471	0.0235294	0.0352941	0.423529
0.08	0.08	0.12	0.08	0.24	0.24	0.08	0.08
0.04	0.04	0.04	0.08	0.2	0.4	0.12	0.08
0.0961538	0.0961538	0.0192308	0.173077	0.0769231	0.269231	0.115385	0.153846
0.0217391	0.152174	0.0652174	0.0217391	0.478261	0.173913	0.0652174	0.0217391
0.0204082	0.632653	0.0408163	0.0204082	0.122449	0.0408163	0.0816327	0.0408163
0.027027	0.189189	0.378378	0.027027	0.135135	0.0810811	0.135135	0.027027
0.2	0.0181818	0.0181818	0.145455	0.490909	0.0363636	0.0727273	0.0181818
0.0199778	0.0443951	0.0133185	0.017758	0.175361	0.00665927	0.0921199	0.630411
0.0472441	0.503937	0.0393701	0.015748	0.322835	0.023622	0.0393701	0.00787402
0.113636	0.0795455	0.136364	0.0227273	0.0909091	0.25	0.238636	0.0681818
0.0638298	0.0212766	0.0638298	0.0212766	0.319149	0.446809	0.0212766	0.0425532
0.176471	0.0588235	0.0588235	0.0588235	0.352941	0.176471	0.0588235	0.0588235
0.357143	0.0714286	0.0714286	0.0714286	0.142857	0.0714286	0.142857	0.0714286
0.0344828	0.0846395	0.45768	0.031348	0.263323	0.0564263	0.0532915	0.0188088
0.0447368	0.0947368	0.0263158	0.00263158	0.455263	0.0368421	0.252632	0.0868421
0.142857	0.0119048	0.0357143	0.0357143	0.25	0.0119048	0.0952381	0.416667
0.428571	0.0357143	0.0357143	0.107143	0.107143	0.0714286	0.178571	0.0357143
0.05	0.05	0.025	0.05	0.175	0.075	0.175	0.4
0.0149254	0.0671642	0.11194	0.00746269	0.41791	0.00746269	0.216418	0.156716
0.04	0.08	0.32	0.18	0.04	0.22	0.02	0.1
0.0217391	0.0217391	0.0217391	0.0652174	0.0869565	0.695652	0.0652174	0.0217391
0.0727273	0.163636	0.127273	0.0181818	0.436364	0.0909091	0.0545455	0.0363636
0.133333	0.0888889	0.0222222	0.0222222	0.2	0.466667	0.0444444	0.0222222
0.0810811	0.162162	0.27027	0.0540541	0.27027	0.0810811	0.0540541	0.027027
0.0454545	0.0227273	0.0681818	0.0909091	0.204545	0.431818	0.0909091	0.0454545
0.0571429	0.142857	0.142857	0.0285714	0.285714	0.0857143	0.171429	0.0857143
0.411765	0.0882353	0.0294118	0.0588235	0.235294	0.0294118	0.0882353	0.0588235
0.00974026	0.477273	0.0357143	0.00324675	0.337662	0.0941558	0.038961	0.00324675
0.355556	0.0666667	0.0888889	0.111111	0.155556	0.0222222	0.177778	0.0222222
0.0416667	0.145833	0.0833333	0.0625	0.395833	0.0208333	0.145833	0.104167
0.0714286	0.0714286	0.0714286	0.0714286	0.0714286	0.142857	0.357143	0.142857
0.0222222	0.0666667	0.0222222	0.0444444	0.266667	0.0222222	0.488889	0.0666667
0.0588235	0.117647	0.411765	0.117647	0.0588235	0.0588235	0.0588235	0.117647
0.176471	0.0294118	0.0294118	0.117647	0.352941	0.205882	0.0294118	0.0588235
0.03	0.03	0.02	0.0133333	0.283333	0.0433333	0.48	0.1
0.34375	0.078125	0.015625	0.078125	0.0625	0.3125	0.078125	0.03125
0.386364	0.113636	0.0681818	0.0454545	0.181818	0.0681818	0.113636	0.0227273
0.0508475	0.0169492	0.0169492	0.0169492	0.0169492	0.661017	0.20339	0.0169492
0.120968	0.0887097	0.137097	0.00806452	0.137097	0.419355	0.0806452	0.00806452
0.0344828	0.137931	0.0344828	0.0344828	0.37931	0.275862	0.0689655	0.0344828
0.36	0.05	0.31	0.04	0.03	0.13	0.05	0.03
0.196429	0.303571	0.0535714	0.0178571	0.339286	0.0357143	0.0357143	0.0178571
0.22807	0.0526316	0.368421	0.0701754	0.0350877	0.175439	0.0175439	0.0526316
0.214286	0.142857	0.0357143	0.0357143	0.392857	0.107143	0.0357143	0.0357143
0.0645161	0.0322581	0.0645161	0.290323	0.0967742	0.387097	0.0322581	0.0322581
0.0127389	0.140127	0.503185	0.00636943	0.197452	0.0700637	0.0254777	0.044586
0.0666667	0.133333	0.133333	0.0666667	0.0666667	0.4	0.0666667	0.0666667
0.0649351	0.025974	0.012987	0.337662	0.0649351	0.454545	0.025974	0.012987
0.0252101	0.0336134	0.0336134	0.0252101	0.252101	0.521008	0.10084	0.00840336
0.166667	0.0833333	0.166667	0.0416667	0.125	0.125	0.25	0.0416667
0.0277778	0.0833333	0.0277778	0.0833333	0.611111	0.0555556	0.0277778	0.0833333
0.342857	0.0428571	0.0714286	0.142857	0.157143	0.0428571	0.0714286	0.128571
0.0666667	0.0666667	0.1	0.0333333	0.166667	0.433333	0.1	0.0333333
0.699029	0.00970874	0.00970874	0.038835	0.15534	0.00970874	0.038835	0.038835
0.0925926	0.388889	0.0925926	0.0555556	0.166667	0.0740741	0.037037	0.0925926
0.0232558	0.0232558	0.0465116	0.0232558	0.0232558	0.767442	0.0697674	0.0232558
0.0192308	0.461538	0.0576923	0.0192308	0.288462	0.0384615	0.0961538	0.0192308
0.046875	0.65625	0.015625	0.015625	0.21875	0.015625	0.015625	0.015625
0.00613497	0.0674847	0.0920245	0.0122699	0.742331	0.0184049	0.0429448	0.0184049
0.0714286	0.107143	0.0357143	0.0357143	0.0357143	0.607143	0.0357143	0.0714286
0.129032	0.0322581	0.0645161	0.0322581	0.0322581	0.612903	0.0322581	0.0645161
0.08	0.08	0.04	0.04	0.44	0.12	0.12	0.08
0.0322581	0.0322581	0.0322581	0.0322581	0.0645161	0.741935	0.0322581	0.0322581
0.0543807	0.697885	0.0271903	0.0120846	0.145015	0.0151057	0.021148	0.0271903
0.39726	0.0821918	0.0684932	0.0547945	0.219178	0.109589	0.0136986	0.0547945
0.0333333	0.0666667	0.0333333	0.566667	0.2	0.0333333	0.0333333	0.0333333
0.0434783	0.0869565	0.0434783	0.0869565	0.130435	0.0869565	0.0869565	0.434783
0.0166667	0.408333	0.0333333	0.0666667	0.225	0.0916667	0.15	0.00833333
0.0740741	0.037037	0.037037	0.037037	0.296296	0.0740741	0.37037	0.0740741
0.125	0.125	0.125	0.125	0.125	0.125	0.125	0.125
0.0178571	0.0178571	0.0357143	0.0535714	0.0357143	0.803571	0.0178571	0.0178571
0.209302	0.162791	0.0232558	0.0232558	0.209302	0.139535	0.209302	0.0232558
0.0869565	0.0434783	0.217391	0.0434783	0.304348	0.130435	0.0434783	0.130435
0.125	0.125	0.125	0.125	0.125	0.125	0.125	0.125
0.0265487	0.00884956	0.00884956	0.0442478	0.141593	0.60177	0.0442478	0.123894
0.04	0.08	0.08	0.08	0.56	0.04	0.08	0.04
0.145161	0.0322581	0.112903	0.016129	0.241935	0.016129	0.419355	0.016129
0.522727	0.0227273	0.0227273	0.0227273	0.181818	0.136364	0.0681818	0.0227273
0.0547945	0.0821918	0.164384	0.0136986	0.0958904	0.561644	0.0136986	0.0136986
0.03125	0.09375	0.09375	0.09375	0.4375	0.125	0.09375	0.03125
0.0540541	0.108108	0.027027	0.135135	0.027027	0.594595	0.027027	0.027027
0.04	0.04	0.08	0.08	0.08	0.6	0.04	0.04
0.0106383	0.0478723	0.037234	0.00531915	0.239362	0.590426	0.0638298	0.00531915
0.0833333	0.0416667	0.0833333	0.0833333	0.333333	0.0416667	0.25	0.0833333
0.0434783	0.0217391	0.0217391	0.0434783	0.565217	0.108696	0.152174	0.0434783
0.102941	0.0735294	0.411765	0.0147059	0.25	0.0294118	0.102941	0.0147059
0.1875	0.104167	0.0625	0.0625	0.0625	0.229167	0.25	0.0416667
0.0909091	0.0909091	0.0909091	0.0909091	0.363636	0.0909091	0.0909091	0.0909091
0.16129	0.0322581	0.0322581	0.0322581	0.354839	0.0322581	0.193548	0.16129
0.027027	0.0810811	0.405405	0.027027	0.027027	0.243243	0.162162	0.027027
0.0869565	0.057971	0.115942	0.0289855	0.405797	0.188406	0.0724638	0.0434783
0.214286	0.0714286	0.285714	0.0357143	0.0357143	0.0357143	0.214286	0.107143
0.08	0.24	0.08	0.08	0.4	0.04	0.04	0.04
0.0454545	0.181818	0.0454545	0.0454545	0.363636	0.0454545	0.0454545	0.227273
0.155556	0.0888889	0.155556	0.0888889	0.133333	0.111111	0.133333	0.133333
0.0606061	0.030303	0.030303	0.030303	0.575758	0.0606061	0.0909091	0.121212
0.133333	0.0666667	0.0666667	0.2	0.133333	0.2	0.133333	0.0666667
0.04	0.04	0.04	0.04	0.24	0.52	0.04	0.04
0.0151515	0.030303	0.0151515	0.0151515	0.272727	0.590909	0.0454545	0.0151515
0.0588235	0.0294118	0.0147059	0.0147059	0.367647	0.485294	0.0147059	0.0147059
0.140351	0.0175439	0.0350877	0.0350877	0.5	0.00877193	0.22807	0.0350877
0.183673	0.22449	0.0612245	0.0408163	0.183673	0.142857	0.0408163	0.122449
0.015625	0.171875	0.046875	0.015625	0.265625	0.015625	0.1875	0.28125
0.372881	0.0762712	0.0254237	0.0169492	0.177966	0.177966	0.110169	0.0423729
0.0326975	0.0217984	0.0408719	0.0027248	0.138965	0.0027248	0.125341	0.634877
0.05	0.05	0.05	0.05	0.05	0.6	0.05	0.1
0.0952381	0.285714	0.0952381	0.0952381	0.142857	0.047619	0.142857	0.0952381
0.133333	0.0666667	0.0666667	0.0666667	0.4	0.0666667	0.0666667	0.133333
0.0232558	0.0232558	0.186047	0.0697674	0.139535	0.488372	0.0465116	0.0232558
0.208333	0.0416667	0.125	0.0416667	0.125	0.291667	0.0833333	0.0833333
0.0810811	0.027027	0.0540541	0.0540541	0.0810811	0.459459	0.108108	0.135135
0.047619	0.119048	0.0238095	0.047619	0.214286	0.119048	0.404762	0.0238095
0.0625	0.0625	0.0625	0.03125	0.40625	0.03125	0.09375	0.25
0.00675676	0.0135135	0.0135135	0.00675676	0.810811	0.0135135	0.0540541	0.0810811
0.0537634	0.107527	0.0430108	0.0107527	0.612903	0.0215054	0.139785	0.0107527
0.0769231	0.0769231	0.0769231	0.0769231	0.384615	0.0769231	0.0769231	0.153846
0.0465116	0.0465116	0.0697674	0.0232558	0.44186	0.186047	0.162791	0.0232558
0.027027	0.135135	0.0810811	0.108108	0.189189	0.378378	0.0540541	0.027027
0.0491803	0.163934	0.0163934	0.0163934	0.508197	0.0163934	0.131148	0.0983607
0.31	0.04	0.05	0.08	0.02	0.45	0.03	0.02
0.027027	0.135135	0.027027	0.0540541	0.216216	0.459459	0.027027	0.0540541
0.0204778	0.508532	0.0443686	0.00341297	0.324232	0.00341297	0.0853242	0.0102389
0.0508475	0.0338983	0.0423729	0.0169492	0.0423729	0.70339	0.059322	0.0508475
0.181818	0.030303	0.0909091	0.0909091	0.030303	0.30303	0.212121	0.0606061
0.0394737	0.0131579	0.0921053	0.0131579	0.223684	0.0131579	0.289474	0.315789
0.142857	0.0357143	0.0178571	0.0178571	0.0714286	0.517857	0.0357143	0.160714
0.0285714	0.0285714	0.142857	0.0285714	0.0857143	0.628571	0.0285714	0.0285714
0.0666667	0.0666667	0.333333	0.0333333	0.0666667	0.366667	0.0333333	0.0333333
0.0185185	0.12963	0.37037	0.037037	0.185185	0.0925926	0.111111	0.0555556
0.0392157	0.0196078	0.0196078	0.0588235	0.0196078	0.784314	0.0392157	0.0196078
0.0454545	0.0909091	0.0454545	0.0454545	0.272727	0.318182	0.136364	0.0454545
0.0487805	0.0243902	0.0243902	0.0487805	0.195122	0.609756	0.0243902	0.0243902
0.0833333	0.0625	0.145833	0.03125	0.125	0.104167	0.40625	0.0416667
0.2	0.0545455	0.0181818	0.0363636	0.418182	0.109091	0.0363636	0.127273
0.0163934	0.163934	0.114754	0.0163934	0.180328	0.442623	0.0491803	0.0163934
0.0571429	0.0285714	0.0285714	0.0285714	0.4	0.342857	0.0571429	0.0571429
0.125	0.125	0.125	0.125	0.125	0.125	0.125	0.125
0.703297	0.021978	0.010989	0.010989	0.186813	0.010989	0.032967	0.021978
0.173913	0.0869565	0.0434783	0.0434783	0.130435	0.304348	0.130435	0.0869565
0.346154	0.0769231	0.0384615	0.0384615	0.0192308	0.346154	0.115385	0.0192308
0.0454545	0.0227273	0.0454545	0.0227273	0.522727	0.0454545	0.227273	0.0681818
0.126761	0.0140845	0.028169	0.0140845	0.169014	0.619718	0.0140845	0.0140845
0.013986	0.0559441	0.0699301	0.020979	0.363636	0.048951	0.34965	0.0769231
0.0355556	0.0755556	0.0888889	0.00444444	0.12	0.0177778	0.124444	0.533333
0.0338983	0.0112994	0.271186	0.101695	0.310734	0.0508475	0.20904	0.0112994
0.0972222	0.0277778	0.305556	0.111111	0.0833333	0.319444	0.0416667	0.0138889
0.192308	0.0769231	0.0384615	0.0769231	0.0384615	0.5	0.0384615	0.0384615
0.166667	0.0833333	0.166667	0.0833333	0.0833333	0.0833333	0.0833333	0.25
0.0238095	0.047619	0.380952	0.0238095	0.0714286	0.380952	0.047619	0.0238095
0.0357143	0.357143	0.125	0.0178571	0.0892857	0.339286	0.0178571	0.0178571
0.0694444	0.0277778	0.0694444	0.0555556	0.458333	0.194444	0.111111	0.0138889
0.0512821	0.0512821	0.358974	0.025641	0.128205	0.230769	0.128205	0.025641
0.0333333	0.133333	0.166667	0.0333333	0.1	0.433333	0.0333333	0.0666667
0.075	0.05	0.125	0.025	0.025	0.6	0.025	0.075
0.0285714	0.142857	0.0857143	0.0857143	0.228571	0.0285714	0.371429	0.0285714
0.0517241	0.0517241	0.0344828	0.12069	0.155172	0.431034	0.0517241	0.103448
0.0172414	0.0344828	0.0517241	0.0172414	0.0517241	0.758621	0.0517241	0.0172414
0.3125	0.0625	0.125	0.03125	0.125	0.1875	0.0625	0.09375
0.111111	0.0740741	0.037037	0.111111	0.0740741	0.518519	0.037037	0.037037
0.0425532	0.0638298	0.106383	0.0212766	0.234043	0.425532	0.0851064	0.0212766
0.00584795	0.0994152	0.169591	0.432749	0.122807	0.122807	0.0409357	0.00584795
0.0746269	0.0895522	0.0298507	0.0149254	0.522388	0.0447761	0.149254	0.0746269
0.030303	0.121212	0.030303	0.030303	0.212121	0.212121	0.0606061	0.30303
0.0535714	0.0714286	0.0357143	0.0892857	0.178571	0.535714	0.0178571	0.0178571
0.3	0.1	0.166667	0.1	0.166667	0.0333333	0.1	0.0333333
0.0526316	0.0526316	0.157895	0.210526	0.105263	0.105263	0.105263	0.210526
0.352941	0.0117647	0.0117647	0.0235294	0.305882	0.0117647	0.270588	0.0117647
0.0705882	0.0392157	0.0392157	0.00392157	0.439216	0.0196078	0.0862745	0.301961
0.294118	0.0588235	0.0588235	0.0588235	0.235294	0.0588235	0.176471	0.0588235
0.0283688	0.0567376	0.0070922	0.390071	0.141844	0.0212766	0.148936	0.205674
0.27027	0.135135	0.0540541	0.0540541	0.0540541	0.324324	0.0810811	0.027027
0.045977	0.0229885	0.0114943	0.0114943	0.551724	0.287356	0.0344828	0.0344828
0.0555556	0.0555556	0.0555556	0.166667	0.222222	0.333333	0.0555556	0.0555556
0.04	0.04	0.08	0.04	0.32	0.12	0.32	0.04
0.0735294	0.0588235	0.0441176	0.0147059	0.544118	0.0294118	0.132353	0.102941
0.190476	0.0793651	0.111111	0.0952381	0.333333	0.031746	0.126984	0.031746
0.125	0.125	0.125	0.125	0.125	0.125	0.125	0.125
0.0232558	0.0697674	0.186047	0.0232558	0.139535	0.372093	0.116279	0.0697674
0.0327869	0.0163934	0.0163934	0.0491803	0.147541	0.0163934	0.540984	0.180328
0.025	0.025	0.025	0.025	0.625	0.025	0.025	0.225
0.136364	0.181818	0.0454545	0.0909091	0.0454545	0.318182	0.136364	0.0454545
0.0442708	0.0286458	0.0755208	0.00260417	0.684896	0.00520833	0.0651042	0.09375
0.0416667	0.0416667	0.125	0.0416667	0.5	0.0416667	0.166667	0.0416667
0.0689655	0.0172414	0.0689655	0.0517241	0.12069	0.413793	0.172414	0.0862069
0.0833333	0.111111	0.0277778	0.0277778	0.527778	0.0833333	0.0833333	0.0555556
0.166667	0.111111	0.0555556	0.0555556	0.166667	0.277778	0.111111	0.0555556
0.215686	0.176471	0.0980392	0.137255	0.235294	0.0196078	0.0392157	0.0784314
0.0465116	0.209302	0.44186	0.0232558	0.116279	0.0930233	0.0465116	0.0232558
0.08	0.04	0.1	0.06	0.16	0.02	0.5	0.04
0.0384615	0.134615	0.0769231	0.0384615	0.230769	0.0192308	0.442308	0.0192308
0.540052	0.0516796	0.0335917	0.00775194	0.170543	0.111111	0.0620155	0.0232558
0.447368	0.236842	0.0263158	0.0263158	0.157895	0.0263158	0.0526316	0.0263158
0.0246914	0.0534979	0.0329218	0.102881	0.135802	0.00411523	0.0946502	0.55144
0.296296	0.111111	0.111111	0.037037	0.0740741	0.185185	0.148148	0.037037
0.0485714	0.0342857	0.0685714	0.0114286	0.0514286	0.605714	0.105714	0.0742857
0.08	0.08	0.04	0.08	0.04	0.56	0.04	0.08
0.00905723	0.741457	0.0712227	0.00205846	0.0860436	0.00988061	0.0366406	0.0436394
0.0140845	0.704225	0.0140845	0.0140845	0.126761	0.028169	0.056338	0.0422535
0.539326	0.011236	0.0449438	0.011236	0.292135	0.0449438	0.0449438	0.011236
0.2	0.08	0.04	0.08	0.2	0.12	0.2	0.08
0.578125	0.0625	0.015625	0.03125	0.125	0.03125	0.109375	0.046875
0.00910747	0.0637523	0.0255009	0.0145719	0.586521	0.0145719	0.0837887	0.202186
0.03125	0.03125	0.125	0.03125	0.03125	0.65625	0.0625	0.03125
0.0625	0.03125	0.0625	0.03125	0.28125	0.0625	0.21875	0.25
0.0930233	0.0465116	0.0232558	0.0465116	0.348837	0.0465116	0.0930233	0.302326
0.0652174	0.0434783	0.0217391	0.0217391	0.108696	0.652174	0.0652174	0.0217391
0.444444	0.037037	0.0123457	0.0123457	0.320988	0.0123457	0.0987654	0.0617284
0.446429	0.160714	0.0178571	0.0178571	0.196429	0.0178571	0.107143	0.0357143
0.0406504	0.0704607	0.0433604	0.0162602	0.132791	0.0271003	0.176152	0.493225
0.434783	0.0869565	0.0434783	0.0869565	0.173913	0.0434783	0.0434783	0.0869565
0.0769231	0.153846	0.0769231	0.0769231	0.230769	0.153846	0.153846	0.0769231
0.0220588	0.0220588	0.0147059	0.0220588	0.536765	0.0294118	0.00735294	0.345588
0.0344828	0.206897	0.0344828	0.0344828	0.172414	0.0344828	0.275862	0.206897
0.0909091	0.0909091	0.0909091	0.0909091	0.272727	0.0909091	0.181818	0.0909091
0.432432	0.027027	0.00900901	0.00900901	0.387387	0.0540541	0.0720721	0.00900901
0.027027	0.0810811	0.0540541	0.027027	0.324324	0.0540541	0.243243	0.189189
0.0789474	0.0263158	0.421053	0.105263	0.131579	0.157895	0.0526316	0.0263158
0.0232558	0.0930233	0.0232558	0.0465116	0.44186	0.325581	0.0232558	0.0232558
0.444444	0.0222222	0.0444444	0.0222222	0.266667	0.111111	0.0666667	0.0222222
0.0769231	0.230769	0.0769231	0.0769231	0.230769	0.153846	0.0769231	0.0769231
0.0526316	0.0526316	0.105263	0.0526316	0.157895	0.473684	0.0526316	0.0526316
0.0344828	0.103448	0.103448	0.0344828	0.241379	0.241379	0.206897	0.0344828
0.0588235	0.245098	0.107843	0.0196078	0.176471	0.0588235	0.294118	0.0392157
0.0196078	0.352941	0.0392157	0.0196078	0.294118	0.156863	0.0980392	0.0196078
0.025641	0.0128205	0.358974	0.025641	0.230769	0.230769	0.0512821	0.0641026
0.0163399	0.111111	0.591503	0.00326797	0.0686275	0.0326797	0.0915033	0.0849673
0.0652174	0.0434783	0.108696	0.130435	0.0434783	0.521739	0.0652174	0.0217391
0.0444444	0.0888889	0.0111111	0.0555556	0.4	0.0666667	0.0111111	0.322222
0.625	0.1	0.025	0.025	0.15	0.025	0.025	0.025
0.0461538	0.0384615	0.330769	0.0384615	0.292308	0.0692308	0.161538	0.0230769
0.0285714	0.0380952	0.00952381	0.00952381	0.838095	0.0285714	0.0285714	0.0190476
0.272727	0.0454545	0.0454545	0.0454545	0.409091	0.0454545	0.0454545	0.0909091
0.02	0.04	0.02	0.02	0.48	0.02	0.3	0.1
0.031746	0.015873	0.047619	0.015873	0.174603	0.650794	0.015873	0.047619
0.0373832	0.0186916	0.0560748	0.0186916	0.11215	0.71028	0.0186916	0.0280374
0.06	0.1	0.02	0.02	0.34	0.02	0.42	0.02
0.0196078	0.0392157	0.0980392	0.0392157	0.176471	0.588235	0.0196078	0.0196078
0.158879	0.0186916	0.0140187	0.00934579	0.107477	0.593458	0.0514019	0.046729
0.0333333	0.0166667	0.05	0.0166667	0.05	0.8	0.0166667	0.0166667
0.142857	0.166667	0.047619	0.047619	0.309524	0.0238095	0.0714286	0.190476
0.117647	0.117647	0.137255	0.0196078	0.431373	0.0588235	0.0392157	0.0784314
0.646341	0.0243902	0.0121951	0.0243902	0.243902	0.0121951	0.0121951	0.0243902
0.125	0.1875	0.0625	0.0625	0.1875	0.125	0.1875	0.0625
0.0588235	0.294118	0.235294	0.117647	0.0588235	0.117647	0.0588235	0.0588235
0.166667	0.0833333	0.0833333	0.0833333	0.166667	0.25	0.0833333	0.0833333
0.0285714	0.0857143	0.0571429	0.0285714	0.2	0.0571429	0.485714	0.0571429
0.0384615	0.153846	0.0384615	0.0769231	0.269231	0.0384615	0.192308	0.192308
0.428571	0.0952381	0.047619	0.047619	0.238095	0.047619	0.047619	0.047619
0.0142857	0.328571	0.142857	0.0142857	0.414286	0.0571429	0.0142857	0.0142857
0.0731707	0.0487805	0.0487805	0.0243902	0.195122	0.0243902	0.536585	0.0487805
0.0746269	0.0298507	0.164179	0.0149254	0.179104	0.402985	0.0895522	0.0447761
0.137931	0.0344828	0.344828	0.0344828	0.137931	0.0344828	0.241379	0.0344828
0.0740741	0.185185	0.111111	0.0740741	0.148148	0.185185	0.148148	0.0740741
0.0185185	0.111111	0.259259	0.037037	0.0555556	0.351852	0.148148	0.0185185
0.0461538	0.153846	0.0923077	0.0461538	0.446154	0.0307692	0.0923077	0.0923077
0.0266667	0.0533333	0.0533333	0.0133333	0.173333	0.613333	0.0266667	0.04
0.044186	0.204651	0.539535	0.0116279	0.0162791	0.127907	0.0325581	0.0232558
0.0238095	0.0238095	0.047619	0.119048	0.357143	0.357143	0.0238095	0.047619
0.0338983	0.288136	0.0338983	0.0169492	0.474576	0.101695	0.0338983	0.0169492
0.0224719	0.202247	0.303371	0.011236	0.314607	0.0224719	0.101124	0.0224719
0.0243902	0.0731707	0.146341	0.097561	0.439024	0.0731707	0.0243902	0.121951
0.125	0.05	0.0125	0.0125	0.1375	0.5	0.075	0.0875
0.167832	0.027972	0.104895	0.167832	0.202797	0.251748	0.041958	0.034965
0.0344828	0.0689655	0.0689655	0.0689655	0.344828	0.0689655	0.0689655	0.275862
0.701863	0.0186335	0.00621118	0.00621118	0.161491	0.00621118	0.0496894	0.0496894
0.0263158	0.263158	0.0263158	0.0263158	0.263158	0.0263158	0.342105	0.0263158
0.146341	0.0487805	0.0487805	0.0243902	0.341463	0.341463	0.0243902	0.0243902
0.0134228	0.0268456	0.0402685	0.0201342	0.0201342	0.825503	0.0402685	0.0134228
0.454545	0.0454545	0.0454545	0.0454545	0.227273	0.0454545	0.0454545	0.0909091
0.0357143	0.464286	0.0714286	0.0714286	0.107143	0.0357143	0.107143	0.107143
0.0357143	0.0714286	0.214286	0.0357143	0.107143	0.464286	0.0357143	0.0357143
0.031746	0.0793651	0.253968	0.0793651	0.269841	0.015873	0.190476	0.0793651
0.037037	0.037037	0.037037	0.0740741	0.351852	0.296296	0.0740741	0.0925926
0.0454545	0.181818	0.136364	0.0454545	0.272727	0.0454545	0.181818	0.0909091
0.027027	0.540541	0.0540541	0.027027	0.189189	0.027027	0.0810811	0.0540541
0.133333	0.0666667	0.0666667	0.133333	0.4	0.0666667	0.0666667	0.0666667
0.0357143	0.107143	0.0357143	0.0357143	0.5	0.0714286	0.142857	0.0714286
0.115385	0.192308	0.0769231	0.115385	0.269231	0.0384615	0.115385	0.0769231
0.291667	0.208333	0.0833333	0.0416667	0.125	0.166667	0.0416667	0.0416667
0.5875	0.0625	0.05	0.0125	0.1625	0.05	0.0125	0.0625
0.075	0.05	0.025	0.075	0.325	0.075	0.3	0.075
0.0377358	0.0754717	0.301887	0.0377358	0.301887	0.207547	0.0188679	0.0188679
0.119658	0.0512821	0.102564	0.034188	0.119658	0.179487	0.324786	0.0683761
0.00826446	0.471074	0.0578512	0.0743802	0.272727	0.0578512	0.00826446	0.0495868
0.2	0.0666667	0.133333	0.133333	0.133333	0.2	0.0666667	0.0666667
0.264706	0.117647	0.0147059	0.0294118	0.308824	0.161765	0.0735294	0.0294118
0.14	0.1	0.02	0.12	0.16	0.1	0.28	0.08
0.285714	0.0285714	0.2	0.0285714	0.314286	0.0285714	0.0571429	0.0571429
0.0273973	0.150685	0.0547945	0.164384	0.287671	0.0684932	0.191781	0.0547945
0.0666667	0.433333	0.0333333	0.0666667	0.233333	0.0666667	0.0333333	0.0666667
0.121951	0.097561	0.134146	0.182927	0.390244	0.0365854	0.0243902	0.0121951
0.1	0.3125	0.0125	0.025	0.45	0.05	0.0375	0.0125
0.00473934	0.00473934	0.744076	0.00473934	0.014218	0.00947867	0.21327	0.00473934
0.752475	0.029703	0.00990099	0.019802	0.0792079	0.00990099	0.049505	0.049505
0.142857	0.047619	0.0952381	0.047619	0.0952381	0.380952	0.142857	0.047619
0.0833333	0.125	0.0416667	0.0416667	0.0416667	0.541667	0.0833333	0.0416667
0.0952381	0.0952381	0.047619	0.047619	0.142857	0.47619	0.047619	0.047619
0.047619	0.047619	0.047619	0.047619	0.190476	0.047619	0.142857	0.428571
0.307692	0.0769231	0.0769231	0.0384615	0.0769231	0.115385	0.269231	0.0384615
0.0689655	0.0344828	0.241379	0.0689655	0.310345	0.206897	0.0344828	0.0344828
0.189189	0.0810811	0.027027	0.135135	0.351351	0.162162	0.027027	0.027027
0.0266667	0.173333	0.0933333	0.0133333	0.346667	0.0266667	0.0533333	0.266667
0.149123	0.0350877	0.00877193	0.00877193	0.210526	0.552632	0.00877193	0.0263158
0.333333	0.104167	0.0625	0.0208333	0.333333	0.104167	0.0208333	0.0208333
0.0175439	0.0701754	0.122807	0.0175439	0.210526	0.0350877	0.491228	0.0350877
0.111111	0.111111	0.222222	0.111111	0.111111	0.111111	0.111111	0.111111
0.0169492	0.474576	0.0508475	0.0169492	0.220339	0.186441	0.0169492	0.0169492
0.290909	0.0545455	0.0181818	0.0181818	0.345455	0.218182	0.0363636	0.0181818
0.176471	0.0294118	0.147059	0.0294118	0.117647	0.264706	0.176471	0.0588235
0.0666667	0.0666667	0.266667	0.0666667	0.2	0.2	0.0666667	0.0666667
0.0434783	0.0217391	0.108696	0.0217391	0.0217391	0.73913	0.0217391	0.0217391
0.0869565	0.217391	0.0434783	0.0869565	0.347826	0.0434783	0.130435	0.0434783
0.0303797	0.101266	0.00506329	0.00759494	0.587342	0.0405063	0.103797	0.124051
0.0526316	0.315789	0.0526316	0.0526316	0.157895	0.105263	0.210526	0.0526316
0.142857	0.0714286	0.142857	0.0714286	0.142857	0.142857	0.214286	0.0714286
0.166667	0.0555556	0.0277778	0.0277778	0.277778	0.361111	0.0277778	0.0555556
0.047619	0.047619	0.047619	0.190476	0.47619	0.0952381	0.047619	0.047619
0.005	0.035	0.005	0.01	0.79	0.03	0.055	0.07
0.134969	0.0490798	0.386503	0.0306748	0.239264	0.0245399	0.0552147	0.0797546
0.416667	0.111111	0.0555556	0.0555556	0.138889	0.0555556	0.0833333	0.0833333
0.132867	0.034965	0.104895	0.00699301	0.27972	0.0769231	0.342657	0.020979
0.0135135	0.0135135	0.027027	0.0135135	0.0540541	0.0540541	0.202703	0.621622
0.1	0.2	0.1	0.1	0.1	0.2	0.1	0.1
0.0103093	0.0206186	0.0206186	0.0103093	0.175258	0.0309278	0.0618557	0.670103
0.149254	0.039801	0.039801	0.00995025	0.199005	0.452736	0.0845771	0.0248756
0.131579	0.0789474	0.210526	0.0263158	0.0526316	0.289474	0.184211	0.0263158
0.481928	0.0481928	0.0361446	0.0120482	0.277108	0.0481928	0.060241	0.0361446
0.125	0.125	0.125	0.125	0.125	0.125	0.125	0.125
0.0357143	0.214286	0.142857	0.142857	0.285714	0.0357143	0.0357143	0.107143
0.0533333	0.146667	0.0133333	0.0133333	0.706667	0.0133333	0.0266667	0.0266667
0.0425532	0.304965	0.0638298	0.0212766	0.297872	0.0070922	0.22695	0.035461
0.16	0.04	0.04	0.04	0.4	0.04	0.2	0.08
0.318182	0.0909091	0.136364	0.227273	0.0909091	0.0454545	0.0454545	0.0454545
0.0555556	0.0694444	0.125	0.0138889	0.152778	0.0833333	0.375	0.125
0.142857	0.142857	0.047619	0.047619	0.333333	0.0952381	0.142857	0.047619
0.172414	0.0689655	0.206897	0.103448	0.310345	0.0344828	0.0344828	0.0689655
0.111111	0.037037	0.0740741	0.148148	0.333333	0.0740741	0.037037	0.185185
0.160494	0.160494	0.185185	0.148148	0.160494	0.0246914	0.0864198	0.0740741
0.0208333	0.1875	0.0416667	0.145833	0.1875	0.0833333	0.270833	0.0625
0.0322581	0.0967742	0.0322581	0.0645161	0.225806	0.0967742	0.225806	0.225806
0.05	0.166667	0.133333	0.0333333	0.216667	0.216667	0.166667	0.0166667
0.0185185	0.0185185	0.0555556	0.0185185	0.314815	0.166667	0.277778	0.12963
0.0810811	0.108108	0.189189	0.027027	0.243243	0.27027	0.0540541	0.027027
0.210526	0.0526316	0.157895	0.105263	0.0526316	0.210526	0.157895	0.0526316
0.1	0.05	0.05	0.05	0.3	0.05	0.1	0.3
0.0689655	0.0689655	0.103448	0.0344828	0.448276	0.0344828	0.0344828	0.206897
0.142857	0.047619	0.047619	0.0952381	0.190476	0.190476	0.238095	0.047619
0.125	0.125	0.125	0.125	0.125	0.125	0.125	0.125
0.0833333	0.0833333	0.0555556	0.0555556	0.111111	0.555556	0.0277778	0.0277778
0.138889	0.347222	0.0694444	0.0138889	0.263889	0.0277778	0.0138889	0.125
