0.0652174	0.0434783	0.195652	0.0434783	0.0652174	0.195652	0.0434783	0.23913	0.108696
0.0344828	0.0344828	0.0689655	0.206897	0.137931	0.310345	0.0344828	0.0689655	0.103448
0.00352113	0.0140845	0.0352113	0.123239	0.573944	0.00352113	0.028169	0.158451	0.0598592
0.142857	0.0357143	0.321429	0.0357143	0.0357143	0.285714	0.0714286	0.0357143	0.0357143
0.0625	0.0078125	0.03125	0.476562	0.0234375	0.0078125	0.03125	0.203125	0.15625
0.0454545	0.0909091	0.0454545	0.227273	0.136364	0.136364	0.136364	0.0454545	0.136364
0.0344828	0.0344828	0.0344828	0.0689655	0.0689655	0.62069	0.0689655	0.0344828	0.0344828
0.111111	0.111111	0.111111	0.111111	0.111111	0.111111	0.111111	0.111111	0.111111
0.0508475	0.0338983	0.0338983	0.0338983	0.186441	0.457627	0.0847458	0.0847458	0.0338983
0.138462	0.0307692	0.0153846	0.153846	0.0769231	0.0461538	0.292308	0.169231	0.0769231
0.0188679	0.0188679	0.0754717	0.0566038	0.0377358	0.471698	0.0943396	0.207547	0.0188679
0.0555556	0.138889	0.138889	0.0277778	0.25	0.0555556	0.0833333	0.222222	0.0277778
0.0425532	0.0319149	0.0106383	0.0531915	0.0425532	0.489362	0.0638298	0.255319	0.0106383
0.030303	0.030303	0.0151515	0.19697	0.363636	0.0606061	0.0454545	0.212121	0.0454545
0.0319149	0.0141844	0.120567	0.187943	0.117021	0.0390071	0.223404	0.241135	0.0248227
0.0137931	0.0206897	0.062069	0.0137931	0.103448	0.634483	0.124138	0.00689655	0.0206897
0.166667	0.0416667	0.0833333	0.0416667	0.0416667	0.375	0.0833333	0.125	0.0416667
0.0961538	0.0576923	0.0192308	0.0384615	0.0576923	0.519231	0.0961538	0.0961538	0.0192308
0.0638298	0.404255	0.0212766	0.0425532	0.0851064	0.12766	0.0425532	0.170213	0.0425532
0.162162	0.027027	0.0675676	0.027027	0.027027	0.337838	0.135135	0.189189	0.027027
0.047619	0.0634921	0.031746	0.285714	0.015873	0.031746	0.031746	0.238095	0.253968
0.02	0.02	0.42	0.06	0.08	0.04	0.14	0.1	0.12
0.0192308	0.0769231	0.0192308	0.576923	0.0192308	0.0576923	0.0192308	0.173077	0.0384615
0.1	0.1	0.1	0.1	0.2	0.1	0.1	0.1	0.1
0.0408163	0.0612245	0.0204082	0.0204082	0.0408163	0.0816327	0.326531	0.326531	0.0816327
0.148148	0.037037	0.037037	0.111111	0.111111	0.037037	0.037037	0.259259	0.222222
0.192308	0.0384615	0.0384615	0.0769231	0.0384615	0.0769231	0.269231	0.230769	0.0384615
0.2	0.333333	0.0666667	0.0666667	0.0666667	0.0666667	0.0666667	0.0666667	0.0666667
0.105263	0.0526316	0.0526316	0.105263	0.0526316	0.0526316	0.263158	0.157895	0.157895
0.00816327	0.00136054	0.0136054	0.0244898	0.0204082	0.00272109	0.0748299	0.0108844	0.843537
0.151515	0.030303	0.030303	0.181818	0.0909091	0.30303	0.121212	0.0606061	0.030303
0.0322581	0.0322581	0.0967742	0.387097	0.16129	0.0322581	0.0322581	0.193548	0.0322581
0.047619	0.222222	0.15873	0.0634921	0.15873	0.206349	0.015873	0.047619	0.0793651
0.0769231	0.0615385	0.0307692	0.230769	0.0923077	0.107692	0.0769231	0.307692	0.0153846
0.0265487	0.00884956	0.115044	0.123894	0.168142	0.00884956	0.106195	0.415929	0.0265487
0.00549451	0.00549451	0.00549451	0.142857	0.0164835	0.010989	0.010989	0.137363	0.664835
0.25	0.05	0.1	0.05	0.05	0.35	0.05	0.05	0.05
0.0333333	0.0333333	0.133333	0.0666667	0.0666667	0.366667	0.1	0.166667	0.0333333
0.0149254	0.238806	0.134328	0.119403	0.0149254	0.0447761	0.104478	0.313433	0.0149254
0.00554017	0.00554017	0.570637	0.00831025	0.185596	0.0914127	0.0138504	0.0941828	0.0249307
0.0430108	0.0107527	0.0645161	0.365591	0.0322581	0.0107527	0.0967742	0.290323	0.0860215
0.117021	0.0212766	0.0212766	0.393617	0.0638298	0.0638298	0.12766	0.170213	0.0212766
0.0454545	0.0454545	0.136364	0.136364	0.227273	0.0454545	0.0454545	0.181818	0.136364
0.0285714	0.185714	0.0285714	0.0571429	0.271429	0.1	0.0714286	0.214286	0.0428571
0.0196078	0.00490196	0.0245098	0.536765	0.117647	0.0269608	0.00735294	0.188725	0.0735294
0.0101523	0.847716	0.0152284	0.0152284	0.0304569	0.00507614	0.0152284	0.00507614	0.0558376
0.108108	0.135135	0.0540541	0.216216	0.027027	0.027027	0.162162	0.189189	0.0810811
0.0609756	0.0121951	0.390244	0.0182927	0.310976	0.0182927	0.0182927	0.158537	0.0121951
0.0789474	0.0263158	0.0263158	0.157895	0.0789474	0.0526316	0.105263	0.421053	0.0526316
0.819277	0.00803213	0.00401606	0.00803213	0.0160643	0.0160643	0.0120482	0.11245	0.00401606
0.528302	0.0377358	0.0188679	0.0754717	0.0188679	0.0188679	0.0754717	0.150943	0.0754717
0.0294118	0.0294118	0.0294118	0.0294118	0.0294118	0.647059	0.0588235	0.0882353	0.0588235
0.0763052	0.0160643	0.060241	0.0120482	0.0441767	0.156627	0.481928	0.148594	0.00401606
0.0319149	0.0531915	0.0319149	0.0106383	0.0531915	0.734043	0.0212766	0.0319149	0.0319149
0.464286	0.107143	0.0357143	0.0357143	0.0357143	0.0357143	0.0357143	0.0357143	0.214286
0.454545	0.0227273	0.113636	0.136364	0.0454545	0.0454545	0.0227273	0.0681818	0.0909091
0.025974	0.038961	0.025974	0.220779	0.0909091	0.025974	0.155844	0.298701	0.116883
0.0138889	0.0138889	0.0138889	0.611111	0.0972222	0.0694444	0.0277778	0.0277778	0.125
0.241379	0.0344828	0.0344828	0.103448	0.137931	0.172414	0.103448	0.0689655	0.103448
0.0869565	0.130435	0.0217391	0.0434783	0.195652	0.0217391	0.0869565	0.391304	0.0217391
0.0333333	0.1	0.0333333	0.0666667	0.0333333	0.0333333	0.6	0.0666667	0.0333333
0.0192308	0.0192308	0.0192308	0.230769	0.0192308	0.0384615	0.153846	0.423077	0.0769231
0.0217391	0.0217391	0.0652174	0.0652174	0.282609	0.282609	0.0652174	0.130435	0.0652174
0.00970874	0.427184	0.0194175	0.0194175	0.0679612	0.0194175	0.0485437	0.378641	0.00970874
0.0869565	0.0217391	0.152174	0.195652	0.0434783	0.23913	0.0217391	0.195652	0.0434783
0.0540541	0.189189	0.027027	0.0810811	0.135135	0.0540541	0.108108	0.324324	0.027027
0.0816327	0.0204082	0.0816327	0.0204082	0.0816327	0.428571	0.0816327	0.183673	0.0204082
0.0526316	0.0789474	0.0526316	0.0789474	0.157895	0.473684	0.0263158	0.0526316	0.0263158
0.0131579	0.131579	0.0526316	0.434211	0.0263158	0.118421	0.0394737	0.144737	0.0394737
0.04	0.08	0.04	0.5	0.08	0.06	0.06	0.12	0.02
0.0333333	0.0333333	0.133333	0.133333	0.0666667	0.333333	0.133333	0.0333333	0.1
0.111111	0.0555556	0.0555556	0.111111	0.111111	0.222222	0.166667	0.111111	0.0555556
0.304348	0.0434783	0.0434783	0.0869565	0.0869565	0.0434783	0.217391	0.130435	0.0434783
0.259259	0.0740741	0.037037	0.111111	0.148148	0.111111	0.037037	0.148148	0.0740741
0.0429448	0.00613497	0.0306748	0.190184	0.0613497	0.0122699	0.0245399	0.208589	0.423313
0.807018	0.0175439	0.0175439	0.0175439	0.0350877	0.0175439	0.0526316	0.0175439	0.0175439
0.0983607	0.0163934	0.0491803	0.0491803	0.0819672	0.0327869	0.393443	0.262295	0.0163934
0.12	0.08	0.08	0.08	0.04	0.32	0.12	0.12	0.04
0.0149254	0.0298507	0.0298507	0.402985	0.19403	0.0149254	0.0895522	0.104478	0.119403
0.0416667	0.0833333	0.0416667	0.0416667	0.166667	0.125	0.125	0.166667	0.208333
0.0555556	0.0555556	0.0555556	0.0555556	0.111111	0.0555556	0.277778	0.277778	0.0555556
0.125	0.125	0.0208333	0.0625	0.104167	0.0833333	0.333333	0.104167	0.0416667
0.102941	0.0147059	0.0588235	0.264706	0.308824	0.0735294	0.0588235	0.0588235	0.0588235
0.394737	0.105263	0.0789474	0.0263158	0.0526316	0.0789474	0.184211	0.0526316	0.0263158
0.0769231	0.0769231	0.0769231	0.0769231	0.153846	0.153846	0.0769231	0.153846	0.153846
0.111111	0.111111	0.111111	0.111111	0.111111	0.111111	0.111111	0.111111	0.111111
0.111111	0.0555556	0.0555556	0.111111	0.111111	0.0555556	0.388889	0.0555556	0.0555556
0.111111	0.111111	0.111111	0.111111	0.111111	0.111111	0.111111	0.111111	0.111111
0.0666667	0.0666667	0.0666667	0.0222222	0.244444	0.2	0.2	0.111111	0.0222222
0.0217391	0.0217391	0.0217391	0.0434783	0.326087	0.173913	0.26087	0.0869565	0.0434783
0.0344828	0.0344828	0.103448	0.206897	0.103448	0.206897	0.103448	0.172414	0.0344828
0.00847458	0.00423729	0.00423729	0.669492	0.0254237	0.0338983	0.0508475	0.148305	0.0550847
0.415385	0.0307692	0.0153846	0.0153846	0.123077	0.0153846	0.0615385	0.292308	0.0307692
0.0454545	0.204545	0.0227273	0.113636	0.0227273	0.0454545	0.0909091	0.409091	0.0454545
0.163265	0.0612245	0.0204082	0.0408163	0.0204082	0.530612	0.0816327	0.0612245	0.0204082
0.01	0.01	0.01	0.09	0.01	0.01	0.14	0.02	0.7
0.391304	0.0434783	0.0869565	0.0434783	0.130435	0.0434783	0.0434783	0.173913	0.0434783
0.0681818	0.0227273	0.00757576	0.204545	0.0378788	0.00757576	0.0454545	0.136364	0.469697
0.25	0.125	0.0625	0.0625	0.1875	0.0625	0.0625	0.0625	0.125
0.190476	0.0952381	0.047619	0.142857	0.142857	0.0952381	0.0952381	0.142857	0.047619
0.176471	0.0588235	0.0588235	0.0588235	0.176471	0.0588235	0.117647	0.235294	0.0588235
0.508306	0.00332226	0.00996678	0.0697674	0.0598007	0.00996678	0.0332226	0.292359	0.013289
0.0400211	0.0136914	0.0911006	0.00526593	0.126382	0.583992	0.0379147	0.0947867	0.00684571
0.0588235	0.117647	0.0588235	0.117647	0.0588235	0.235294	0.235294	0.0588235	0.0588235
0.0655738	0.0327869	0.0163934	0.5	0.00819672	0.0491803	0.0737705	0.204918	0.0491803
0.0545455	0.0181818	0.0181818	0.0545455	0.145455	0.0181818	0.6	0.0727273	0.0181818
0.00436681	0.00436681	0.115721	0.0611354	0.19214	0.471616	0.00873362	0.139738	0.00218341
0.473684	0.0526316	0.0526316	0.0526316	0.0526316	0.0526316	0.0526316	0.0526316	0.157895
0.00460299	0.00690449	0.0013809	0.060069	0.0379747	0.00299194	0.664212	0.121979	0.0998849
0.0625	0.125	0.03125	0.125	0.03125	0.15625	0.28125	0.125	0.0625
0.0571429	0.0285714	0.142857	0.142857	0.171429	0.0285714	0.0285714	0.285714	0.114286
0.107143	0.0357143	0.0357143	0.285714	0.142857	0.0357143	0.178571	0.107143	0.0714286
0.0175439	0.0116959	0.0116959	0.163743	0.0233918	0.0292398	0.0350877	0.298246	0.409357
0.05	0.0166667	0.0666667	0.0166667	0.15	0.383333	0.0166667	0.283333	0.0166667
0.138889	0.0277778	0.0277778	0.0277778	0.111111	0.555556	0.0277778	0.0277778	0.0555556
0.115385	0.0384615	0.0384615	0.0384615	0.115385	0.384615	0.0384615	0.115385	0.115385
0.125	0.275	0.075	0.05	0.175	0.225	0.025	0.025	0.025
0.185185	0.037037	0.0740741	0.0740741	0.037037	0.0740741	0.222222	0.222222	0.0740741
0.00675676	0.0135135	0.0135135	0.162162	0.182432	0.0202703	0.027027	0.114865	0.459459
0.1	0.05	0.025	0.15	0.1	0.125	0.1	0.225	0.125
0.0851064	0.0212766	0.0851064	0.12766	0.0638298	0.0212766	0.425532	0.0851064	0.0851064
0.0105263	0.0157895	0.0421053	0.00526316	0.305263	0.0947368	0.352632	0.163158	0.0105263
0.0461538	0.0307692	0.0307692	0.0153846	0.0307692	0.507692	0.0153846	0.307692	0.0153846
0.493333	0.0133333	0.04	0.0266667	0.0666667	0.0533333	0.04	0.213333	0.0533333
0.1	0.133333	0.0333333	0.0666667	0.133333	0.0666667	0.1	0.333333	0.0333333
0.0780347	0.00867052	0.118497	0.0144509	0.578035	0.0375723	0.0404624	0.0924855	0.0317919
0.0075188	0.0075188	0.0601504	0.0225564	0.0676692	0.496241	0.0676692	0.255639	0.0150376
0.0164234	0.00729927	0.00547445	0.0346715	0.0766423	0.0145985	0.520073	0.184307	0.140511
0.047619	0.047619	0.047619	0.047619	0.047619	0.619048	0.047619	0.047619	0.047619
0.00847458	0.0169492	0.00847458	0.0338983	0.0254237	0.0932203	0.559322	0.228814	0.0254237
0.153846	0.173077	0.0961538	0.0192308	0.0769231	0.0384615	0.211538	0.211538	0.0192308
0.122449	0.0408163	0.0408163	0.0204082	0.0204082	0.489796	0.0204082	0.22449	0.0204082
0.0614035	0.0263158	0.0263158	0.45614	0.00877193	0.00877193	0.0877193	0.27193	0.0526316
0.147208	0.0101523	0.035533	0.0406091	0.0913706	0.0456853	0.527919	0.0812183	0.0203046
0.128205	0.0512821	0.025641	0.230769	0.0769231	0.0512821	0.0769231	0.333333	0.025641
0.0833333	0.0166667	0.0166667	0.0333333	0.0333333	0.216667	0.383333	0.2	0.0166667
0.0645161	0.0967742	0.0967742	0.258065	0.0967742	0.0322581	0.0967742	0.129032	0.129032
0.00485437	0.00485437	0.592233	0.00485437	0.339806	0.0194175	0.0145631	0.00485437	0.0145631
0.02	0.02	0.04	0.26	0.04	0.02	0.1	0.34	0.16
0.307692	0.0769231	0.0769231	0.0769231	0.0769231	0.0769231	0.0769231	0.153846	0.0769231
0.0136986	0.0136986	0.0273973	0.267123	0.109589	0.0273973	0.0273973	0.472603	0.0410959
0.0263158	0.0263158	0.0526316	0.0263158	0.0263158	0.605263	0.0263158	0.184211	0.0263158
0.111111	0.111111	0.111111	0.111111	0.111111	0.111111	0.111111	0.111111	0.111111
0.130435	0.0869565	0.0869565	0.0869565	0.0434783	0.347826	0.0434783	0.0869565	0.0869565
0.153846	0.0769231	0.0769231	0.0769231	0.153846	0.0769231	0.0769231	0.153846	0.153846
0.181818	0.0909091	0.0909091	0.0909091	0.0909091	0.181818	0.0909091	0.0909091	0.0909091
0.0344828	0.0344828	0.103448	0.0344828	0.103448	0.275862	0.0344828	0.344828	0.0344828
0.0434783	0.0869565	0.0869565	0.0869565	0.173913	0.304348	0.130435	0.0434783	0.0434783
0.186047	0.0232558	0.139535	0.0465116	0.0232558	0.0465116	0.0697674	0.418605	0.0465116
0.0243902	0.0487805	0.0243902	0.0365854	0.0487805	0.0121951	0.0121951	0.768293	0.0243902
0.016129	0.00806452	0.193548	0.0564516	0.016129	0.104839	0.0322581	0.524194	0.0483871
0.00293255	0.00293255	0.00293255	0.170088	0.0234604	0.0117302	0.0234604	0.293255	0.469208
0.0526316	0.0526316	0.0526316	0.0263158	0.0263158	0.631579	0.105263	0.0263158	0.0263158
0.00847458	0.00847458	0.0254237	0.0677966	0.0254237	0.00847458	0.440678	0.381356	0.0338983
0.0555556	0.0555556	0.111111	0.277778	0.0555556	0.0555556	0.0555556	0.277778	0.0555556
0.0434783	0.0869565	0.0434783	0.0434783	0.0434783	0.478261	0.0434783	0.173913	0.0434783
0.0416667	0.0416667	0.0833333	0.0416667	0.125	0.0416667	0.291667	0.291667	0.0416667
0.123077	0.0461538	0.169231	0.0307692	0.323077	0.2	0.0153846	0.0769231	0.0153846
0.047619	0.047619	0.047619	0.190476	0.190476	0.0952381	0.047619	0.238095	0.0952381
0.019802	0.00990099	0.029703	0.0594059	0.0891089	0.00990099	0.0693069	0.267327	0.445545
0.25	0.0833333	0.0833333	0.0833333	0.0833333	0.0833333	0.0833333	0.0833333	0.166667
0.238095	0.0952381	0.047619	0.0952381	0.0952381	0.0952381	0.047619	0.190476	0.0952381
0.08	0.04	0.24	0.08	0.04	0.04	0.12	0.32	0.04
0.166667	0.111111	0.0555556	0.0555556	0.111111	0.277778	0.111111	0.0555556	0.0555556
0.0416667	0.0208333	0.0208333	0.0416667	0.0416667	0.0416667	0.291667	0.3125	0.1875
0.0365854	0.0243902	0.146341	0.0365854	0.390244	0.170732	0.0243902	0.0853659	0.0853659
0.111111	0.111111	0.111111	0.111111	0.111111	0.111111	0.111111	0.111111	0.111111
0.0333333	0.0111111	0.0888889	0.0222222	0.0333333	0.422222	0.0333333	0.3	0.0555556
0.0213523	0.224199	0.0355872	0.0142349	0.0996441	0.0284698	0.0604982	0.512456	0.00355872
0.135135	0.027027	0.027027	0.0810811	0.0540541	0.351351	0.243243	0.0540541	0.027027
0.0720721	0.00900901	0.018018	0.405405	0.0630631	0.018018	0.0630631	0.297297	0.0540541
0.0769231	0.230769	0.115385	0.0769231	0.0769231	0.0384615	0.0384615	0.307692	0.0384615
0.1	0.133333	0.0333333	0.1	0.1	0.1	0.0666667	0.2	0.166667
0.0126582	0.0126582	0.0379747	0.126582	0.113924	0.0253165	0.0126582	0.240506	0.417722
0.0714286	0.0714286	0.0714286	0.0714286	0.357143	0.142857	0.0714286	0.0714286	0.0714286
0.0322581	0.0107527	0.0107527	0.526882	0.0215054	0.0215054	0.0215054	0.344086	0.0107527
0.425	0.05	0.025	0.025	0.125	0.025	0.075	0.025	0.225
0.00655738	0.00327869	0.0885246	0.140984	0.17377	0.052459	0.0196721	0.206557	0.308197
0.0714286	0.0238095	0.0714286	0.0952381	0.238095	0.047619	0.0952381	0.333333	0.0238095
0.0192308	0.00641026	0.00641026	0.0876068	0.0277778	0.0512821	0.0235043	0.241453	0.536325
0.0105263	0.0421053	0.0631579	0.0210526	0.0315789	0.410526	0.0105263	0.389474	0.0210526
0.0215054	0.365591	0.00537634	0.0967742	0.107527	0.00537634	0.0967742	0.274194	0.0268817
0.0809249	0.017341	0.0289017	0.0289017	0.00578035	0.0115607	0.0404624	0.202312	0.583815
0.521739	0.0434783	0.0434783	0.0434783	0.0869565	0.0434783	0.0869565	0.0434783	0.0869565
0.0769231	0.0769231	0.0769231	0.384615	0.0769231	0.0769231	0.0769231	0.0769231	0.0769231
0.0107527	0.0107527	0.0645161	0.139785	0.107527	0.473118	0.0107527	0.0645161	0.11828
0.338889	0.0277778	0.0111111	0.05	0.0388889	0.1	0.133333	0.283333	0.0166667
0.0428256	0.000441501	0.610155	0.0013245	0.19117	0.0516556	0.0211921	0.0719647	0.00927152
0.0510204	0.122449	0.0408163	0.0816327	0.0510204	0.0102041	0.0204082	0.357143	0.265306
0.012987	0.0649351	0.0519481	0.12987	0.038961	0.025974	0.012987	0.649351	0.012987
0.0551724	0.0206897	0.0482759	0.0344828	0.0758621	0.158621	0.0344828	0.537931	0.0344828
0.0833333	0.0833333	0.0833333	0.166667	0.0833333	0.0833333	0.0833333	0.25	0.0833333
0.147059	0.0294118	0.0882353	0.0588235	0.0294118	0.0588235	0.352941	0.205882	0.0294118
0.210526	0.0263158	0.0263158	0.131579	0.263158	0.0789474	0.105263	0.0263158	0.131579
0.015873	0.190476	0.015873	0.0634921	0.111111	0.031746	0.0952381	0.111111	0.365079
0.04	0.00571429	0.0342857	0.245714	0.00571429	0.00571429	0.12	0.16	0.382857
0.0869565	0.0869565	0.0434783	0.0434783	0.0434783	0.521739	0.0434783	0.0869565	0.0434783
0.0449438	0.0337079	0.140449	0.0393258	0.174157	0.258427	0.219101	0.0786517	0.011236
0.08	0.16	0.08	0.12	0.08	0.16	0.04	0.2	0.08
0.0864198	0.0246914	0.037037	0.259259	0.0617284	0.037037	0.148148	0.209877	0.135802
0.0909091	0.0454545	0.0454545	0.272727	0.0909091	0.0909091	0.0454545	0.181818	0.136364
0.0344828	0.0172414	0.0344828	0.0517241	0.103448	0.62069	0.0344828	0.0862069	0.0172414
0.0333333	0.0666667	0.0166667	0.416667	0.15	0.0166667	0.1	0.15	0.05
0.0921053	0.0131579	0.394737	0.0657895	0.0657895	0.0789474	0.0657895	0.210526	0.0131579
0.0232558	0.0116279	0.0232558	0.604651	0.0116279	0.0348837	0.139535	0.0581395	0.0930233
0.0980392	0.0392157	0.117647	0.215686	0.0784314	0.137255	0.0196078	0.27451	0.0196078
0.153846	0.0384615	0.0384615	0.0769231	0.0769231	0.384615	0.115385	0.0769231	0.0384615
0.528302	0.0188679	0.0188679	0.0754717	0.0377358	0.113208	0.113208	0.0188679	0.0754717
0.0212766	0.0425532	0.0638298	0.12766	0.0212766	0.0851064	0.0212766	0.595745	0.0212766
0.02	0.1	0.02	0.02	0.02	0.06	0.04	0.7	0.02
0.0263158	0.0263158	0.342105	0.0263158	0.157895	0.157895	0.0263158	0.157895	0.0789474
0.178571	0.0357143	0.0178571	0.125	0.0357143	0.0178571	0.285714	0.285714	0.0178571
0.00443459	0.00776053	0.00332594	0.0609756	0.0620843	0.00665188	0.135255	0.0798226	0.63969
0.0546875	0.257812	0.0078125	0.03125	0.0390625	0.015625	0.125	0.4375	0.03125
0.011236	0.0224719	0.157303	0.0561798	0.280899	0.191011	0.0674157	0.0337079	0.179775
0.0208333	0.0416667	0.0208333	0.0416667	0.0625	0.479167	0.104167	0.1875	0.0416667
0.0555556	0.0555556	0.111111	0.0555556	0.0555556	0.111111	0.166667	0.333333	0.0555556
0.133333	0.0666667	0.0666667	0.0666667	0.2	0.0666667	0.266667	0.0666667	0.0666667
0.096875	0.00625	0.4125	0.05	0.059375	0.034375	0.04375	0.28125	0.015625
0.0524934	0.00524934	0.00787402	0.233596	0.0734908	0.0472441	0.12336	0.396325	0.0603675
0.117647	0.0117647	0.0470588	0.0588235	0.0823529	0.0352941	0.105882	0.164706	0.376471
0.310345	0.0344828	0.0689655	0.0344828	0.0689655	0.103448	0.206897	0.0344828	0.137931
0.0487805	0.0487805	0.0243902	0.0731707	0.0243902	0.097561	0.0487805	0.243902	0.390244
0.00740741	0.0296296	0.111111	0.340741	0.0814815	0.00740741	0.0740741	0.237037	0.111111
0.117647	0.0392157	0.235294	0.0196078	0.196078	0.196078	0.0588235	0.0980392	0.0392157
0.0425532	0.0212766	0.106383	0.0638298	0.0212766	0.595745	0.0212766	0.106383	0.0212766
0.0178571	0.178571	0.0535714	0.0892857	0.0357143	0.0178571	0.285714	0.303571	0.0178571
0.0869565	0.0869565	0.0217391	0.0217391	0.130435	0.23913	0.0652174	0.304348	0.0434783
0.0789474	0.0789474	0.289474	0.0263158	0.0526316	0.0263158	0.157895	0.263158	0.0263158
0.0444444	0.0222222	0.0222222	0.0666667	0.155556	0.4	0.0444444	0.222222	0.0222222
0.0555556	0.0555556	0.0277778	0.194444	0.138889	0.0277778	0.0277778	0.361111	0.111111
0.4	0.0285714	0.114286	0.114286	0.0285714	0.0285714	0.171429	0.0857143	0.0285714
0.0226537	0.0841424	0.0614887	0.00970874	0.0776699	0.0550162	0.346278	0.339806	0.00323625
0.0434783	0.0217391	0.108696	0.0434783	0.130435	0.0652174	0.456522	0.108696	0.0217391
0.244898	0.0204082	0.0204082	0.122449	0.183673	0.0204082	0.0612245	0.22449	0.102041
0.0666667	0.0666667	0.0666667	0.333333	0.0666667	0.133333	0.0666667	0.133333	0.0666667
0.0434783	0.0217391	0.0217391	0.391304	0.0434783	0.0217391	0.152174	0.130435	0.173913
0.0555556	0.111111	0.388889	0.166667	0.0555556	0.0555556	0.0555556	0.0555556	0.0555556
0.0857143	0.0285714	0.0285714	0.0571429	0.0857143	0.285714	0.142857	0.228571	0.0571429
0.0564784	0.00996678	0.0465116	0.225914	0.089701	0.0365449	0.156146	0.245847	0.13289
0.353846	0.0307692	0.0153846	0.107692	0.0615385	0.323077	0.0307692	0.0615385	0.0153846
0.155556	0.0444444	0.0666667	0.0444444	0.111111	0.0444444	0.422222	0.0888889	0.0222222
0.0833333	0.0166667	0.0333333	0.0333333	0.0166667	0.733333	0.05	0.0166667	0.0166667
0.08	0.008	0.12	0.032	0.272	0.288	0.032	0.136	0.032
0.0666667	0.0333333	0.0333333	0.0333333	0.0333333	0.2	0.233333	0.3	0.0666667
0.425743	0.039604	0.0891089	0.00990099	0.227723	0.148515	0.019802	0.029703	0.00990099
0.0526316	0.192982	0.0526316	0.0175439	0.0526316	0.0350877	0.245614	0.315789	0.0350877
0.344828	0.0344828	0.12069	0.0172414	0.206897	0.137931	0.0344828	0.0344828	0.0689655
0.0344828	0.0344828	0.0344828	0.103448	0.0689655	0.0344828	0.482759	0.172414	0.0344828
0.03125	0.09375	0.03125	0.0625	0.0625	0.53125	0.03125	0.09375	0.0625
0.00632911	0.0253165	0.272152	0.0189873	0.297468	0.0189873	0.0316456	0.28481	0.0443038
0.0625	0.0625	0.125	0.0625	0.25	0.125	0.1875	0.0625	0.0625
0.179487	0.0384615	0.0128205	0.0128205	0.0384615	0.628205	0.0512821	0.025641	0.0128205
0.0166667	0.00833333	0.0166667	0.116667	0.075	0.458333	0.0833333	0.2	0.025
0.12	0.12	0.08	0.04	0.2	0.04	0.08	0.28	0.04
0.027027	0.027027	0.027027	0.027027	0.0540541	0.0540541	0.486486	0.27027	0.027027
0.028169	0.0422535	0.084507	0.0140845	0.126761	0.028169	0.478873	0.15493	0.0422535
0.0322581	0.0322581	0.193548	0.225806	0.129032	0.225806	0.0322581	0.0645161	0.0645161
0.759615	0.00961538	0.00961538	0.0384615	0.0288462	0.00961538	0.0384615	0.0961538	0.00961538
0.0363636	0.236364	0.0909091	0.145455	0.0363636	0.0545455	0.145455	0.181818	0.0727273
0.0454545	0.0227273	0.0909091	0.0227273	0.0681818	0.681818	0.0227273	0.0227273	0.0227273
0.0566038	0.0566038	0.0188679	0.0943396	0.150943	0.0188679	0.0754717	0.509434	0.0188679
0.107692	0.430769	0.0153846	0.0153846	0.0307692	0.0153846	0.0153846	0.353846	0.0153846
0.00609756	0.0121951	0.0365854	0.237805	0.115854	0.0365854	0.0121951	0.52439	0.0182927
0.0689655	0.0344828	0.0344828	0.0344828	0.0344828	0.551724	0.0344828	0.137931	0.0689655
0.09375	0.0625	0.09375	0.03125	0.0625	0.4375	0.0625	0.09375	0.0625
0.115385	0.0769231	0.0384615	0.0769231	0.0384615	0.230769	0.153846	0.192308	0.0769231
0.03125	0.03125	0.09375	0.03125	0.03125	0.625	0.0625	0.0625	0.03125
0.0391566	0.521084	0.0210843	0.0271084	0.0753012	0.0240964	0.060241	0.213855	0.0180723
0.337838	0.0810811	0.027027	0.0135135	0.108108	0.0405405	0.0540541	0.310811	0.027027
0.0322581	0.0322581	0.0322581	0.0322581	0.0322581	0.0322581	0.193548	0.0967742	0.516129
0.125	0.0416667	0.0416667	0.208333	0.125	0.125	0.0416667	0.25	0.0416667
0.00826446	0.0743802	0.0247934	0.0413223	0.0165289	0.0413223	0.0165289	0.735537	0.0413223
0.142857	0.0357143	0.142857	0.25	0.107143	0.0357143	0.0357143	0.0714286	0.178571
0.111111	0.111111	0.111111	0.111111	0.111111	0.111111	0.111111	0.111111	0.111111
0.0350877	0.0701754	0.0175439	0.0175439	0.0175439	0.719298	0.0526316	0.0526316	0.0175439
0.295455	0.0227273	0.0681818	0.0454545	0.25	0.0681818	0.0227273	0.159091	0.0681818
0.0416667	0.0416667	0.0833333	0.125	0.0833333	0.208333	0.0416667	0.25	0.125
0.111111	0.111111	0.111111	0.111111	0.111111	0.111111	0.111111	0.111111	0.111111
0.0526316	0.00877193	0.0877193	0.0438596	0.0263158	0.184211	0.45614	0.0263158	0.114035
0.0769231	0.0769231	0.115385	0.192308	0.0769231	0.0384615	0.0384615	0.346154	0.0384615
0.0793651	0.031746	0.0634921	0.0634921	0.301587	0.031746	0.206349	0.15873	0.0634921
0.377778	0.0444444	0.0666667	0.0222222	0.0222222	0.155556	0.2	0.0888889	0.0222222
0.0810811	0.027027	0.0945946	0.027027	0.108108	0.567568	0.0405405	0.0405405	0.0135135
0.030303	0.030303	0.030303	0.151515	0.121212	0.212121	0.121212	0.181818	0.121212
0.0789474	0.0789474	0.0263158	0.0263158	0.0263158	0.552632	0.0526316	0.0789474	0.0789474
0.0384615	0.0384615	0.0769231	0.0384615	0.0769231	0.538462	0.0384615	0.115385	0.0384615
0.021164	0.037037	0.00529101	0.00529101	0.042328	0.587302	0.031746	0.238095	0.031746
0.04	0.04	0.04	0.52	0.04	0.04	0.04	0.2	0.04
0.0212766	0.0425532	0.0425532	0.276596	0.148936	0.0212766	0.106383	0.255319	0.0851064
0.0869565	0.0144928	0.434783	0.0724638	0.130435	0.0289855	0.0289855	0.188406	0.0144928
0.102041	0.0408163	0.142857	0.0204082	0.0816327	0.0204082	0.0204082	0.285714	0.285714
0.0833333	0.0833333	0.0833333	0.0833333	0.0833333	0.0833333	0.0833333	0.333333	0.0833333
0.125	0.0625	0.09375	0.46875	0.0625	0.03125	0.03125	0.09375	0.03125
0.0263158	0.0789474	0.342105	0.0526316	0.210526	0.131579	0.105263	0.0263158	0.0263158
0.0142857	0.0142857	0.0285714	0.0285714	0.228571	0.128571	0.0428571	0.5	0.0142857
0.206897	0.0689655	0.103448	0.0689655	0.310345	0.0344828	0.0344828	0.0344828	0.137931
0.192308	0.0769231	0.0769231	0.0384615	0.192308	0.0384615	0.0384615	0.307692	0.0384615
0.26087	0.0869565	0.0434783	0.217391	0.173913	0.0434783	0.0869565	0.0434783	0.0434783
0.0869565	0.130435	0.152174	0.0434783	0.130435	0.108696	0.0217391	0.282609	0.0434783
0.0588235	0.0294118	0.117647	0.294118	0.0294118	0.0588235	0.0588235	0.264706	0.0882353
0.0625	0.3125	0.0625	0.0625	0.0625	0.1875	0.0625	0.125	0.0625
0.0769231	0.0384615	0.0384615	0.153846	0.0384615	0.5	0.0384615	0.0769231	0.0384615
0.0149254	0.0149254	0.0298507	0.0447761	0.0149254	0.61194	0.0298507	0.208955	0.0298507
0.0434783	0.0289855	0.0144928	0.0434783	0.0144928	0.449275	0.202899	0.188406	0.0144928
0.121739	0.0173913	0.0347826	0.156522	0.104348	0.0173913	0.234783	0.26087	0.0521739
0.14	0.08	0.06	0.02	0.16	0.1	0.18	0.24	0.02
0.153846	0.0153846	0.0615385	0.276923	0.138462	0.0461538	0.0153846	0.123077	0.169231
0.218487	0.00840336	0.0588235	0.0420168	0.310924	0.0336134	0.0756303	0.218487	0.0336134
0.013587	0.0163043	0.00815217	0.279891	0.0516304	0.013587	0.0190217	0.103261	0.494565
0.047619	0.047619	0.047619	0.0952381	0.047619	0.52381	0.047619	0.047619	0.0952381
0.0454545	0.0454545	0.0909091	0.0454545	0.181818	0.0454545	0.272727	0.181818	0.0909091
0.25	0.0625	0.0625	0.1875	0.0625	0.0625	0.125	0.125	0.0625
0.0227273	0.0454545	0.227273	0.0227273	0.136364	0.318182	0.0227273	0.181818	0.0227273
0.08	0.04	0.16	0.08	0.08	0.2	0.2	0.12	0.04
0.105263	0.0263158	0.0263158	0.157895	0.0526316	0.315789	0.0526316	0.157895	0.105263
0.0232558	0.139535	0.116279	0.325581	0.0697674	0.0930233	0.0930233	0.0232558	0.116279
0.151515	0.030303	0.0606061	0.272727	0.0606061	0.030303	0.121212	0.181818	0.0909091
0.00671141	0.0134228	0.0402685	0.442953	0.0134228	0.0201342	0.00671141	0.449664	0.00671141
0.0531915	0.0212766	0.0106383	0.340426	0.0319149	0.0106383	0.0744681	0.43617	0.0212766
0.0714286	0.0714286	0.142857	0.0714286	0.0714286	0.0714286	0.285714	0.0714286	0.142857
0.0227273	0.0227273	0.0681818	0.0681818	0.0454545	0.0909091	0.386364	0.272727	0.0227273
0.0263158	0.0526316	0.0526316	0.0263158	0.0263158	0.394737	0.0789474	0.315789	0.0263158
0.0483871	0.0322581	0.016129	0.370968	0.0483871	0.0483871	0.0322581	0.33871	0.0645161
0.316832	0.0792079	0.0594059	0.019802	0.0693069	0.346535	0.019802	0.0594059	0.029703
0.0526316	0.0263158	0.0526316	0.0789474	0.131579	0.447368	0.0789474	0.105263	0.0263158
0.0272109	0.00680272	0.0170068	0.105442	0.183673	0.00340136	0.00340136	0.64966	0.00340136
0.0504202	0.0252101	0.0504202	0.0252101	0.12605	0.621849	0.0420168	0.0168067	0.0420168
0.117647	0.0294118	0.0294118	0.0882353	0.0294118	0.441176	0.117647	0.0294118	0.117647
0.038961	0.012987	0.038961	0.311688	0.038961	0.025974	0.038961	0.103896	0.38961
0.245614	0.0175439	0.0175439	0.0175439	0.0350877	0.421053	0.105263	0.0175439	0.122807
0.0277778	0.0277778	0.0277778	0.0833333	0.0555556	0.666667	0.0277778	0.0555556	0.0277778
0.129032	0.0645161	0.258065	0.0967742	0.129032	0.225806	0.0322581	0.0322581	0.0322581
0.0909091	0.0363636	0.363636	0.0909091	0.0363636	0.0545455	0.0363636	0.254545	0.0363636
0.0384615	0.0384615	0.0192308	0.0384615	0.0769231	0.730769	0.0192308	0.0192308	0.0192308
0.0434783	0.0434783	0.0434783	0.0869565	0.130435	0.391304	0.0434783	0.173913	0.0434783
0.119048	0.0238095	0.047619	0.0238095	0.047619	0.452381	0.0714286	0.190476	0.0238095
0.0515464	0.0103093	0.123711	0.0206186	0.216495	0.103093	0.28866	0.123711	0.0618557
0.178571	0.0178571	0.0178571	0.0178571	0.0178571	0.160714	0.160714	0.375	0.0535714
0.016129	0.0322581	0.0645161	0.0806452	0.16129	0.387097	0.0322581	0.209677	0.016129
0.0277778	0.0277778	0.0277778	0.25	0.0277778	0.333333	0.0277778	0.222222	0.0555556
0.111111	0.111111	0.111111	0.111111	0.111111	0.111111	0.111111	0.111111	0.111111
0.684783	0.0108696	0.0108696	0.0108696	0.0108696	0.0108696	0.130435	0.119565	0.0108696
0.125	0.0416667	0.0416667	0.0833333	0.0833333	0.291667	0.208333	0.0416667	0.0833333
0.132075	0.0566038	0.0377358	0.0188679	0.113208	0.377358	0.226415	0.0188679	0.0188679
0.0222222	0.0222222	0.0666667	0.488889	0.0222222	0.0666667	0.111111	0.155556	0.0444444
0.0555556	0.0138889	0.0138889	0.0138889	0.0555556	0.611111	0.0555556	0.166667	0.0138889
0.00694444	0.0138889	0.0486111	0.284722	0.125	0.0625	0.159722	0.222222	0.0763889
0.039823	0.0221239	0.0442478	0.0663717	0.163717	0.00442478	0.0176991	0.168142	0.473451
0.0449438	0.0280899	0.0224719	0.207865	0.550562	0.0674157	0.0224719	0.0505618	0.00561798
0.0136986	0.109589	0.0821918	0.0136986	0.342466	0.246575	0.0958904	0.0821918	0.0136986
0.037037	0.037037	0.037037	0.037037	0.037037	0.62963	0.037037	0.037037	0.111111
0.307692	0.0769231	0.0769231	0.0769231	0.0769231	0.0769231	0.0769231	0.0769231	0.153846
0.0465116	0.0930233	0.348837	0.0465116	0.186047	0.116279	0.0930233	0.0465116	0.0232558
0.0877193	0.0877193	0.0877193	0.0175439	0.122807	0.403509	0.0701754	0.105263	0.0175439
0.0136986	0.0273973	0.0136986	0.0958904	0.246575	0.219178	0.0547945	0.315068	0.0136986
0.025	0.025	0.425	0.1	0.05	0.075	0.025	0.25	0.025
0.0322581	0.0322581	0.0645161	0.0322581	0.16129	0.387097	0.193548	0.0645161	0.0322581
0.0731707	0.0487805	0.121951	0.0487805	0.0487805	0.463415	0.0243902	0.121951	0.0487805
0.0277778	0.0555556	0.0555556	0.416667	0.138889	0.0277778	0.0555556	0.111111	0.111111
0.0338983	0.118644	0.20339	0.135593	0.0169492	0.288136	0.0338983	0.135593	0.0338983
0.0169492	0.0169492	0.0847458	0.0169492	0.0169492	0.728814	0.0169492	0.0847458	0.0169492
0.121212	0.030303	0.181818	0.0606061	0.212121	0.0909091	0.0606061	0.151515	0.0909091
0.142857	0.0357143	0.0357143	0.0714286	0.0714286	0.535714	0.0357143	0.0357143	0.0357143
0.0416667	0.0416667	0.0208333	0.0208333	0.104167	0.333333	0.270833	0.145833	0.0208333
0.0697674	0.354651	0.0813953	0.0697674	0.180233	0.122093	0.0406977	0.0639535	0.0174419
0.0735294	0.0294118	0.0294118	0.338235	0.0441176	0.0441176	0.102941	0.279412	0.0588235
0.0294118	0.147059	0.0882353	0.294118	0.117647	0.117647	0.0294118	0.0882353	0.0882353
0.0175439	0.0175439	0.0526316	0.0350877	0.0350877	0.54386	0.0526316	0.22807	0.0175439
0.0645161	0.0322581	0.193548	0.0322581	0.0322581	0.0322581	0.322581	0.225806	0.0645161
0.1	0.05	0.1	0.45	0.05	0.1	0.05	0.05	0.05
0.139535	0.0348837	0.0116279	0.0465116	0.0232558	0.0116279	0.569767	0.139535	0.0232558
0.0429688	0.00390625	0.0351562	0.527344	0.0664062	0.0117188	0.0390625	0.214844	0.0585938
0.0555556	0.0555556	0.0555556	0.0555556	0.111111	0.166667	0.166667	0.277778	0.0555556
0.028169	0.0140845	0.0140845	0.147887	0.112676	0.0211268	0.0704225	0.0211268	0.570423
0.131579	0.0263158	0.0526316	0.0789474	0.105263	0.315789	0.105263	0.157895	0.0263158
0.0227273	0.0113636	0.0113636	0.159091	0.0909091	0.261364	0.0340909	0.352273	0.0568182
0.0526316	0.157895	0.157895	0.210526	0.0526316	0.157895	0.0526316	0.105263	0.0526316
0.0769231	0.0384615	0.0384615	0.0384615	0.0769231	0.0769231	0.0769231	0.307692	0.269231
0.115942	0.0144928	0.0289855	0.347826	0.0724638	0.0144928	0.0289855	0.304348	0.0724638
0.265625	0.03125	0.03125	0.078125	0.15625	0.015625	0.171875	0.234375	0.015625
0.111111	0.111111	0.111111	0.111111	0.111111	0.111111	0.111111	0.111111	0.111111
0.0681818	0.0227273	0.0227273	0.113636	0.25	0.272727	0.0227273	0.204545	0.0227273
0.0322581	0.0322581	0.016129	0.322581	0.145161	0.016129	0.0483871	0.145161	0.241935
0.0243902	0.0243902	0.0243902	0.463415	0.0243902	0.0243902	0.097561	0.243902	0.0731707
0.0434783	0.0869565	0.0434783	0.130435	0.217391	0.130435	0.26087	0.0434783	0.0434783
0.0207792	0.00519481	0.00519481	0.415584	0.0779221	0.0233766	0.0727273	0.319481	0.0597403
0.04	0.04	0.08	0.08	0.04	0.04	0.16	0.44	0.08
0.0508475	0.0169492	0.0847458	0.118644	0.0677966	0.457627	0.0338983	0.152542	0.0169492
0.027027	0.027027	0.027027	0.027027	0.027027	0.027027	0.351351	0.405405	0.0810811
0.157895	0.0526316	0.0526316	0.105263	0.0526316	0.157895	0.157895	0.210526	0.0526316
0.134615	0.0769231	0.0384615	0.134615	0.0576923	0.0576923	0.230769	0.173077	0.0961538
0.0909091	0.0681818	0.340909	0.0227273	0.0681818	0.0454545	0.0227273	0.272727	0.0681818
0.431373	0.0588235	0.117647	0.0392157	0.0980392	0.0196078	0.0784314	0.0980392	0.0588235
0.0566038	0.0377358	0.0566038	0.45283	0.0188679	0.0377358	0.0754717	0.245283	0.0188679
0.00515464	0.0180412	0.0206186	0.0206186	0.0747423	0.0876289	0.590206	0.170103	0.0128866
0.538462	0.025641	0.025641	0.025641	0.0512821	0.025641	0.0512821	0.205128	0.0512821
0.0204918	0.0901639	0.0122951	0.057377	0.0532787	0.00409836	0.0860656	0.0409836	0.635246
0.107143	0.0357143	0.0714286	0.178571	0.178571	0.142857	0.214286	0.0357143	0.0357143
0.0911681	0.014245	0.048433	0.105413	0.045584	0.621083	0.042735	0.00569801	0.025641
0.0384615	0.0769231	0.0769231	0.0384615	0.115385	0.5	0.0769231	0.0384615	0.0384615
0.00946502	0.449794	0.045679	0.0279835	0.25679	0.00288066	0.00823045	0.160905	0.0382716
0.0277778	0.555556	0.0138889	0.0555556	0.166667	0.0416667	0.0138889	0.0833333	0.0416667
0.422222	0.0111111	0.111111	0.0111111	0.0333333	0.0222222	0.366667	0.0111111	0.0111111
0.230769	0.115385	0.0384615	0.0769231	0.192308	0.0384615	0.153846	0.115385	0.0384615
0.569231	0.0307692	0.0153846	0.0769231	0.0769231	0.0153846	0.123077	0.0769231	0.0153846
0.00181818	0.0127273	0.0290909	0.550909	0.0545455	0.0181818	0.0218182	0.28	0.0309091
0.030303	0.030303	0.121212	0.030303	0.0606061	0.606061	0.030303	0.0606061	0.030303
0.030303	0.030303	0.0606061	0.393939	0.030303	0.030303	0.0606061	0.151515	0.212121
0.113636	0.0227273	0.0227273	0.204545	0.113636	0.0454545	0.0227273	0.227273	0.227273
0.0212766	0.0638298	0.0638298	0.0425532	0.0638298	0.553191	0.0425532	0.12766	0.0212766
0.0365854	0.0121951	0.0121951	0.146341	0.0731707	0.0365854	0.536585	0.097561	0.0487805
0.385965	0.0350877	0.0175439	0.0877193	0.105263	0.0350877	0.122807	0.192982	0.0175439
0.0297297	0.0027027	0.0540541	0.0648649	0.121622	0.00540541	0.208108	0.0432432	0.47027
0.583333	0.0416667	0.0416667	0.0416667	0.0416667	0.0416667	0.0416667	0.125	0.0416667
0.0714286	0.0714286	0.0714286	0.142857	0.214286	0.142857	0.0714286	0.142857	0.0714286
0.0364964	0.00729927	0.00729927	0.751825	0.0510949	0.00729927	0.0510949	0.0729927	0.0145985
0.0333333	0.133333	0.0333333	0.166667	0.233333	0.0333333	0.0333333	0.3	0.0333333
0.0833333	0.0833333	0.0833333	0.0833333	0.0833333	0.0833333	0.0833333	0.333333	0.0833333
0.241071	0.00892857	0.0178571	0.0178571	0.0535714	0.107143	0.214286	0.303571	0.0357143
0.131579	0.0263158	0.105263	0.236842	0.105263	0.0263158	0.0263158	0.263158	0.0789474
0.0512821	0.0769231	0.435897	0.025641	0.0769231	0.102564	0.0512821	0.153846	0.025641
0.0227273	0.0227273	0.0909091	0.0227273	0.0454545	0.431818	0.0454545	0.295455	0.0227273
0.0217391	0.0217391	0.0217391	0.0434783	0.0217391	0.108696	0.413043	0.326087	0.0217391
0.142857	0.0714286	0.0714286	0.214286	0.0714286	0.142857	0.0714286	0.142857	0.0714286
0.05	0.05	0.05	0.05	0.1	0.5	0.05	0.1	0.05
0.0333333	0.0333333	0.0666667	0.0333333	0.1	0.166667	0.2	0.266667	0.1
0.0582524	0.0485437	0.0485437	0.0873786	0.223301	0.0485437	0.0291262	0.407767	0.0485437
0.0384615	0.211538	0.0384615	0.0769231	0.192308	0.0384615	0.0384615	0.346154	0.0192308
0.0126582	0.0126582	0.417722	0.0632911	0.0253165	0.0886076	0.139241	0.164557	0.0759494
0.0228013	0.00651466	0.530945	0.0228013	0.201954	0.00651466	0.0130293	0.13355	0.0618893
0.0851064	0.0851064	0.106383	0.0212766	0.0638298	0.574468	0.0212766	0.0212766	0.0212766
0.0879121	0.021978	0.032967	0.428571	0.032967	0.010989	0.043956	0.208791	0.131868
0.487805	0.0487805	0.0243902	0.0243902	0.0731707	0.0731707	0.0243902	0.219512	0.0243902
0.00763359	0.00763359	0.29771	0.0229008	0.0992366	0.0763359	0.152672	0.29771	0.0381679
0.0188679	0.00943396	0.00943396	0.641509	0.0377358	0.0283019	0.0471698	0.198113	0.00943396
0.173913	0.0434783	0.0434783	0.0434783	0.0869565	0.0434783	0.478261	0.0434783	0.0434783
0.117647	0.0196078	0.0196078	0.352941	0.0392157	0.0588235	0.196078	0.0980392	0.0980392
0.015625	0.015625	0.109375	0.03125	0.015625	0.5625	0.0625	0.171875	0.015625
0.0277778	0.00925926	0.0277778	0.0277778	0.0555556	0.703704	0.0277778	0.101852	0.0185185
0.0196078	0.0196078	0.0196078	0.0784314	0.0588235	0.0196078	0.176471	0.568627	0.0392157
0.0576923	0.0192308	0.115385	0.0384615	0.0192308	0.5	0.0192308	0.192308	0.0384615
0.223256	0.00465116	0.00465116	0.0697674	0.0604651	0.52093	0.0139535	0.0976744	0.00465116
0.0163934	0.0163934	0.0163934	0.0327869	0.0163934	0.786885	0.0163934	0.0819672	0.0163934
0.116279	0.0465116	0.0465116	0.255814	0.186047	0.0232558	0.0465116	0.209302	0.0697674
0.0192308	0.0192308	0.0384615	0.0384615	0.0192308	0.0576923	0.0384615	0.634615	0.134615
0.698795	0.0120482	0.0120482	0.0120482	0.0240964	0.0240964	0.0240964	0.156627	0.0361446
0.294118	0.117647	0.117647	0.0588235	0.0588235	0.117647	0.117647	0.0588235	0.0588235
0.166667	0.0555556	0.0555556	0.0555556	0.388889	0.111111	0.0555556	0.0555556	0.0555556
0.153846	0.0769231	0.0769231	0.153846	0.0769231	0.230769	0.0769231	0.0769231	0.0769231
0.0277778	0.0555556	0.0555556	0.555556	0.0833333	0.0555556	0.0555556	0.0833333	0.0277778
0.037037	0.037037	0.0740741	0.333333	0.0740741	0.037037	0.0740741	0.148148	0.185185
0.363636	0.0454545	0.0454545	0.0909091	0.0454545	0.0454545	0.0454545	0.272727	0.0454545
0.0422535	0.0140845	0.126761	0.126761	0.028169	0.0422535	0.056338	0.549296	0.0140845
0.0714286	0.0238095	0.047619	0.357143	0.190476	0.047619	0.142857	0.0714286	0.047619
0.117647	0.0147059	0.176471	0.0147059	0.0441176	0.397059	0.147059	0.0588235	0.0294118
0.233333	0.0333333	0.266667	0.2	0.1	0.0333333	0.0666667	0.0333333	0.0333333
0.0357143	0.107143	0.107143	0.0357143	0.178571	0.214286	0.107143	0.142857	0.0714286
0.0545455	0.0181818	0.345455	0.0545455	0.218182	0.181818	0.0363636	0.0727273	0.0181818
0.0454545	0.0151515	0.0909091	0.30303	0.030303	0.0454545	0.121212	0.30303	0.0454545
0.0789474	0.0131579	0.0394737	0.0263158	0.0263158	0.486842	0.131579	0.171053	0.0263158
0.025522	0.0232019	0.561485	0.00232019	0.206497	0.0904872	0.062645	0.0185615	0.00928074
0.0232558	0.0930233	0.0930233	0.0930233	0.0465116	0.395349	0.0232558	0.209302	0.0232558
0.0666667	0.116667	0.05	0.216667	0.0333333	0.0833333	0.1	0.316667	0.0166667
0.0444444	0.0222222	0.211111	0.0333333	0.0888889	0.0222222	0.0222222	0.544444	0.0111111
0.190476	0.0238095	0.047619	0.428571	0.142857	0.0238095	0.0238095	0.0952381	0.0238095
0.0246914	0.037037	0.0246914	0.0493827	0.0740741	0.469136	0.222222	0.0864198	0.0123457
0.0486111	0.0208333	0.0138889	0.0416667	0.229167	0.208333	0.243056	0.138889	0.0555556
0.0333333	0.0666667	0.0333333	0.333333	0.1	0.0333333	0.0333333	0.2	0.166667
0.703704	0.00617284	0.00617284	0.0246914	0.0679012	0.00617284	0.0493827	0.117284	0.0185185
0.025641	0.128205	0.025641	0.0769231	0.025641	0.025641	0.230769	0.435897	0.025641
0.047619	0.0952381	0.119048	0.0238095	0.0238095	0.214286	0.0714286	0.309524	0.0952381
0.00666667	0.0133333	0.0133333	0.0133333	0.0933333	0.793333	0.0533333	0.00666667	0.00666667
0.434783	0.0434783	0.0434783	0.0434783	0.0434783	0.0434783	0.0869565	0.217391	0.0434783
0.0344828	0.241379	0.0344828	0.0344828	0.137931	0.0344828	0.103448	0.275862	0.103448
0.0689655	0.0344828	0.103448	0.0344828	0.137931	0.37931	0.0344828	0.172414	0.0344828
0.15625	0.015625	0.34375	0.0625	0.0625	0.015625	0.03125	0.234375	0.078125
0.109091	0.0181818	0.0727273	0.163636	0.0727273	0.145455	0.0363636	0.309091	0.0727273
0.0434783	0.0434783	0.217391	0.0869565	0.173913	0.0434783	0.26087	0.0869565	0.0434783
