0.204545	0.295455	0.159091	0.0681818	0.0909091	0.0909091	0.0909091
0.037037	0.0740741	0.259259	0.296296	0.037037	0.037037	0.259259
0.198582	0.475177	0.0992908	0.173759	0.0070922	0.0390071	0.0070922
0.115385	0.0384615	0.615385	0.0384615	0.0769231	0.0384615	0.0769231
0.18254	0.031746	0.0238095	0.492063	0.047619	0.214286	0.00793651
0.1	0.1	0.1	0.3	0.05	0.25	0.1
0.0740741	0.037037	0.0740741	0.0740741	0.0740741	0.037037	0.62963
0.142857	0.142857	0.142857	0.142857	0.142857	0.142857	0.142857
0.280702	0.0175439	0.0350877	0.122807	0.0701754	0.0526316	0.421053
0.206349	0.111111	0.015873	0.238095	0.111111	0.253968	0.0634921
0.176471	0.0588235	0.313725	0.196078	0.0392157	0.0588235	0.156863
0.235294	0.382353	0.147059	0.0294118	0.117647	0.0588235	0.0294118
0.358696	0.0434783	0.326087	0.0543478	0.076087	0.0217391	0.119565
0.125	0.046875	0.015625	0.5625	0.078125	0.03125	0.140625
0.267857	0.132143	0.196429	0.285714	0.0357143	0.0678571	0.0142857
0.174825	0.041958	0.0909091	0.041958	0.00699301	0.013986	0.629371
0.227273	0.0909091	0.272727	0.0454545	0.136364	0.0454545	0.181818
0.32	0.04	0.02	0.08	0.1	0.02	0.42
0.0888889	0.666667	0.0222222	0.0444444	0.0666667	0.0222222	0.0888889
0.125	0.138889	0.166667	0.166667	0.180556	0.0555556	0.166667
0.131148	0.0163934	0.0163934	0.508197	0.0491803	0.262295	0.0163934
0.270833	0.0416667	0.479167	0.0416667	0.0833333	0.0625	0.0208333
0.04	0.08	0.02	0.78	0.04	0.02	0.02
0.125	0.125	0.125	0.125	0.25	0.125	0.125
0.574468	0.0425532	0.0212766	0.191489	0.0425532	0.0851064	0.0425532
0.16	0.2	0.04	0.08	0.12	0.28	0.12
0.375	0.0416667	0.0833333	0.25	0.0833333	0.125	0.0416667
0.0769231	0.0769231	0.153846	0.0769231	0.307692	0.0769231	0.230769
0.352941	0.0588235	0.0588235	0.176471	0.0588235	0.235294	0.0588235
0.0313779	0.0272851	0.0095498	0.0272851	0.0122783	0.886767	0.00545703
0.129032	0.0322581	0.129032	0.354839	0.0645161	0.0322581	0.258065
0.172414	0.172414	0.103448	0.448276	0.0344828	0.0344828	0.0344828
0.0327869	0.540984	0.131148	0.0163934	0.0327869	0.131148	0.114754
0.206349	0.0952381	0.0952381	0.412698	0.0634921	0.015873	0.111111
0.216216	0.324324	0.0990991	0.279279	0.045045	0.018018	0.018018
0.0888889	0.0111111	0.0111111	0.244444	0.00555556	0.627778	0.0111111
0.111111	0.0555556	0.0555556	0.0555556	0.222222	0.0555556	0.444444
0.428571	0.0357143	0.107143	0.0714286	0.0357143	0.0714286	0.25
0.184615	0.2	0.153846	0.230769	0.0615385	0.0307692	0.138462
0.0306407	0.192201	0.693593	0.0473538	0.0111421	0.0139276	0.0111421
0.241758	0.021978	0.0659341	0.538462	0.032967	0.0879121	0.010989
0.206522	0.0326087	0.0108696	0.521739	0.0652174	0.0652174	0.0978261
0.2	0.2	0.05	0.2	0.05	0.25	0.05
0.279412	0.382353	0.102941	0.161765	0.0441176	0.0147059	0.0147059
0.140394	0.0837438	0.0640394	0.596059	0.0270936	0.0862069	0.00246305
0.0102564	0.00512821	0.00512821	0.00512821	0.0461538	0.158974	0.769231
0.114286	0.314286	0.0857143	0.314286	0.0285714	0.114286	0.0285714
0.166667	0.0185185	0.592593	0.111111	0.0555556	0.0308642	0.0246914
0.361111	0.0277778	0.0277778	0.361111	0.0833333	0.111111	0.0277778
0.097166	0.0121457	0.00404858	0.0566802	0.817814	0.00809717	0.00404858
0.176471	0.0196078	0.0392157	0.137255	0.54902	0.0392157	0.0392157
0.28125	0.03125	0.03125	0.03125	0.03125	0.03125	0.5625
0.684211	0.0121457	0.0850202	0.0404858	0.0404858	0.0121457	0.125506
0.195652	0.0108696	0.108696	0.0108696	0.0217391	0.0326087	0.619565
0.0384615	0.0384615	0.0769231	0.0769231	0.576923	0.153846	0.0384615
0.0238095	0.0238095	0.142857	0.119048	0.52381	0.142857	0.0238095
0.32	0.0133333	0.0133333	0.36	0.0533333	0.226667	0.0133333
0.0142857	0.0428571	0.0142857	0.642857	0.0857143	0.157143	0.0428571
0.111111	0.111111	0.148148	0.185185	0.296296	0.037037	0.111111
0.295455	0.409091	0.0227273	0.136364	0.0681818	0.0454545	0.0227273
0.714286	0.0714286	0.0357143	0.0357143	0.0357143	0.0714286	0.0357143
0.42	0.02	0.06	0.28	0.04	0.14	0.04
0.295455	0.0909091	0.363636	0.0227273	0.0681818	0.0681818	0.0909091
0.227723	0.584158	0.029703	0.039604	0.0891089	0.019802	0.00990099
0.113636	0.0681818	0.25	0.295455	0.0227273	0.0909091	0.159091
0.114286	0.314286	0.0285714	0.314286	0.114286	0.0571429	0.0571429
0.191489	0.0425532	0.0851064	0.0425532	0.0638298	0.0638298	0.510638
0.194444	0.111111	0.166667	0.0555556	0.0833333	0.0833333	0.305556
0.202703	0.0810811	0.0405405	0.324324	0.027027	0.243243	0.0810811
0.0416667	0.145833	0.0416667	0.5	0.145833	0.0833333	0.0416667
0.142857	0.0357143	0.178571	0.178571	0.0357143	0.0357143	0.392857
0.1875	0.125	0.0625	0.0625	0.125	0.375	0.0625
0.142857	0.0952381	0.047619	0.047619	0.52381	0.0952381	0.047619
0.04	0.16	0.08	0.16	0.48	0.04	0.04
0.15528	0.0310559	0.0186335	0.304348	0.0186335	0.465839	0.00621118
0.0909091	0.0181818	0.0181818	0.0363636	0.8	0.0181818	0.0181818
0.677966	0.0169492	0.0169492	0.152542	0.0508475	0.0169492	0.0677966
0.217391	0.0434783	0.0434783	0.173913	0.0434783	0.0434783	0.434783
0.246154	0.0307692	0.0307692	0.384615	0.0923077	0.184615	0.0307692
0.0454545	0.227273	0.0909091	0.136364	0.136364	0.227273	0.136364
0.375	0.1875	0.125	0.125	0.0625	0.0625	0.0625
0.369565	0.108696	0.0217391	0.0869565	0.130435	0.0652174	0.217391
0.166667	0.136364	0.136364	0.166667	0.287879	0.030303	0.0757576
0.166667	0.0277778	0.138889	0.0555556	0.444444	0.0277778	0.138889
0.0909091	0.363636	0.0909091	0.0909091	0.0909091	0.181818	0.0909091
0.142857	0.142857	0.142857	0.142857	0.142857	0.142857	0.142857
0.375	0.125	0.125	0.0625	0.125	0.0625	0.125
0.142857	0.142857	0.142857	0.142857	0.142857	0.142857	0.142857
0.395349	0.0465116	0.27907	0.0232558	0.0465116	0.0232558	0.186047
0.227273	0.181818	0.227273	0.0909091	0.0454545	0.0227273	0.204545
0.481481	0.0740741	0.0740741	0.111111	0.0740741	0.037037	0.148148
0.111111	0.0512821	0.0128205	0.67094	0.0128205	0.132479	0.00854701
0.333333	0.015873	0.047619	0.174603	0.380952	0.031746	0.015873
0.333333	0.261905	0.0238095	0.285714	0.0238095	0.047619	0.0238095
0.212766	0.0212766	0.106383	0.0425532	0.0212766	0.0212766	0.574468
0.0714286	0.0102041	0.0102041	0.0918367	0.0204082	0.77551	0.0204082
0.0952381	0.0952381	0.142857	0.190476	0.380952	0.047619	0.047619
0.115385	0.0230769	0.0384615	0.392308	0.0153846	0.407692	0.00769231
0.142857	0.0714286	0.0714286	0.0714286	0.428571	0.142857	0.0714286
0.368421	0.0526316	0.0526316	0.105263	0.210526	0.0526316	0.157895
0.333333	0.0666667	0.0666667	0.2	0.2	0.0666667	0.0666667
0.38796	0.0668896	0.0167224	0.113712	0.404682	0.00668896	0.00334448
0.219821	0.0600949	0.207696	0.0242488	0.0311017	0.00790722	0.44913
0.4	0.0666667	0.133333	0.0666667	0.0666667	0.0666667	0.2
0.15	0.166667	0.00833333	0.608333	0.025	0.025	0.0166667
0.660377	0.0188679	0.0566038	0.0754717	0.0377358	0.113208	0.0377358
0.155702	0.0109649	0.517544	0.155702	0.0153509	0.00877193	0.135965
0.0588235	0.0588235	0.0588235	0.0588235	0.529412	0.176471	0.0588235
0.325351	0.0435183	0.00345383	0.446235	0.0122035	0.166245	0.00299332
0.433333	0.1	0.0333333	0.0333333	0.2	0.133333	0.0666667
0.212121	0.0606061	0.181818	0.30303	0.0606061	0.151515	0.030303
0.307692	0.0769231	0.0384615	0.423077	0.0769231	0.0384615	0.0384615
0.213018	0.0473373	0.0118343	0.301775	0.00591716	0.408284	0.0118343
0.431034	0.0517241	0.137931	0.0344828	0.0517241	0.0344828	0.258621
0.176471	0.0588235	0.0588235	0.0294118	0.0882353	0.0588235	0.529412
0.166667	0.0416667	0.0416667	0.0416667	0.166667	0.0416667	0.5
0.0263158	0.0526316	0.394737	0.0263158	0.342105	0.0263158	0.131579
0.28	0.08	0.08	0.28	0.08	0.08	0.12
0.0410959	0.0821918	0.0205479	0.273973	0.00684932	0.554795	0.0205479
0.315789	0.0263158	0.0263158	0.289474	0.157895	0.0526316	0.131579
0.488889	0.0222222	0.111111	0.177778	0.0666667	0.0888889	0.0444444
0.702128	0.0531915	0.101064	0.0691489	0.0106383	0.0319149	0.0319149
0.333333	0.0793651	0.015873	0.031746	0.047619	0.047619	0.444444
0.287671	0.109589	0.0136986	0.0547945	0.452055	0.0684932	0.0136986
0.285714	0.285714	0.0357143	0.214286	0.0714286	0.0357143	0.0714286
0.107558	0.40407	0.194767	0.0406977	0.0552326	0.110465	0.0872093
0.396947	0.0305344	0.122137	0.0381679	0.0229008	0.0152672	0.374046
0.355311	0.0567766	0.00549451	0.241758	0.117216	0.216117	0.00732601
0.157895	0.0526316	0.0526316	0.0526316	0.0526316	0.105263	0.526316
0.732759	0.00862069	0.0172414	0.0948276	0.0431034	0.00862069	0.0948276
0.4	0.02	0.12	0.04	0.3	0.02	0.1
0.468085	0.0425532	0.0638298	0.0212766	0.12766	0.0425532	0.234043
0.169643	0.142857	0.0178571	0.5	0.0982143	0.0625	0.00892857
0.717949	0.0410256	0.102564	0.025641	0.0410256	0.0205128	0.0512821
0.243243	0.108108	0.0540541	0.216216	0.297297	0.027027	0.0540541
0.568966	0.0862069	0.0172414	0.0862069	0.0344828	0.0344828	0.172414
0.103448	0.172414	0.137931	0.344828	0.103448	0.103448	0.0344828
0.00490196	0.132353	0.735294	0.0637255	0.0441176	0.00490196	0.0147059
0.25	0.0625	0.0416667	0.333333	0.0208333	0.270833	0.0208333
0.0909091	0.0909091	0.0909091	0.181818	0.363636	0.0909091	0.0909091
0.347222	0.159722	0.0277778	0.388889	0.00694444	0.0555556	0.0138889
0.277778	0.0555556	0.138889	0.0555556	0.0277778	0.0277778	0.416667
0.142857	0.142857	0.142857	0.142857	0.142857	0.142857	0.142857
0.0952381	0.047619	0.142857	0.142857	0.047619	0.142857	0.380952
0.0909091	0.0909091	0.0909091	0.363636	0.0909091	0.0909091	0.181818
0.222222	0.111111	0.111111	0.111111	0.222222	0.111111	0.111111
0.407407	0.148148	0.222222	0.037037	0.037037	0.037037	0.111111
0.190476	0.047619	0.142857	0.190476	0.047619	0.047619	0.333333
0.439024	0.0243902	0.121951	0.121951	0.170732	0.0487805	0.0731707
0.225	0.55	0.0125	0.15	0.0125	0.0375	0.0125
0.393443	0.204918	0.172131	0.114754	0.0245902	0.0163934	0.0737705
0.171091	0.0176991	0.00589971	0.309735	0.0117994	0.471976	0.0117994
0.166667	0.0555556	0.138889	0.0277778	0.0555556	0.0277778	0.527778
0.698276	0.0862069	0.0172414	0.163793	0.00862069	0.0172414	0.00862069
0.3125	0.0625	0.0625	0.3125	0.0625	0.0625	0.125
0.047619	0.142857	0.047619	0.047619	0.047619	0.047619	0.619048
0.545455	0.136364	0.0909091	0.0909091	0.0454545	0.0454545	0.0454545
0.222222	0.031746	0.285714	0.047619	0.0952381	0.0793651	0.238095
0.210526	0.157895	0.0526316	0.0526316	0.0526316	0.368421	0.105263
0.282828	0.10101	0.040404	0.141414	0.010101	0.414141	0.010101
0.1	0.1	0.1	0.1	0.3	0.2	0.1
0.210526	0.105263	0.0526316	0.315789	0.157895	0.105263	0.0526316
0.478261	0.0434783	0.217391	0.0869565	0.0869565	0.0434783	0.0434783
0.0625	0.0625	0.125	0.125	0.3125	0.0625	0.25
0.630435	0.0434783	0.0434783	0.108696	0.0217391	0.108696	0.0434783
0.1375	0.1375	0.55	0.05	0.0125	0.075	0.0375
0.142857	0.142857	0.142857	0.142857	0.142857	0.142857	0.142857
0.318182	0.0568182	0.102273	0.0113636	0.0568182	0.0340909	0.420455
0.207885	0.598566	0.0358423	0.129032	0.00358423	0.00358423	0.0215054
0.171429	0.0285714	0.0571429	0.0571429	0.228571	0.0571429	0.4
0.220183	0.0183486	0.0366972	0.614679	0.0183486	0.0642202	0.0275229
0.208333	0.25	0.166667	0.125	0.0416667	0.0833333	0.125
0.0714286	0.428571	0.0357143	0.214286	0.107143	0.0357143	0.107143
0.103896	0.0519481	0.0649351	0.311688	0.012987	0.441558	0.012987
0.166667	0.0833333	0.166667	0.166667	0.0833333	0.0833333	0.25
0.175824	0.032967	0.010989	0.714286	0.021978	0.032967	0.010989
0.0526316	0.0789474	0.0263158	0.0263158	0.526316	0.263158	0.0263158
0.10231	0.0627063	0.155116	0.290429	0.0132013	0.353135	0.0231023
0.125	0.025	0.125	0.5	0.15	0.05	0.025
0.223176	0.0236052	0.0128755	0.190987	0.0150215	0.519313	0.0150215
0.44086	0.0215054	0.0645161	0.0537634	0.0215054	0.0537634	0.344086
0.206522	0.521739	0.0108696	0.168478	0.0543478	0.0163043	0.0217391
0.181287	0.0409357	0.0233918	0.128655	0.0350877	0.584795	0.00584795
0.0952381	0.047619	0.047619	0.047619	0.571429	0.142857	0.047619
0.0909091	0.0909091	0.0909091	0.363636	0.0909091	0.181818	0.0909091
0.120879	0.0769231	0.164835	0.186813	0.010989	0.0989011	0.340659
0.477528	0.0730337	0.0842697	0.106742	0.207865	0.0168539	0.0337079
0.0826337	0.0539107	0.725586	0.0287229	0.0623067	0.0190013	0.0278392
0.322917	0.4375	0.03125	0.125	0.0520833	0.0208333	0.0104167
0.04	0.44	0.0266667	0.4	0.0666667	0.0133333	0.0133333
0.286713	0.041958	0.132867	0.146853	0.335664	0.013986	0.041958
0.1	0.3	0.1	0.2	0.1	0.1	0.1
0.40625	0.125	0.03125	0.3125	0.03125	0.03125	0.0625
0.222222	0.0555556	0.166667	0.111111	0.277778	0.111111	0.0555556
0.262295	0.491803	0.0327869	0.0655738	0.0491803	0.0819672	0.0163934
0.190751	0.0115607	0.0462428	0.300578	0.0231214	0.421965	0.00578035
0.190476	0.047619	0.142857	0.047619	0.047619	0.047619	0.47619
0.227273	0.125	0.204545	0.0965909	0.0511364	0.0113636	0.284091
0.0869565	0.26087	0.0869565	0.0869565	0.347826	0.0869565	0.0434783
0.316456	0.113924	0.0126582	0.329114	0.0759494	0.126582	0.0253165
0.2	0.2	0.1	0.15	0.1	0.2	0.05
0.428571	0.0178571	0.178571	0.0714286	0.0357143	0.0178571	0.25
0.103448	0.12069	0.0172414	0.62069	0.0862069	0.0172414	0.0344828
0.22973	0.0945946	0.418919	0.0945946	0.0810811	0.027027	0.0540541
0.166667	0.0238095	0.0238095	0.678571	0.0119048	0.0714286	0.0238095
0.102041	0.122449	0.142857	0.367347	0.0612245	0.0204082	0.183673
0.125	0.0833333	0.0416667	0.0833333	0.125	0.0833333	0.458333
0.0784314	0.156863	0.0784314	0.117647	0.411765	0.0588235	0.0980392
0.266667	0.0888889	0.111111	0.266667	0.0888889	0.0222222	0.155556
0.229167	0.583333	0.0208333	0.0208333	0.0625	0.0416667	0.0416667
0.166667	0.277778	0.388889	0.0277778	0.0277778	0.0555556	0.0555556
0.592593	0.0185185	0.0185185	0.148148	0.12963	0.0185185	0.0740741
0.128889	0.0455556	0.00777778	0.14	0.01	0.663333	0.00444444
0.357143	0.492063	0.00793651	0.047619	0.047619	0.031746	0.015873
0.206897	0.0689655	0.264368	0.0574713	0.183908	0.137931	0.0804598
0.195652	0.0217391	0.0434783	0.152174	0.0434783	0.0434783	0.5
0.3125	0.0625	0.0625	0.1875	0.0625	0.0625	0.25
0.230769	0.153846	0.0769231	0.153846	0.153846	0.153846	0.0769231
0.314465	0.072327	0.421384	0.103774	0.0534591	0.0251572	0.00943396
0.279683	0.105541	0.0105541	0.493404	0.0211082	0.060686	0.0290237
0.120482	0.0361446	0.0843373	0.240964	0.0963855	0.373494	0.0481928
0.259259	0.037037	0.037037	0.037037	0.296296	0.222222	0.111111
0.230769	0.102564	0.025641	0.0512821	0.025641	0.487179	0.0769231
0.0902256	0.0451128	0.112782	0.56391	0.0075188	0.172932	0.0075188
0.102041	0.102041	0.346939	0.0204082	0.244898	0.0612245	0.122449
0.2	0.0444444	0.244444	0.0222222	0.0444444	0.0222222	0.422222
0.314815	0.240741	0.0925926	0.148148	0.148148	0.037037	0.0185185
0.272727	0.113636	0.0227273	0.0681818	0.0909091	0.0454545	0.386364
0.277778	0.194444	0.333333	0.0555556	0.0277778	0.0555556	0.0555556
0.348837	0.0232558	0.348837	0.0465116	0.0465116	0.0232558	0.162791
0.411765	0.147059	0.0882353	0.176471	0.0294118	0.0882353	0.0588235
0.333333	0.030303	0.0909091	0.121212	0.333333	0.030303	0.0606061
0.563518	0.319218	0.0521173	0.0325733	0.00325733	0.00325733	0.0260586
0.431818	0.113636	0.136364	0.136364	0.0681818	0.0227273	0.0909091
0.191489	0.12766	0.0638298	0.234043	0.276596	0.0638298	0.0425532
0.153846	0.0769231	0.0769231	0.230769	0.0769231	0.153846	0.230769
0.113636	0.0681818	0.0227273	0.545455	0.0227273	0.181818	0.0454545
0.0625	0.25	0.4375	0.0625	0.0625	0.0625	0.0625
0.515152	0.030303	0.0606061	0.0606061	0.151515	0.030303	0.151515
0.377926	0.0535117	0.0301003	0.280936	0.0735786	0.16388	0.0200669
0.0634921	0.0952381	0.015873	0.0793651	0.365079	0.015873	0.365079
0.627907	0.116279	0.0697674	0.0465116	0.0930233	0.0232558	0.0232558
0.0172414	0.0517241	0.0517241	0.0344828	0.0344828	0.0517241	0.758621
0.154472	0.0894309	0.268293	0.0569106	0.105691	0.00813008	0.317073
0.428571	0.107143	0.0357143	0.0714286	0.0357143	0.0357143	0.285714
0.0707071	0.010101	0.454545	0.030303	0.333333	0.0606061	0.040404
0.363636	0.418182	0.0727273	0.0545455	0.0545455	0.0181818	0.0181818
0.125	0.0178571	0.571429	0.0178571	0.196429	0.0357143	0.0357143
0.518519	0.0740741	0.037037	0.185185	0.037037	0.037037	0.111111
0.0333333	0.1	0.0333333	0.0333333	0.2	0.0666667	0.533333
0.173077	0.0769231	0.519231	0.121795	0.0576923	0.0384615	0.0128205
0.142857	0.0714286	0.428571	0.0714286	0.0714286	0.0714286	0.142857
0.144737	0.0263158	0.0131579	0.0526316	0.0921053	0.0131579	0.657895
0.355932	0.00847458	0.0254237	0.177966	0.0338983	0.00847458	0.389831
0.391304	0.173913	0.130435	0.173913	0.0434783	0.0434783	0.0434783
0.628571	0.0285714	0.0857143	0.114286	0.0571429	0.0571429	0.0285714
0.608696	0.0289855	0.0869565	0.115942	0.0144928	0.0434783	0.101449
0.0689655	0.103448	0.413793	0.241379	0.0689655	0.0344828	0.0689655
0.196078	0.0294118	0.00980392	0.0686275	0.676471	0.00980392	0.00980392
0.301887	0.471698	0.0377358	0.0754717	0.0188679	0.0188679	0.0754717
0.047619	0.047619	0.047619	0.047619	0.0238095	0.0238095	0.761905
0.0784314	0.509804	0.0392157	0.254902	0.0588235	0.0392157	0.0196078
0.174603	0.68254	0.015873	0.0634921	0.031746	0.015873	0.015873
0.246914	0.104938	0.0740741	0.537037	0.00617284	0.0123457	0.0185185
0.037037	0.037037	0.0740741	0.0740741	0.148148	0.0740741	0.555556
0.0333333	0.1	0.1	0.0666667	0.1	0.133333	0.466667
0.125	0.0833333	0.0416667	0.458333	0.0833333	0.0833333	0.125
0.133333	0.0333333	0.566667	0.0333333	0.0666667	0.0333333	0.133333
0.130303	0.751515	0.0242424	0.0606061	0.00606061	0.00606061	0.0212121
0.388889	0.291667	0.0138889	0.0416667	0.180556	0.0277778	0.0555556
0.241379	0.551724	0.0689655	0.0344828	0.0344828	0.0344828	0.0344828
0.136364	0.0454545	0.0909091	0.454545	0.136364	0.0454545	0.0909091
0.260504	0.445378	0.0588235	0.159664	0.00840336	0.0252101	0.0420168
0.115385	0.115385	0.0769231	0.307692	0.192308	0.153846	0.0384615
0.142857	0.142857	0.142857	0.142857	0.142857	0.142857	0.142857
0.0909091	0.0363636	0.0545455	0.0363636	0.0181818	0.0181818	0.745455
0.047619	0.166667	0.047619	0.166667	0.47619	0.0238095	0.0714286
0.181818	0.0454545	0.136364	0.409091	0.0454545	0.0454545	0.136364
0.142857	0.142857	0.142857	0.142857	0.142857	0.142857	0.142857
0.142857	0.0357143	0.151786	0.0982143	0.4375	0.125	0.00892857
0.0833333	0.0416667	0.125	0.5	0.0833333	0.0833333	0.0833333
0.360656	0.131148	0.131148	0.262295	0.0163934	0.0819672	0.0163934
0.44186	0.0232558	0.0232558	0.0930233	0.27907	0.0232558	0.116279
0.0555556	0.194444	0.152778	0.0416667	0.0555556	0.0277778	0.472222
0.290323	0.129032	0.0967742	0.290323	0.0967742	0.0322581	0.0645161
0.0277778	0.0833333	0.0277778	0.0555556	0.0833333	0.0833333	0.638889
0.0833333	0.0416667	0.0833333	0.0833333	0.0416667	0.0416667	0.625
0.374332	0.0962567	0.117647	0.0213904	0.00534759	0.00534759	0.379679
0.0434783	0.0434783	0.0434783	0.478261	0.304348	0.0434783	0.0434783
0.177778	0.0222222	0.133333	0.355556	0.155556	0.0888889	0.0666667
0.0895522	0.119403	0.462687	0.19403	0.0597015	0.0447761	0.0298507
0.191489	0.0425532	0.297872	0.0425532	0.234043	0.170213	0.0212766
0.3	0.1	0.1	0.2	0.1	0.1	0.1
0.133333	0.0666667	0.0666667	0.5	0.0333333	0.1	0.1
0.138889	0.111111	0.388889	0.166667	0.111111	0.0277778	0.0555556
0.441176	0.0735294	0.279412	0.132353	0.0147059	0.0441176	0.0147059
0.037037	0.111111	0.111111	0.111111	0.222222	0.296296	0.111111
0.208333	0.25	0.0833333	0.0416667	0.166667	0.166667	0.0833333
0.238095	0.142857	0.047619	0.428571	0.047619	0.047619	0.047619
0.0681818	0.181818	0.204545	0.113636	0.181818	0.113636	0.136364
0.25	0.0625	0.09375	0.40625	0.03125	0.0625	0.09375
0.214286	0.142857	0.0714286	0.0714286	0.0714286	0.142857	0.285714
0.25	0.0416667	0.0416667	0.0833333	0.0416667	0.0416667	0.5
0.230769	0.0153846	0.0307692	0.123077	0.0769231	0.0307692	0.492308
0.537313	0.0298507	0.0298507	0.0298507	0.0149254	0.0298507	0.328358
0.353982	0.0619469	0.079646	0.345133	0.0884956	0.0619469	0.00884956
0.270833	0.25	0.104167	0.0416667	0.125	0.0208333	0.1875
0.0634921	0.0952381	0.0793651	0.47619	0.0793651	0.190476	0.015873
0.213675	0.0940171	0.111111	0.153846	0.299145	0.034188	0.0940171
0.0956284	0.0491803	0.0191257	0.254098	0.0136612	0.565574	0.00273224
0.0526316	0.105263	0.105263	0.105263	0.0526316	0.0526316	0.526316
0.2	0.3	0.05	0.15	0.05	0.2	0.05
0.214286	0.0714286	0.0714286	0.214286	0.214286	0.0714286	0.142857
0.238095	0.047619	0.571429	0.0238095	0.0238095	0.0238095	0.0714286
0.347826	0.0434783	0.0869565	0.0869565	0.130435	0.0434783	0.26087
0.194444	0.0555556	0.0555556	0.111111	0.222222	0.0555556	0.305556
0.219512	0.121951	0.0243902	0.243902	0.0487805	0.146341	0.195122
0.322581	0.0322581	0.0967742	0.290323	0.129032	0.0967742	0.0322581
0.251701	0.0544218	0.00680272	0.612245	0.0340136	0.00680272	0.0340136
0.304348	0.0434783	0.0108696	0.586957	0.0326087	0.0108696	0.0108696
0.333333	0.0833333	0.0833333	0.25	0.0833333	0.0833333	0.0833333
0.190476	0.0714286	0.119048	0.47619	0.0238095	0.047619	0.0714286
0.305556	0.0555556	0.194444	0.0277778	0.0277778	0.0277778	0.361111
0.0833333	0.116667	0.0166667	0.65	0.05	0.0666667	0.0166667
0.191919	0.0505051	0.0707071	0.0606061	0.222222	0.010101	0.393939
0.0833333	0.166667	0.0555556	0.0555556	0.0555556	0.0833333	0.5
0.0890411	0.493151	0.0239726	0.359589	0.0171233	0.0136986	0.00342466
0.0854701	0.042735	0.222222	0.042735	0.034188	0.034188	0.538462
0.15625	0.03125	0.03125	0.0625	0.1875	0.03125	0.5
0.0666667	0.0266667	0.04	0.386667	0.08	0.373333	0.0266667
0.109091	0.0181818	0.0363636	0.145455	0.109091	0.0363636	0.545455
0.147059	0.0294118	0.441176	0.0588235	0.0294118	0.0588235	0.235294
0.0344828	0.0344828	0.448276	0.0689655	0.275862	0.0344828	0.103448
0.207547	0.169811	0.169811	0.0943396	0.283019	0.0566038	0.0188679
0.02	0.04	0.02	0.06	0.02	0.04	0.8
0.142857	0.0952381	0.047619	0.238095	0.0952381	0.047619	0.333333
0.375	0.025	0.1	0.075	0.075	0.025	0.325
0.368421	0.105263	0.189474	0.0210526	0.0315789	0.2	0.0842105
0.5	0.0555556	0.0185185	0.111111	0.148148	0.0925926	0.0740741
0.0333333	0.15	0.233333	0.1	0.05	0.0166667	0.416667
0.147059	0.0294118	0.0588235	0.235294	0.0588235	0.117647	0.352941
0.142857	0.142857	0.142857	0.142857	0.142857	0.142857	0.142857
0.2	0.0111111	0.0222222	0.0444444	0.7	0.0111111	0.0111111
0.227273	0.0454545	0.0454545	0.227273	0.0454545	0.0454545	0.363636
0.235294	0.0980392	0.0392157	0.0196078	0.0980392	0.0196078	0.490196
0.27907	0.0465116	0.0930233	0.488372	0.0232558	0.0465116	0.0232558
0.157143	0.0428571	0.0857143	0.0714286	0.0285714	0.0142857	0.6
0.176056	0.112676	0.105634	0.471831	0.028169	0.056338	0.0492958
0.09375	0.147321	0.0580357	0.102679	0.0401786	0.544643	0.0133929
0.0852273	0.00568182	0.0681818	0.210227	0.585227	0.00568182	0.0397727
0.140845	0.15493	0.352113	0.0422535	0.0704225	0.028169	0.211268
0.12	0.24	0.04	0.04	0.04	0.04	0.48
0.181818	0.0909091	0.0909091	0.0909091	0.272727	0.181818	0.0909091
0.146341	0.097561	0.292683	0.097561	0.097561	0.0731707	0.195122
0.2	0.236364	0.145455	0.0363636	0.0727273	0.0727273	0.236364
0.507042	0.084507	0.0985915	0.239437	0.028169	0.028169	0.0140845
0.263158	0.0263158	0.368421	0.105263	0.0263158	0.0263158	0.184211
0.172414	0.103448	0.137931	0.103448	0.103448	0.0344828	0.344828
0.153846	0.025641	0.102564	0.0769231	0.0512821	0.0512821	0.538462
0.117647	0.117647	0.0882353	0.352941	0.205882	0.0882353	0.0294118
0.122807	0.0175439	0.368421	0.192982	0.0175439	0.0526316	0.22807
0.210526	0.0350877	0.298246	0.0175439	0.0350877	0.0175439	0.385965
0.193548	0.225806	0.129032	0.0967742	0.193548	0.0322581	0.129032
0.153846	0.0769231	0.0769231	0.0384615	0.153846	0.0384615	0.461538
0.434783	0.152174	0.0434783	0.0652174	0.0434783	0.0217391	0.23913
0.1	0.170588	0.205882	0.0764706	0.111765	0.0176471	0.317647
0.212121	0.0757576	0.030303	0.545455	0.0454545	0.0757576	0.0151515
0.03125	0.15625	0.09375	0.46875	0.1875	0.03125	0.03125
0.218182	0.127273	0.109091	0.0363636	0.0181818	0.0181818	0.472727
0.655172	0.0689655	0.0344828	0.0344828	0.0689655	0.0344828	0.103448
0.111111	0.0555556	0.111111	0.444444	0.111111	0.0555556	0.111111
0.642857	0.0119048	0.0357143	0.0714286	0.119048	0.047619	0.0714286
0.153543	0.0314961	0.0511811	0.673228	0.0393701	0.0393701	0.011811
0.3125	0.0625	0.0625	0.1875	0.25	0.0625	0.0625
0.0428571	0.00714286	0.0214286	0.142857	0.0714286	0.664286	0.05
0.222222	0.0833333	0.0277778	0.111111	0.166667	0.0277778	0.361111
0.302326	0.0116279	0.0116279	0.337209	0.0232558	0.0697674	0.244186
0.117647	0.0588235	0.235294	0.235294	0.0588235	0.0588235	0.235294
0.291667	0.166667	0.0416667	0.0833333	0.0833333	0.25	0.0833333
0.223881	0.0746269	0.0149254	0.492537	0.0895522	0.0895522	0.0149254
0.129032	0.0483871	0.0483871	0.225806	0.419355	0.0483871	0.0806452
0.142857	0.142857	0.142857	0.142857	0.142857	0.142857	0.142857
0.238095	0.0952381	0.214286	0.047619	0.119048	0.047619	0.238095
0.133333	0.0333333	0.0166667	0.283333	0.116667	0.383333	0.0333333
0.025641	0.0512821	0.0512821	0.666667	0.025641	0.153846	0.025641
0.142857	0.285714	0.0952381	0.190476	0.047619	0.047619	0.190476
0.122715	0.00522193	0.0339426	0.754569	0.0130548	0.0522193	0.0182768
0.347826	0.0869565	0.0869565	0.347826	0.0434783	0.0434783	0.0434783
0.175439	0.0350877	0.140351	0.122807	0.0701754	0.0350877	0.421053
0.514286	0.0857143	0.0285714	0.142857	0.0571429	0.0857143	0.0857143
0.352941	0.0588235	0.117647	0.0588235	0.235294	0.0588235	0.117647
0.5	0.06	0.06	0.04	0.1	0.12	0.12
0.0952381	0.190476	0.5	0.0714286	0.047619	0.0714286	0.0238095
0.163265	0.0204082	0.102041	0.204082	0.387755	0.102041	0.0204082
0.254902	0.137255	0.0784314	0.431373	0.0588235	0.0196078	0.0196078
0.699482	0.0414508	0.0492228	0.0777202	0.0181347	0.0181347	0.0958549
0.135135	0.243243	0.0540541	0.108108	0.405405	0.027027	0.027027
0.0330579	0.107438	0.0247934	0.107438	0.00826446	0.706612	0.0123967
0.346154	0.115385	0.115385	0.192308	0.153846	0.0384615	0.0384615
0.0716332	0.025788	0.108883	0.111748	0.100287	0.0458453	0.535817
0.0833333	0.0416667	0.0416667	0.0416667	0.0833333	0.0416667	0.666667
0.0453048	0.761532	0.0691928	0.065486	0.0172982	0.0403624	0.000823723
0.0571429	0.771429	0.0142857	0.0714286	0.0142857	0.0428571	0.0285714
0.443182	0.0113636	0.113636	0.0909091	0.318182	0.0113636	0.0113636
0.0416667	0.208333	0.0833333	0.25	0.208333	0.0833333	0.125
0.333333	0.047619	0.015873	0.142857	0.396825	0.031746	0.031746
0.104015	0.0875912	0.0328467	0.70438	0.0109489	0.0456204	0.0145985
0.0645161	0.0322581	0.225806	0.0322581	0.354839	0.0322581	0.258065
0.129032	0.0645161	0.0645161	0.483871	0.0645161	0.16129	0.0322581
0.0952381	0.0238095	0.0238095	0.47619	0.119048	0.190476	0.0714286
0.133333	0.133333	0.0444444	0.0666667	0.0222222	0.0222222	0.577778
0.6625	0.0125	0.0125	0.1875	0.05	0.0625	0.0125
0.218182	0.2	0.0181818	0.145455	0.345455	0.0363636	0.0363636
0.0978261	0.0706522	0.0679348	0.133152	0.0353261	0.567935	0.0271739
0.136364	0.0454545	0.0454545	0.0909091	0.590909	0.0454545	0.0454545
0.0833333	0.25	0.0833333	0.333333	0.0833333	0.0833333	0.0833333
0.103704	0.00740741	0.00740741	0.77037	0.0592593	0.037037	0.0148148
0.178571	0.25	0.178571	0.178571	0.0714286	0.107143	0.0357143
0.1	0.2	0.1	0.3	0.1	0.1	0.1
0.563636	0.0545455	0.0272727	0.0727273	0.236364	0.0181818	0.0272727
0.194444	0.0833333	0.0555556	0.416667	0.0833333	0.138889	0.0277778
0.297297	0.027027	0.432432	0.027027	0.135135	0.027027	0.0540541
0.333333	0.0238095	0.119048	0.166667	0.0952381	0.0238095	0.238095
0.75	0.0454545	0.0227273	0.0454545	0.0227273	0.0227273	0.0909091
0.25	0.0833333	0.0833333	0.25	0.0833333	0.0833333	0.166667
0.111111	0.0555556	0.277778	0.0555556	0.0555556	0.0555556	0.388889
0.464286	0.0357143	0.142857	0.107143	0.0357143	0.107143	0.107143
0.366337	0.148515	0.128713	0.19802	0.0792079	0.019802	0.0594059
0.34	0.4	0.04	0.08	0.04	0.06	0.04
0.246753	0.012987	0.376623	0.142857	0.103896	0.0519481	0.0649351
0.0688525	0.170492	0.544262	0.0459016	0.0262295	0.137705	0.00655738
0.0666667	0.0444444	0.288889	0.0666667	0.0444444	0.0222222	0.466667
0.146067	0.0898876	0.011236	0.52809	0.0674157	0.134831	0.0224719
0.358974	0.0512821	0.0512821	0.0769231	0.384615	0.025641	0.0512821
0.341085	0.0697674	0.379845	0.116279	0.00775194	0.0310078	0.0542636
0.0961538	0.0288462	0.0192308	0.798077	0.0192308	0.0192308	0.0192308
0.285714	0.047619	0.047619	0.380952	0.142857	0.047619	0.047619
0.142857	0.0612245	0.0408163	0.55102	0.0816327	0.0612245	0.0612245
0.274194	0.016129	0.0967742	0.0967742	0.016129	0.016129	0.483871
0.122642	0.00943396	0.0849057	0.0754717	0.0188679	0.0188679	0.669811
0.591837	0.102041	0.0408163	0.142857	0.0204082	0.0612245	0.0408163
0.24	0.02	0.2	0.12	0.02	0.02	0.38
0.126761	0.0234742	0.0938967	0.126761	0.183099	0.00469484	0.441315
0.0169492	0.0508475	0.0338983	0.0847458	0.0338983	0.0169492	0.762712
0.243902	0.219512	0.0243902	0.292683	0.0731707	0.121951	0.0243902
0.48	0.2	0.08	0.08	0.02	0.12	0.02
0.259259	0.0246914	0.0246914	0.0740741	0.592593	0.0123457	0.0123457
0.4	0.133333	0.0666667	0.133333	0.133333	0.0666667	0.0666667
0.0625	0.1875	0.1875	0.0625	0.1875	0.1875	0.125
0.0909091	0.0909091	0.0909091	0.181818	0.181818	0.0909091	0.272727
0.0882353	0.0882353	0.0588235	0.647059	0.0294118	0.0588235	0.0294118
0.12	0.08	0.04	0.36	0.08	0.2	0.12
0.2	0.15	0.05	0.05	0.45	0.05	0.05
0.26087	0.42029	0.115942	0.130435	0.0289855	0.0144928	0.0289855
0.475	0.05	0.125	0.225	0.05	0.05	0.025
0.333333	0.0151515	0.151515	0.0454545	0.166667	0.030303	0.257576
0.142857	0.0714286	0.25	0.285714	0.178571	0.0357143	0.0357143
0.346154	0.0384615	0.153846	0.0769231	0.115385	0.115385	0.153846
0.207547	0.0566038	0.490566	0.0566038	0.132075	0.0188679	0.0377358
0.21875	0.15625	0.109375	0.453125	0.03125	0.015625	0.015625
0.297297	0.0540541	0.0675676	0.0810811	0.0405405	0.0405405	0.418919
0.0559441	0.293706	0.515152	0.016317	0.020979	0.020979	0.0769231
0.243902	0.0243902	0.121951	0.121951	0.0731707	0.0487805	0.365854
0.327586	0.258621	0.0344828	0.327586	0.0172414	0.0172414	0.0172414
0.363636	0.147727	0.318182	0.0909091	0.0113636	0.0568182	0.0113636
0.05	0.075	0.05	0.525	0.15	0.1	0.05
0.227848	0.0253165	0.126582	0.101266	0.0126582	0.0379747	0.468354
0.359155	0.0492958	0.0633803	0.0915493	0.0774648	0.056338	0.302817
0.0714286	0.0714286	0.0714286	0.5	0.0357143	0.214286	0.0357143
0.20625	0.00625	0.00625	0.075	0.6875	0.00625	0.0125
0.189189	0.27027	0.027027	0.432432	0.027027	0.027027	0.027027
0.425	0.1	0.225	0.1	0.025	0.05	0.075
0.0608108	0.00675676	0.0540541	0.0202703	0.0337838	0.00675676	0.817568
0.238095	0.047619	0.047619	0.0952381	0.428571	0.0952381	0.047619
0.111111	0.592593	0.037037	0.037037	0.037037	0.111111	0.0740741
0.037037	0.148148	0.555556	0.037037	0.0740741	0.111111	0.037037
0.387097	0.145161	0.274194	0.016129	0.0806452	0.0806452	0.016129
0.0566038	0.150943	0.0754717	0.490566	0.0377358	0.0943396	0.0943396
0.238095	0.190476	0.190476	0.190476	0.047619	0.047619	0.0952381
0.138889	0.666667	0.0833333	0.0277778	0.0277778	0.0277778	0.0277778
0.142857	0.0714286	0.0714286	0.428571	0.142857	0.0714286	0.0714286
0.444444	0.037037	0.037037	0.185185	0.037037	0.222222	0.037037
0.16	0.2	0.04	0.24	0.2	0.08	0.08
0.26087	0.0869565	0.0869565	0.0434783	0.26087	0.130435	0.130435
0.240506	0.0253165	0.0126582	0.0759494	0.531646	0.0506329	0.0632911
0.179487	0.102564	0.025641	0.384615	0.128205	0.0769231	0.102564
0.153846	0.0192308	0.423077	0.115385	0.134615	0.0384615	0.115385
0.448276	0.0431034	0.0517241	0.0431034	0.0689655	0.112069	0.232759
0.125	0.541667	0.0416667	0.175	0.0166667	0.0333333	0.0666667
0.285714	0.0714286	0.142857	0.142857	0.142857	0.0714286	0.142857
0.626866	0.0597015	0.0149254	0.104478	0.0895522	0.0447761	0.0597015
0.204082	0.163265	0.0408163	0.22449	0.0816327	0.102041	0.183673
0.235294	0.0294118	0.147059	0.323529	0.205882	0.0294118	0.0294118
0.166667	0.0555556	0.0833333	0.402778	0.194444	0.0694444	0.0277778
0.206897	0.448276	0.0344828	0.137931	0.0344828	0.103448	0.0344828
0.567901	0.160494	0.0617284	0.0740741	0.037037	0.0123457	0.0864198
0.56962	0.113924	0.0253165	0.151899	0.0506329	0.0632911	0.0253165
0.00952381	0.147619	0.719048	0.0619048	0.0428571	0.00952381	0.00952381
0.07	0.02	0.01	0.08	0.73	0.08	0.01
0.4	0.05	0.15	0.05	0.05	0.05	0.25
0.130435	0.173913	0.26087	0.0434783	0.0869565	0.0434783	0.26087
0.2	0.1	0.1	0.05	0.1	0.05	0.4
0.05	0.1	0.05	0.45	0.05	0.25	0.05
0.24	0.16	0.04	0.28	0.04	0.08	0.16
0.178571	0.107143	0.357143	0.214286	0.0357143	0.0357143	0.0714286
0.472222	0.0277778	0.194444	0.138889	0.0555556	0.0277778	0.0833333
0.175676	0.0810811	0.189189	0.22973	0.0135135	0.297297	0.0135135
0.362832	0.0176991	0.0176991	0.0707965	0.0265487	0.0265487	0.477876
0.531915	0.0851064	0.0425532	0.148936	0.0212766	0.0425532	0.12766
0.0714286	0.178571	0.142857	0.321429	0.232143	0.0357143	0.0178571
0.125	0.125	0.25	0.125	0.125	0.125	0.125
0.37931	0.396552	0.0344828	0.103448	0.0172414	0.0344828	0.0344828
0.574074	0.0555556	0.037037	0.166667	0.0555556	0.0185185	0.0925926
0.151515	0.0909091	0.242424	0.151515	0.0909091	0.151515	0.121212
0.214286	0.0714286	0.285714	0.0714286	0.0714286	0.0714286	0.214286
0.0444444	0.0222222	0.133333	0.0222222	0.0444444	0.0222222	0.711111
0.136364	0.318182	0.0454545	0.136364	0.136364	0.0909091	0.136364
0.164975	0.134518	0.0279188	0.593909	0.0126904	0.0431472	0.0228426
0.388889	0.333333	0.0555556	0.0555556	0.0555556	0.0555556	0.0555556
0.0769231	0.0769231	0.153846	0.0769231	0.461538	0.0769231	0.0769231
0.542857	0.0285714	0.0571429	0.0285714	0.0857143	0.0571429	0.2
0.25	0.1	0.15	0.25	0.05	0.05	0.15
0.0552764	0.0452261	0.040201	0.824121	0.0100503	0.0201005	0.00502513
0.203704	0.037037	0.32716	0.037037	0.283951	0.0864198	0.0246914
0.228571	0.0857143	0.0571429	0.171429	0.4	0.0285714	0.0285714
0.246479	0.112676	0.0985915	0.28169	0.119718	0.0704225	0.0704225
0.0821918	0.0136986	0.0136986	0.136986	0.0136986	0.726027	0.0136986
0.111111	0.111111	0.222222	0.111111	0.111111	0.111111	0.222222
0.145833	0.0104167	0.0208333	0.104167	0.0416667	0.666667	0.0104167
0.215	0.015	0.06	0.16	0.095	0.04	0.415
0.27027	0.243243	0.135135	0.0540541	0.135135	0.0540541	0.108108
0.378049	0.0243902	0.0243902	0.097561	0.426829	0.0243902	0.0243902
0.142857	0.142857	0.142857	0.142857	0.142857	0.142857	0.142857
0.333333	0.111111	0.111111	0.333333	0.037037	0.037037	0.037037
0.837838	0.0135135	0.0135135	0.0540541	0.0135135	0.0540541	0.0135135
0.207143	0.278571	0.0571429	0.271429	0.0785714	0.0928571	0.0142857
0.25	0.125	0.0416667	0.125	0.333333	0.0833333	0.0416667
0.47619	0.0952381	0.0952381	0.047619	0.047619	0.047619	0.190476
0.211268	0.084507	0.267606	0.183099	0.0422535	0.197183	0.0140845
0.3	0.05	0.1	0.15	0.25	0.05	0.1
0.357143	0.142857	0.0357143	0.107143	0.178571	0.142857	0.0357143
0.230769	0.0384615	0.0769231	0.423077	0.115385	0.0769231	0.0384615
0.25	0.2125	0.1875	0.25	0.0125	0.075	0.0125
0.297872	0.106383	0.0425532	0.234043	0.255319	0.0425532	0.0212766
0.3	0.133333	0.0666667	0.133333	0.0333333	0.266667	0.0666667
0.288136	0.135593	0.152542	0.152542	0.0677966	0.0508475	0.152542
0.0943396	0.0188679	0.0943396	0.528302	0.0188679	0.188679	0.0566038
0.277778	0.0555556	0.25	0.0833333	0.0277778	0.0277778	0.277778
0.166667	0.277778	0.111111	0.166667	0.111111	0.0555556	0.111111
0.0526316	0.0526316	0.0526316	0.631579	0.0526316	0.105263	0.0526316
0.107143	0.0357143	0.107143	0.642857	0.0357143	0.0357143	0.0357143
0.45	0.05	0.05	0.05	0.25	0.05	0.1
0.142857	0.142857	0.142857	0.142857	0.142857	0.142857	0.142857
0.257143	0.0571429	0.0571429	0.0285714	0.0285714	0.0285714	0.542857
0.366197	0.267606	0.0422535	0.0140845	0.0985915	0.197183	0.0140845
0.0769231	0.0961538	0.423077	0.0769231	0.0961538	0.0192308	0.211538
0.173913	0.108696	0.108696	0.413043	0.108696	0.0652174	0.0217391
0.671642	0.0149254	0.0895522	0.0149254	0.0746269	0.0149254	0.119403
0.037037	0.0555556	0.0185185	0.740741	0.111111	0.0185185	0.0185185
0.369565	0.0434783	0.0434783	0.130435	0.0652174	0.326087	0.0217391
0.16	0.04	0.04	0.04	0.04	0.08	0.6
0.275	0.05	0.125	0.3	0.075	0.025	0.15
0.461538	0.0384615	0.0384615	0.192308	0.192308	0.0384615	0.0384615
0.1875	0.1125	0.2375	0.025	0.0625	0.0625	0.3125
0.0952381	0.047619	0.0952381	0.333333	0.238095	0.0952381	0.0952381
0.0921053	0.0657895	0.184211	0.131579	0.315789	0.0526316	0.157895
0.2	0.0571429	0.0142857	0.585714	0.0142857	0.0785714	0.05
0.233333	0.255556	0.0444444	0.277778	0.0666667	0.0222222	0.1
0.177215	0.0253165	0.0126582	0.455696	0.113924	0.202532	0.0126582
0.352941	0.0882353	0.117647	0.0588235	0.0882353	0.264706	0.0294118
0.217877	0.167598	0.00558659	0.446927	0.0111732	0.139665	0.0111732
0.0972222	0.0555556	0.0416667	0.361111	0.0416667	0.361111	0.0416667
0.125	0.125	0.125	0.125	0.125	0.125	0.25
0.176471	0.0588235	0.235294	0.117647	0.117647	0.0588235	0.235294
0.142857	0.142857	0.142857	0.142857	0.142857	0.142857	0.142857
0.344828	0.0431034	0.00862069	0.482759	0.0258621	0.0517241	0.0431034
0.565217	0.0217391	0.0217391	0.315217	0.0108696	0.0326087	0.0326087
0.470588	0.0294118	0.0882353	0.294118	0.0294118	0.0588235	0.0294118
0.537313	0.134328	0.0298507	0.119403	0.0597015	0.0149254	0.104478
0.390805	0.16092	0.0114943	0.390805	0.0114943	0.0229885	0.0114943
0.190476	0.142857	0.119048	0.0238095	0.0714286	0.0238095	0.428571
0.2	0.6	0.025	0.1	0.025	0.025	0.025
0.0714286	0.160714	0.535714	0.0178571	0.178571	0.0178571	0.0178571
0.2	0.0222222	0.0888889	0.555556	0.0222222	0.0666667	0.0444444
0.151515	0.409091	0.166667	0.181818	0.0454545	0.030303	0.0151515
0.372093	0.0232558	0.0232558	0.465116	0.0232558	0.0697674	0.0232558
0.0434783	0.0434783	0.0434783	0.304348	0.0434783	0.391304	0.130435
0.170732	0.634146	0.0243902	0.0731707	0.0243902	0.0487805	0.0243902
0.0927835	0.0859107	0.0206186	0.728522	0.0137457	0.0515464	0.00687285
0.2	0.0333333	0.133333	0.266667	0.1	0.0333333	0.233333
0.25	0.166667	0.125	0.208333	0.166667	0.0625	0.0208333
0.166667	0.0416667	0.5	0.0416667	0.0416667	0.125	0.0833333
0.3	0.05	0.15	0.05	0.1	0.05	0.3
0.084507	0.0422535	0.126761	0.028169	0.028169	0.0140845	0.676056
0.04	0.04	0.04	0.04	0.04	0.04	0.76
0.277397	0.150685	0.0273973	0.455479	0.0239726	0.0479452	0.0171233
0.0714286	0.0714286	0.142857	0.357143	0.142857	0.0714286	0.142857
0.0851064	0.319149	0.106383	0.148936	0.159574	0.170213	0.0106383
0.266667	0.0666667	0.133333	0.0666667	0.266667	0.0666667	0.133333
0.09375	0.1875	0.0625	0.46875	0.09375	0.03125	0.0625
0.3125	0.0625	0.25	0.1875	0.0625	0.0625	0.0625
0.277778	0.0555556	0.0555556	0.0555556	0.111111	0.0555556	0.388889
0.421875	0.0625	0.046875	0.03125	0.015625	0.015625	0.40625
0.102564	0.0897436	0.0512821	0.128205	0.282051	0.0128205	0.333333
0.311688	0.246753	0.194805	0.116883	0.0909091	0.025974	0.012987
0.141732	0.0433071	0.019685	0.732283	0.0275591	0.0314961	0.00393701
0.026087	0.0173913	0.8	0.0521739	0.00869565	0.0347826	0.0608696
0.1875	0.0625	0.25	0.0625	0.25	0.125	0.0625
0.189655	0.0632184	0.0114943	0.563218	0.0689655	0.0402299	0.0632184
0.307692	0.0384615	0.269231	0.153846	0.0384615	0.0384615	0.153846
0.152542	0.19774	0.0225989	0.305085	0.0903955	0.19774	0.0338983
0.411765	0.0588235	0.205882	0.117647	0.0882353	0.0588235	0.0588235
0.242991	0.00934579	0.17757	0.0373832	0.0654206	0.00934579	0.457944
0.247059	0.0647059	0.0941176	0.0470588	0.0764706	0.0529412	0.417647
0.151515	0.030303	0.030303	0.030303	0.575758	0.151515	0.030303
0.142857	0.142857	0.142857	0.142857	0.142857	0.142857	0.142857
0.166667	0.111111	0.111111	0.388889	0.111111	0.0555556	0.0555556
0.210526	0.105263	0.0526316	0.0526316	0.368421	0.157895	0.0526316
0.121875	0.025	0.015625	0.01875	0.803125	0.009375	0.00625
0.25	0.1875	0.25	0.0625	0.125	0.0625	0.0625
0.03125	0.5625	0.03125	0.21875	0.09375	0.03125	0.03125
0.322581	0.0806452	0.387097	0.145161	0.016129	0.0322581	0.016129
0.357143	0.0267857	0.0803571	0.0446429	0.294643	0.0267857	0.169643
0.522936	0.0642202	0.0733945	0.0366972	0.12844	0.0183486	0.155963
0.12069	0.12069	0.0517241	0.586207	0.0172414	0.0862069	0.0172414
0.47619	0.142857	0.0238095	0.0714286	0.190476	0.047619	0.047619
0.466292	0.0449438	0.0224719	0.0168539	0.00561798	0.00561798	0.438202
0.037037	0.222222	0.0740741	0.0740741	0.111111	0.037037	0.444444
0.389474	0.105263	0.0105263	0.284211	0.0526316	0.115789	0.0421053
0.05	0.15	0.35	0.05	0.05	0.05	0.3
0.392405	0.0379747	0.0126582	0.28481	0.259494	0.00632911	0.00632911
0.171429	0.0857143	0.0857143	0.0857143	0.114286	0.0285714	0.428571
0.353846	0.0769231	0.169231	0.0461538	0.107692	0.0769231	0.169231
0.125	0.0147059	0.0147059	0.242647	0.00735294	0.588235	0.00735294
0.423077	0.0384615	0.0769231	0.269231	0.0769231	0.0384615	0.0769231
0.142857	0.142857	0.142857	0.142857	0.142857	0.142857	0.142857
0.222222	0.0666667	0.0444444	0.222222	0.288889	0.0444444	0.111111
0.2	0.1	0.1	0.1	0.1	0.3	0.1
0.130435	0.0652174	0.0434783	0.565217	0.0652174	0.0869565	0.0434783
0.324324	0.540541	0.0135135	0.027027	0.0135135	0.0540541	0.027027
