0.0731707	0.536585	0.341463	0.0487805
0.0416667	0.333333	0.541667	0.0833333
0.455197	0.358423	0.143369	0.0430108
0.0434783	0.130435	0.695652	0.130435
0.593496	0.268293	0.0325203	0.105691
0.647059	0.176471	0.117647	0.0588235
0.0416667	0.0833333	0.541667	0.333333
0.25	0.25	0.25	0.25
0.0555556	0.277778	0.444444	0.222222
0.433333	0.283333	0.0666667	0.216667
0.0625	0.333333	0.541667	0.0625
0.0967742	0.451613	0.290323	0.16129
0.011236	0.561798	0.393258	0.0337079
0.196721	0.590164	0.0983607	0.114754
0.148014	0.527076	0.126354	0.198556
0.0285714	0.0571429	0.414286	0.5
0.0526316	0.210526	0.315789	0.421053
0.0212766	0.234043	0.148936	0.595745
0.0238095	0.761905	0.047619	0.166667
0.0869565	0.231884	0.15942	0.521739
0.465517	0.5	0.0172414	0.0172414
0.266667	0.133333	0.533333	0.0666667
0.276596	0.680851	0.0212766	0.0212766
0.2	0.2	0.4	0.2
0.204545	0.340909	0.0454545	0.409091
0.5	0.227273	0.0454545	0.227273
0.047619	0.333333	0.0952381	0.52381
0.2	0.1	0.3	0.4
0.428571	0.285714	0.0714286	0.214286
0.950685	0.0178082	0.0150685	0.0164384
0.107143	0.5	0.321429	0.0714286
0.115385	0.692308	0.115385	0.0769231
0.224138	0.413793	0.344828	0.0172414
0.0333333	0.6	0.15	0.216667
0.12037	0.694444	0.101852	0.0833333
0.774011	0.19774	0.0112994	0.0169492
0.0666667	0.0666667	0.133333	0.733333
0.24	0.2	0.44	0.12
0.0967742	0.419355	0.241935	0.241935
0.0365169	0.16573	0.786517	0.011236
0.329545	0.511364	0.0795455	0.0795455
0.41573	0.382022	0.0337079	0.168539
0.411765	0.235294	0.294118	0.0588235
0.123077	0.584615	0.184615	0.107692
0.200993	0.694789	0.0694789	0.0347395
0.880208	0.00520833	0.104167	0.0104167
0.25	0.375	0.0625	0.3125
0.0566038	0.314465	0.584906	0.0440252
0.242424	0.545455	0.030303	0.181818
0.0204918	0.127049	0.00409836	0.848361
0.0833333	0.166667	0.0416667	0.708333
0.0344828	0.0344828	0.551724	0.37931
0.0368852	0.135246	0.151639	0.67623
0.011236	0.0561798	0.393258	0.539326
0.391304	0.0434783	0.0434783	0.521739
0.358974	0.153846	0.179487	0.307692
0.402778	0.513889	0.0555556	0.0277778
0.626866	0.253731	0.0597015	0.0597015
0.125	0.375	0.208333	0.291667
0.170732	0.634146	0.0243902	0.170732
0.24	0.04	0.04	0.68
0.404255	0.489362	0.0638298	0.0425532
0.0487805	0.463415	0.439024	0.0487805
0.0510204	0.795918	0.0408163	0.112245
0.0243902	0.487805	0.317073	0.170732
0.0625	0.5625	0.25	0.125
0.0454545	0.227273	0.5	0.227273
0.151515	0.212121	0.393939	0.242424
0.478873	0.338028	0.0985915	0.084507
0.0666667	0.711111	0.0666667	0.155556
0.28	0.04	0.52	0.16
0.461538	0.230769	0.153846	0.153846
0.111111	0.0555556	0.111111	0.722222
0.0454545	0.454545	0.0454545	0.454545
0.575949	0.379747	0.0189873	0.0253165
0.0384615	0.0192308	0.0192308	0.923077
0.0357143	0.214286	0.0714286	0.678571
0.05	0.15	0.1	0.7
0.258065	0.580645	0.016129	0.145161
0.210526	0.526316	0.105263	0.157895
0.153846	0.384615	0.0769231	0.384615
0.0697674	0.162791	0.0930233	0.674419
0.349206	0.365079	0.174603	0.111111
0.0606061	0.0606061	0.212121	0.666667
0.375	0.25	0.125	0.25
0.25	0.25	0.25	0.25
0.0769231	0.153846	0.153846	0.615385
0.25	0.25	0.25	0.25
0.025	0.275	0.625	0.075
0.0731707	0.170732	0.219512	0.536585
0.0833333	0.291667	0.0833333	0.541667
0.164502	0.766234	0.004329	0.0649351
0.05	0.2	0.05	0.7
0.0512821	0.846154	0.025641	0.0769231
0.0227273	0.0681818	0.340909	0.568182
0.936842	0.0421053	0.0105263	0.0105263
0.333333	0.277778	0.0555556	0.333333
0.551181	0.433071	0.00787402	0.00787402
0.272727	0.0909091	0.0909091	0.545455
0.0625	0.25	0.125	0.5625
0.166667	0.5	0.166667	0.166667
0.0439189	0.375	0.0101351	0.570946
0.0237592	0.156283	0.614044	0.205913
0.0833333	0.0833333	0.25	0.583333
0.119658	0.752137	0.042735	0.0854701
0.08	0.12	0.02	0.78
0.0198675	0.324503	0.578366	0.0772627
0.214286	0.142857	0.0714286	0.571429
0.673041	0.24447	0.00460829	0.0778802
0.0740741	0.333333	0.0740741	0.518519
0.133333	0.366667	0.366667	0.133333
0.0434783	0.695652	0.0869565	0.173913
0.475904	0.451807	0.0060241	0.0662651
0.0181818	0.4	0.309091	0.272727
0.0645161	0.0967742	0.419355	0.419355
0.047619	0.047619	0.428571	0.47619
0.0571429	0.0285714	0.742857	0.171429
0.181818	0.409091	0.181818	0.227273
0.622378	0.328671	0.041958	0.00699301
0.485714	0.285714	0.0571429	0.171429
0.309524	0.357143	0.0952381	0.238095
0.0108108	0.237838	0.135135	0.616216
0.0166667	0.2	0.233333	0.55
0.1	0.2	0.0285714	0.671429
0.12	0.6	0.04	0.24
0.211144	0.258065	0.439883	0.0909091
0.015625	0.21875	0.5	0.265625
0.52302	0.327808	0.00736648	0.141805
0.0625	0.125	0.625	0.1875
0.00884956	0.318584	0.0884956	0.584071
0.106383	0.0851064	0.191489	0.617021
0.0454545	0.136364	0.386364	0.431818
0.238532	0.614679	0.0183486	0.12844
0.0364583	0.197917	0.078125	0.6875
0.117647	0.441176	0.117647	0.323529
0.0181818	0.363636	0.0181818	0.6
0.346154	0.307692	0.153846	0.192308
0.0149254	0.19403	0.771144	0.0199005
0.488889	0.466667	0.0222222	0.0222222
0.125	0.375	0.125	0.375
0.205674	0.702128	0.0425532	0.0496454
0.030303	0.333333	0.606061	0.030303
0.25	0.25	0.25	0.25
0.277778	0.166667	0.5	0.0555556
0.125	0.5	0.25	0.125
0.333333	0.166667	0.333333	0.166667
0.0416667	0.333333	0.333333	0.291667
0.0555556	0.222222	0.333333	0.388889
0.0526316	0.578947	0.131579	0.236842
0.025974	0.883117	0.038961	0.0519481
0.0168067	0.596639	0.218487	0.168067
0.571429	0.404762	0.00892857	0.014881
0.030303	0.242424	0.515152	0.212121
0.0442478	0.513274	0.0176991	0.424779
0.230769	0.538462	0.153846	0.0769231
0.166667	0.0555556	0.611111	0.166667
0.0526316	0.473684	0.210526	0.263158
0.15	0.2	0.483333	0.166667
0.375	0.4375	0.125	0.0625
0.583333	0.385417	0.0104167	0.0208333
0.285714	0.142857	0.142857	0.428571
0.25	0.5625	0.0625	0.125
0.05	0.4	0.25	0.3
0.0769231	0.230769	0.384615	0.307692
0.209302	0.395349	0.0930233	0.302326
0.155844	0.25974	0.571429	0.012987
0.25	0.25	0.25	0.25
0.0470588	0.294118	0.4	0.258824
0.0289855	0.778986	0.0797101	0.112319
0.21875	0.03125	0.125	0.625
0.141509	0.726415	0.0471698	0.0849057
0.047619	0.52381	0.380952	0.047619
0.36	0.4	0.12	0.12
0.472973	0.391892	0.0135135	0.121622
0.111111	0.111111	0.666667	0.111111
0.0113636	0.943182	0.0113636	0.0340909
0.342857	0.0571429	0.0285714	0.571429
0.393333	0.43	0.153333	0.0233333
0.162162	0.540541	0.27027	0.027027
0.63067	0.267819	0.0151188	0.0863931
0.0111111	0.311111	0.277778	0.4
0.104972	0.707182	0.0110497	0.176796
0.732143	0.196429	0.0178571	0.0535714
0.166667	0.0555556	0.0555556	0.722222
0.125	0.625	0.125	0.125
0.215909	0.238636	0.443182	0.102273
0.0571429	0.297143	0.0685714	0.577143
0.0451327	0.107965	0.742035	0.104867
0.333333	0.580645	0.0322581	0.0537634
0.0694444	0.847222	0.0694444	0.0138889
0.107143	0.35	0.371429	0.171429
0.285714	0.428571	0.142857	0.142857
0.0344828	0.448276	0.0344828	0.482759
0.212121	0.121212	0.272727	0.393939
0.534483	0.327586	0.0344828	0.103448
0.535294	0.394118	0.0294118	0.0411765
0.111111	0.111111	0.722222	0.0555556
0.104046	0.115607	0.300578	0.479769
0.2	0.65	0.1	0.05
0.302632	0.381579	0.105263	0.210526
0.352941	0.470588	0.0588235	0.117647
0.0377358	0.320755	0.45283	0.188679
0.436364	0.418182	0.0181818	0.127273
0.028169	0.15493	0.492958	0.323944
0.320988	0.617284	0.037037	0.0246914
0.0434783	0.456522	0.23913	0.26087
0.190476	0.238095	0.428571	0.142857
0.229167	0.0416667	0.0833333	0.645833
0.0238095	0.666667	0.166667	0.142857
0.0444444	0.755556	0.0444444	0.155556
0.0909091	0.212121	0.636364	0.0606061
0.0392157	0.333333	0.0196078	0.607843
0.790412	0.167224	0.0111483	0.0312152
0.0650407	0.552846	0.0406504	0.341463
0.238095	0.107143	0.321429	0.333333
0.0232558	0.348837	0.395349	0.232558
0.0769231	0.461538	0.153846	0.307692
0.2	0.1	0.2	0.5
0.047619	0.311111	0.365079	0.27619
0.308511	0.545213	0.0345745	0.111702
0.525	0.3625	0.0125	0.1
0.208333	0.0416667	0.125	0.625
0.666667	0.166667	0.0277778	0.138889
0.323077	0.530769	0.115385	0.0307692
0.130435	0.23913	0.5	0.130435
0.0952381	0.214286	0.666667	0.0238095
0.176471	0.54902	0.137255	0.137255
0.0731707	0.317073	0.0731707	0.536585
0.030303	0.272727	0.333333	0.363636
0.025	0.375	0.45	0.15
0.290323	0.451613	0.0967742	0.16129
0.233333	0.0666667	0.1	0.6
0.0625	0.519737	0.0822368	0.335526
0.0243902	0.219512	0.121951	0.634146
0.386364	0.431818	0.0227273	0.159091
0.4	0.1	0.1	0.4
0.585366	0.292683	0.0243902	0.097561
0.230769	0.0769231	0.615385	0.0769231
0.0333333	0.266667	0.2	0.5
0.361486	0.35473	0.0405405	0.243243
0.0333333	0.233333	0.1	0.633333
0.1	0.15	0.05	0.7
0.0181818	0.0363636	0.127273	0.818182
0.00833333	0.266667	0.533333	0.191667
0.12	0.4	0.32	0.16
0.0208333	0.145833	0.791667	0.0416667
0.134615	0.596154	0.0769231	0.192308
0.0377358	0.132075	0.773585	0.0566038
0.166667	0.25	0.0416667	0.541667
0.148148	0.037037	0.62963	0.185185
0.0588235	0.418301	0.51634	0.00653595
0.0909091	0.0909091	0.545455	0.272727
0.0273973	0.0684932	0.150685	0.753425
0.0347826	0.4	0.356522	0.208696
0.15	0.7	0.1	0.05
0.21875	0.375	0.0625	0.34375
0.0606061	0.212121	0.0909091	0.636364
0.153846	0.269231	0.423077	0.153846
0.020202	0.151515	0.030303	0.79798
0.08	0.62	0.08	0.22
0.025641	0.0512821	0.615385	0.307692
0.0416667	0.541667	0.0625	0.354167
0.0166667	0.933333	0.0166667	0.0333333
0.0377358	0.90566	0.0440252	0.0125786
0.125	0.0416667	0.541667	0.291667
0.0740741	0.148148	0.444444	0.333333
0.333333	0.380952	0.0952381	0.190476
0.0740741	0.0740741	0.777778	0.0740741
0.00917431	0.568807	0.0428135	0.379205
0.0869565	0.347826	0.144928	0.42029
0.730769	0.192308	0.0384615	0.0384615
0.157895	0.578947	0.0526316	0.210526
0.0258621	0.827586	0.0775862	0.0689655
0.217391	0.478261	0.0434783	0.26087
0.25	0.25	0.25	0.25
0.0192308	0.134615	0.519231	0.326923
0.25641	0.384615	0.0769231	0.282051
0.157895	0.105263	0.315789	0.421053
0.25	0.25	0.25	0.25
0.541284	0.110092	0.293578	0.0550459
0.047619	0.666667	0.238095	0.047619
0.327586	0.172414	0.103448	0.396552
0.025	0.15	0.05	0.775
0.0144928	0.202899	0.594203	0.188406
0.107143	0.642857	0.142857	0.107143
0.030303	0.121212	0.727273	0.121212
0.047619	0.047619	0.238095	0.666667
0.0108696	0.347826	0.456522	0.184783
0.3	0.55	0.1	0.05
0.0952381	0.666667	0.142857	0.0952381
0.078125	0.34375	0.484375	0.09375
0.318182	0.25	0.204545	0.227273
0.142857	0.285714	0.142857	0.428571
0.37037	0.407407	0.037037	0.185185
0.121212	0.121212	0.484848	0.272727
0.0461538	0.692308	0.184615	0.0769231
0.333333	0.0833333	0.166667	0.416667
0.0952381	0.666667	0.0952381	0.142857
0.0555556	0.666667	0.111111	0.166667
0.0731707	0.390244	0.243902	0.292683
0.172414	0.655172	0.0689655	0.103448
0.0909091	0.0909091	0.363636	0.454545
0.0952381	0.285714	0.571429	0.047619
0.016129	0.322581	0.548387	0.112903
0.03125	0.234375	0.25	0.484375
0.127273	0.509091	0.0272727	0.336364
0.0444444	0.622222	0.155556	0.177778
0.316667	0.5	0.0833333	0.1
0.0263158	0.359649	0.184211	0.429825
0.663912	0.278237	0.0192837	0.0385675
0.125	0.125	0.6875	0.0625
0.117647	0.470588	0.0588235	0.352941
0.0909091	0.363636	0.0909091	0.454545
0.0512821	0.102564	0.74359	0.102564
0.05	0.2	0.5	0.25
0.121212	0.030303	0.181818	0.666667
0.473684	0.315789	0.131579	0.0789474
0.178571	0.607143	0.0714286	0.142857
0.0138889	0.9375	0.0138889	0.0347222
0.11236	0.808989	0.011236	0.0674157
0.111111	0.555556	0.111111	0.222222
0.25641	0.435897	0.128205	0.179487
0.030303	0.515152	0.363636	0.0909091
0.122807	0.789474	0.0175439	0.0701754
0.0833333	0.0520833	0.489583	0.375
0.121212	0.212121	0.545455	0.121212
0.0311419	0.871972	0.0726644	0.0242215
0.0789474	0.0964912	0.614035	0.210526
0.275862	0.0344828	0.172414	0.517241
0.722222	0.194444	0.0555556	0.0277778
0.211538	0.0192308	0.0384615	0.730769
0.0967742	0.0967742	0.677419	0.129032
0.0384615	0.0769231	0.615385	0.269231
0.04	0.34	0.36	0.26
0.0425532	0.0425532	0.851064	0.0638298
0.0555556	0.277778	0.388889	0.277778
0.027027	0.216216	0.297297	0.459459
0.271739	0.163043	0.195652	0.369565
0.0980392	0.411765	0.0196078	0.470588
0.0175439	0.263158	0.666667	0.0526316
0.0645161	0.483871	0.225806	0.225806
0.25	0.25	0.25	0.25
0.0574713	0.045977	0.0114943	0.885057
0.0526316	0.315789	0.105263	0.526316
0.0208333	0.0208333	0.3125	0.645833
0.35	0.525	0.025	0.1
0.0149254	0.119403	0.671642	0.19403
0.467626	0.410072	0.057554	0.0647482
0.737557	0.20362	0.0497738	0.00904977
0.0115607	0.618497	0.242775	0.127168
0.117647	0.0588235	0.588235	0.235294
0.0454545	0.0909091	0.0909091	0.772727
0.5	0.125	0.125	0.25
0.0263158	0.263158	0.526316	0.184211
0.0769231	0.403846	0.403846	0.115385
0.161765	0.426471	0.161765	0.25
0.0857143	0.371429	0.514286	0.0285714
0.153846	0.0769231	0.5	0.269231
0.0277778	0.0555556	0.694444	0.222222
0.483871	0.387097	0.0645161	0.0645161
0.037037	0.203704	0.703704	0.0555556
0.037037	0.166667	0.703704	0.0925926
0.178571	0.178571	0.214286	0.428571
0.0869565	0.0434783	0.130435	0.73913
0.0232558	0.0232558	0.325581	0.627907
0.0239521	0.323353	0.275449	0.377246
0.190476	0.650794	0.047619	0.111111
0.172414	0.551724	0.206897	0.0689655
0.0192308	0.326923	0.596154	0.0576923
0.153846	0.115385	0.0769231	0.653846
0.0666667	0.533333	0.266667	0.133333
0.209877	0.111111	0.0246914	0.654321
0.0996016	0.784861	0.063745	0.0517928
0.0769231	0.461538	0.0769231	0.384615
0.693431	0.175182	0.0437956	0.0875912
0.030303	0.121212	0.030303	0.818182
0.0843373	0.506024	0.0481928	0.361446
0.214286	0.285714	0.285714	0.214286
0.571429	0.238095	0.047619	0.142857
0.171875	0.65625	0.015625	0.15625
0.101695	0.338983	0.0338983	0.525424
0.25	0.25	0.25	0.25
0.230769	0.179487	0.384615	0.205128
0.736842	0.175439	0.0175439	0.0701754
0.111111	0.833333	0.0277778	0.0277778
0.0555556	0.5	0.0555556	0.388889
0.136842	0.763158	0.00526316	0.0947368
0.15	0.6	0.15	0.1
0.0185185	0.296296	0.407407	0.277778
0.15625	0.46875	0.03125	0.34375
0.0714286	0.285714	0.142857	0.5
0.12766	0.319149	0.0425532	0.510638
0.102564	0.307692	0.435897	0.153846
0.543478	0.108696	0.130435	0.217391
0.395833	0.270833	0.125	0.208333
0.0339426	0.156658	0.125326	0.684073
0.0294118	0.352941	0.0294118	0.588235
0.824268	0.117155	0.0251046	0.0334728
0.0434783	0.0869565	0.304348	0.565217
0.130058	0.135838	0.621387	0.112717
0.047619	0.047619	0.380952	0.52381
0.101031	0.76866	0.110103	0.0202062
0.0447761	0.507463	0.0298507	0.41791
0.294118	0.0117647	0.105882	0.588235
0.285714	0.380952	0.047619	0.285714
0.05	0.25	0.0166667	0.683333
0.122936	0.812844	0.0238532	0.040367
0.0357143	0.0357143	0.857143	0.0714286
0.392857	0.464286	0.0714286	0.0714286
0.461538	0.410256	0.102564	0.025641
0.0238095	0.238095	0.666667	0.0714286
0.168831	0.25974	0.0519481	0.519481
0.0769231	0.480769	0.0192308	0.423077
0.682192	0.158904	0.0712329	0.0876712
0.0526316	0.210526	0.0526316	0.684211
0.111111	0.444444	0.222222	0.222222
0.0606061	0.848485	0.0151515	0.0757576
0.12	0.76	0.08	0.04
0.142857	0.428571	0.285714	0.142857
0.046729	0.28972	0.0280374	0.635514
0.606061	0.242424	0.121212	0.030303
0.0294118	0.147059	0.558824	0.264706
0.025641	0.487179	0.410256	0.0769231
0.097561	0.268293	0.0243902	0.609756
0.111111	0.555556	0.222222	0.111111
0.0666667	0.133333	0.666667	0.133333
0.16	0.28	0.2	0.36
0.163265	0.397959	0.132653	0.306122
0.0212766	0.765957	0.148936	0.0638298
0.27027	0.175676	0.459459	0.0945946
0.208609	0.182119	0.582781	0.0264901
0.0238095	0.0714286	0.880952	0.0238095
0.186047	0.744186	0.0232558	0.0465116
0.0555556	0.222222	0.0277778	0.694444
0.150794	0.190476	0.404762	0.253968
0.00990099	0.930693	0.019802	0.039604
0.555556	0.222222	0.0555556	0.166667
0.347826	0.413043	0.0434783	0.195652
0.0338983	0.254237	0.525424	0.186441
0.00970874	0.0873786	0.592233	0.31068
0.130435	0.282609	0.0217391	0.565217
0.0212766	0.361702	0.553191	0.0638298
0.0285714	0.166667	0.442857	0.361905
0.0178571	0.0714286	0.660714	0.25
0.131579	0.684211	0.0263158	0.157895
0.0851064	0.723404	0.0851064	0.106383
0.025641	0.115385	0.025641	0.833333
0.0833333	0.25	0.166667	0.5
0.230769	0.153846	0.307692	0.307692
0.125	0.375	0.375	0.125
0.548387	0.387097	0.0322581	0.0322581
0.545455	0.363636	0.0454545	0.0454545
0.0588235	0.352941	0.0588235	0.529412
0.0151515	0.712121	0.166667	0.106061
0.594595	0.162162	0.135135	0.108108
0.126984	0.142857	0.31746	0.412698
0.2	0.12	0.4	0.28
0.130435	0.347826	0.391304	0.130435
0.04	0.2	0.62	0.14
0.180328	0.622951	0.114754	0.0819672
0.0140845	0.28169	0.478873	0.225352
0.0516432	0.0962441	0.734742	0.117371
0.0263158	0.394737	0.5	0.0789474
0.0363636	0.818182	0.0363636	0.109091
0.0705882	0.694118	0.211765	0.0235294
0.027027	0.891892	0.0540541	0.027027
0.0921053	0.0921053	0.328947	0.486842
0.100719	0.100719	0.0935252	0.705036
0.16	0.68	0.08	0.08
0.11465	0.0318471	0.0127389	0.840764
0.323529	0.588235	0.0588235	0.0294118
0.0540541	0.405405	0.351351	0.189189
0.00689655	0.0206897	0.772414	0.2
0.0555556	0.333333	0.0555556	0.555556
0.25	0.416667	0.0416667	0.291667
0.0416667	0.291667	0.625	0.0416667
0.135593	0.389831	0.305085	0.169492
0.18	0.64	0.12	0.06
0.277778	0.222222	0.444444	0.0555556
0.030303	0.848485	0.0606061	0.0606061
0.0909091	0.636364	0.0909091	0.181818
0.208333	0.416667	0.25	0.125
0.181818	0.363636	0.0454545	0.409091
0.05	0.15	0.25	0.55
0.0657895	0.210526	0.0394737	0.684211
0.25	0.416667	0.138889	0.194444
0.0612245	0.367347	0.428571	0.142857
0.168142	0.20354	0.132743	0.495575
0.0854701	0.717949	0.119658	0.0769231
0.181818	0.0909091	0.181818	0.545455
0.03125	0.328125	0.109375	0.53125
0.326087	0.347826	0.195652	0.130435
0.129032	0.354839	0.129032	0.387097
0.347826	0.275362	0.333333	0.0434783
0.192308	0.653846	0.0769231	0.0769231
0.0128205	0.346154	0.153846	0.487179
0.118421	0.394737	0.0131579	0.473684
0.0338164	0.183575	0.763285	0.0193237
0.0927835	0.103093	0.0103093	0.793814
0.176471	0.0588235	0.411765	0.352941
0.1	0.1	0.55	0.25
0.0588235	0.235294	0.529412	0.176471
0.0588235	0.823529	0.0588235	0.0588235
0.272727	0.272727	0.0909091	0.363636
0.08	0.32	0.44	0.16
0.121212	0.333333	0.242424	0.30303
0.577465	0.366197	0.0140845	0.0422535
0.00909091	0.145455	0.309091	0.536364
0.0681818	0.386364	0.113636	0.431818
0.396226	0.358491	0.169811	0.0754717
0.2	0.2	0.4	0.2
0.0181818	0.890909	0.0363636	0.0545455
0.0588235	0.411765	0.0588235	0.470588
0.233333	0.166667	0.3	0.3
0.0909091	0.0909091	0.545455	0.272727
0.0238095	0.0952381	0.761905	0.119048
0.105263	0.315789	0.157895	0.421053
0.14578	0.785166	0.0434783	0.0255754
0.2	0.4	0.133333	0.266667
0.1	0.7	0.1	0.1
0.03125	0.375	0.25	0.34375
0.117647	0.470588	0.294118	0.117647
0.178571	0.780612	0.0306122	0.0102041
0.106918	0.232704	0.320755	0.339623
0.09375	0.46875	0.0625	0.375
0.309353	0.309353	0.172662	0.208633
0.885714	0.0285714	0.0142857	0.0714286
0.333333	0.166667	0.333333	0.166667
0.849462	0.129032	0.0107527	0.0107527
0.071066	0.269036	0.456853	0.203046
0.235294	0.0882353	0.382353	0.294118
0.0253165	0.329114	0.0506329	0.594937
0.25	0.25	0.25	0.25
0.125	0.625	0.125	0.125
0.028169	0.183099	0.0140845	0.774648
0.182482	0.693431	0.0510949	0.0729927
0.0952381	0.619048	0.047619	0.238095
0.0555556	0.166667	0.222222	0.555556
0.220588	0.470588	0.176471	0.132353
0.176471	0.294118	0.176471	0.352941
0.12	0.32	0.12	0.44
0.173913	0.565217	0.130435	0.130435
0.324675	0.324675	0.246753	0.103896
0.181818	0.590909	0.0454545	0.181818
0.37037	0.444444	0.037037	0.148148
0.0892857	0.517857	0.214286	0.178571
0.42	0.26	0.28	0.04
0.0606061	0.363636	0.424242	0.151515
0.2	0.133333	0.4	0.266667
0.375	0.3125	0.0625	0.25
0.04	0.72	0.2	0.04
0.0588235	0.235294	0.117647	0.588235
0.25	0.25	0.25	0.25
0.03125	0.34375	0.59375	0.03125
0.220588	0.455882	0.161765	0.161765
0.0204082	0.183673	0.714286	0.0816327
0.0697674	0.488372	0.139535	0.302326
0.015625	0.03125	0.140625	0.8125
0.0980392	0.784314	0.0196078	0.0980392
0.44186	0.44186	0.0697674	0.0465116
0.0909091	0.136364	0.545455	0.227273
0.216216	0.621622	0.108108	0.0540541
0.0869565	0.347826	0.0434783	0.521739
0.0519481	0.246753	0.597403	0.103896
0.388889	0.222222	0.222222	0.166667
0.150685	0.0821918	0.205479	0.561644
0.613139	0.218978	0.0364964	0.131387
0.0574713	0.551724	0.045977	0.344828
0.5	0.25	0.0131579	0.236842
0.322581	0.0645161	0.225806	0.387097
0.431818	0.511364	0.0113636	0.0454545
0.507246	0.391304	0.0434783	0.057971
0.2	0.2	0.4	0.2
0.142857	0.214286	0.428571	0.214286
0.25	0.25	0.25	0.25
0.300885	0.637168	0.00884956	0.0530973
0.11236	0.786517	0.011236	0.0898876
0.258065	0.225806	0.129032	0.387097
0.145038	0.274809	0.0305344	0.549618
0.130952	0.761905	0.0119048	0.0952381
0.025641	0.153846	0.615385	0.205128
0.0540541	0.837838	0.0540541	0.0540541
0.0566038	0.0188679	0.716981	0.207547
0.428571	0.380952	0.047619	0.142857
0.269841	0.444444	0.253968	0.031746
0.3	0.625	0.025	0.05
0.85	0.05	0.05	0.05
0.157895	0.789474	0.0263158	0.0263158
0.135417	0.833333	0.0243056	0.00694444
0.0740741	0.296296	0.333333	0.296296
0.177778	0.666667	0.133333	0.0222222
0.142857	0.047619	0.571429	0.238095
0.0588235	0.117647	0.588235	0.235294
0.0147059	0.0735294	0.794118	0.117647
0.0454545	0.0454545	0.590909	0.318182
0.352941	0.546713	0.0415225	0.0588235
0.0909091	0.454545	0.363636	0.0909091
0.362637	0.384615	0.142857	0.10989
0.0833333	0.5	0.166667	0.25
0.0689655	0.551724	0.0689655	0.310345
0.0769231	0.384615	0.307692	0.230769
0.0666667	0.133333	0.4	0.4
0.0327869	0.344262	0.262295	0.360656
0.08	0.106667	0.12	0.693333
0.108108	0.445946	0.135135	0.310811
0.151394	0.780876	0.00398406	0.063745
0.00892857	0.0982143	0.794643	0.0982143
0.307692	0.153846	0.153846	0.384615
0.0994152	0.397661	0.0116959	0.491228
0.0869565	0.0869565	0.521739	0.304348
0.33908	0.45977	0.0172414	0.183908
0.129032	0.193548	0.387097	0.290323
0.0480769	0.0865385	0.413462	0.451923
0.101796	0.131737	0.317365	0.449102
0.133333	0.133333	0.0333333	0.7
0.25	0.25	0.25	0.25
0.0666667	0.733333	0.133333	0.0666667
0.1875	0.125	0.125	0.5625
0.0126183	0.044164	0.0189274	0.92429
0.153846	0.0769231	0.538462	0.230769
0.0344828	0.724138	0.0344828	0.206897
0.118644	0.322034	0.423729	0.135593
0.12844	0.0733945	0.137615	0.66055
0.0754717	0.320755	0.188679	0.415094
0.418182	0.436364	0.0909091	0.0545455
0.615385	0.230769	0.0512821	0.102564
0.00571429	0.165714	0.125714	0.702857
0.0416667	0.0416667	0.291667	0.625
0.26087	0.434783	0.0108696	0.293478
0.117647	0.117647	0.411765	0.352941
0.0516129	0.529032	0.0129032	0.406452
0.03125	0.21875	0.40625	0.34375
0.129032	0.258065	0.129032	0.483871
0.729323	0.240602	0.0150376	0.0150376
0.0434783	0.652174	0.0869565	0.217391
0.25	0.25	0.25	0.25
0.214286	0.380952	0.047619	0.357143
0.428571	0.142857	0.142857	0.285714
0.372093	0.488372	0.0232558	0.116279
0.0985915	0.732394	0.0140845	0.15493
0.148148	0.689815	0.0787037	0.0833333
0.55	0.35	0.05	0.05
0.166667	0.291667	0.416667	0.125
0.0735294	0.0147059	0.0294118	0.882353
0.0666667	0.2	0.666667	0.0666667
0.0117681	0.000574053	0.759759	0.227899
0.806818	0.176136	0.0094697	0.00757576
0.00719424	0.201439	0.683453	0.107914
0.37931	0.431034	0.0172414	0.172414
0.142857	0.142857	0.0714286	0.642857
0.0526316	0.736842	0.0526316	0.157895
0.03125	0.375	0.34375	0.25
0.0263158	0.0526316	0.473684	0.447368
0.111111	0.518519	0.259259	0.111111
0.12766	0.755319	0.0212766	0.0957447
0.0714286	0.5	0.0714286	0.357143
0.0472441	0.149606	0.0551181	0.748031
0.191919	0.646465	0.0505051	0.111111
0.00649351	0.0649351	0.925325	0.00324675
0.0666667	0.2	0.366667	0.366667
0.0909091	0.272727	0.181818	0.454545
0.5	0.25	0.125	0.125
0.0175439	0.0263158	0.114035	0.842105
0.55102	0.0204082	0.0816327	0.346939
0.235294	0.235294	0.176471	0.352941
0.761905	0.147619	0.0714286	0.0190476
0.0140845	0.239437	0.0985915	0.647887
0.63964	0.135135	0.153153	0.0720721
0.214286	0.261905	0.452381	0.0714286
0.6	0.21791	0.00895522	0.173134
0.333333	0.277778	0.0555556	0.333333
0.1	0.05	0.55	0.3
0.0707965	0.185841	0.477876	0.265487
0.272727	0.545455	0.0909091	0.0909091
0.027933	0.0698324	0.751397	0.150838
0.0136139	0.0792079	0.867574	0.039604
0.307692	0.307692	0.230769	0.153846
0.136364	0.363636	0.0909091	0.409091
0.117647	0.588235	0.0588235	0.235294
0.108696	0.745342	0.0279503	0.118012
0.0165289	0.53719	0.421488	0.0247934
0.0615385	0.461538	0.0461538	0.430769
0.16	0.04	0.12	0.68
0.326733	0.386139	0.138614	0.148515
0.0833333	0.361111	0.472222	0.0833333
0.108108	0.27027	0.405405	0.216216
0.173913	0.26087	0.391304	0.173913
0.151515	0.212121	0.181818	0.454545
0.25	0.25	0.25	0.25
0.0864198	0.197531	0.111111	0.604938
0.0714286	0.309524	0.0952381	0.52381
0.519231	0.307692	0.0961538	0.0769231
0.869482	0.0825336	0.0441459	0.00383877
0.166667	0.222222	0.388889	0.222222
0.115385	0.230769	0.0384615	0.615385
0.084507	0.183099	0.661972	0.0704225
0.0689655	0.137931	0.724138	0.0689655
0.5575	0.2525	0.06	0.13
0.047619	0.047619	0.761905	0.142857
0.38961	0.428571	0.025974	0.155844
0.0462963	0.555556	0.0648148	0.333333
0.0927835	0.680412	0.0618557	0.164948
0.0204082	0.489796	0.265306	0.22449
0.027027	0.783784	0.027027	0.162162
0.0263158	0.789474	0.118421	0.0657895
0.25	0.25	0.25	0.25
0.0588235	0.117647	0.764706	0.0588235
0.162162	0.702703	0.027027	0.108108
0.25	0.707447	0.0265957	0.0159574
0.0789474	0.763158	0.0263158	0.131579
0.25	0.25	0.25	0.25
0.0952381	0.285714	0.047619	0.571429
0.0365854	0.378049	0.536585	0.0487805
0.478261	0.492754	0.0144928	0.0144928
0.0333333	0.3	0.5	0.166667
0.384615	0.153846	0.230769	0.230769
0.3	0.3	0.1	0.3
0.0555556	0.111111	0.444444	0.388889
0.181818	0.454545	0.181818	0.181818
0.0208333	0.125	0.25	0.604167
0.277778	0.277778	0.111111	0.333333
0.166667	0.738095	0.0238095	0.0714286
0.025	0.375	0.375	0.225
0.130769	0.0923077	0.134615	0.642308
0.0645161	0.225806	0.483871	0.225806
0.0810811	0.283784	0.027027	0.608108
0.0769231	0.0769231	0.230769	0.615385
0.130952	0.47619	0.25	0.142857
0.0952381	0.666667	0.047619	0.190476
0.153846	0.307692	0.230769	0.307692
0.0208333	0.770833	0.166667	0.0416667
0.0526316	0.526316	0.210526	0.210526
0.047619	0.333333	0.047619	0.571429
0.060241	0.192771	0.0361446	0.710843
0.259259	0.444444	0.0555556	0.240741
0.0322581	0.225806	0.677419	0.0645161
0.197183	0.0492958	0.133803	0.619718
0.116667	0.15	0.5	0.233333
0.0333333	0.3	0.433333	0.233333
0.05	0.2	0.2	0.55
0.351351	0.135135	0.378378	0.135135
0.25	0.25	0.25	0.25
0.0153846	0.169231	0.615385	0.2
0.190476	0.357143	0.047619	0.404762
0.0227273	0.409091	0.454545	0.113636
0.112903	0.693548	0.129032	0.0645161
0.16	0.16	0.48	0.2
0.0594059	0.712871	0.039604	0.188119
0.0365854	0.134146	0.256098	0.573171
0.04	0.16	0.32	0.48
0.272727	0.030303	0.545455	0.151515
0.111111	0.527778	0.0833333	0.277778
0.1875	0.0625	0.1875	0.5625
0.125	0.0625	0.125	0.6875
0.125	0.375	0.4375	0.0625
0.0769231	0.307692	0.0769231	0.538462
0.0192308	0.0192308	0.0769231	0.884615
0.00775194	0.147287	0.232558	0.612403
0.25	0.25	0.25	0.25
0.0322581	0.322581	0.0322581	0.612903
0.0704225	0.380282	0.323944	0.225352
0.107914	0.694245	0.00359712	0.194245
0.6	0.2	0.04	0.16
0.5	0.214286	0.142857	0.142857
0.130435	0.391304	0.347826	0.130435
0.455696	0.253165	0.0886076	0.202532
0.0571429	0.228571	0.628571	0.0857143
0.310345	0.172414	0.137931	0.37931
0.222222	0.185185	0.148148	0.444444
0.308008	0.531828	0.102669	0.0574949
0.6	0.15	0.1	0.15
0.1	0.3	0.1	0.5
0.00662252	0.10596	0.370861	0.516556
0.0406504	0.260163	0.601626	0.097561
0.749631	0.181013	0.0408264	0.0285293
0.097561	0.121951	0.0487805	0.731707
0.0357143	0.285714	0.642857	0.0357143
0.0936455	0.0769231	0.150502	0.67893
0.05	0.216667	0.283333	0.45
0.173913	0.391304	0.173913	0.26087
0.03125	0.15625	0.03125	0.78125
0.0377358	0.226415	0.113208	0.622642
0.108808	0.839378	0.0259067	0.0259067
0.0543478	0.206522	0.0434783	0.695652
0.153846	0.384615	0.307692	0.153846
0.796703	0.10989	0.0357143	0.0576923
0.444444	0.333333	0.0277778	0.194444
0.302326	0.651163	0.0116279	0.0348837
0.0277778	0.472222	0.361111	0.138889
0.635036	0.10219	0.080292	0.182482
0.1875	0.4375	0.0625	0.3125
0.176471	0.470588	0.117647	0.235294
0.0387597	0.906977	0.00775194	0.0465116
0.0689655	0.206897	0.551724	0.172414
0.173913	0.173913	0.304348	0.347826
0.20339	0.423729	0.0508475	0.322034
0.0510204	0.265306	0.377551	0.306122
0.0517241	0.37931	0.5	0.0689655
0.0307692	0.0461538	0.230769	0.692308
0.037037	0.0740741	0.444444	0.444444
0.02	0.34	0.62	0.02
0.0465116	0.813953	0.0697674	0.0697674
0.125	0.125	0.375	0.375
0.0294118	0.117647	0.0882353	0.764706
0.675	0.220833	0.0458333	0.0583333
0.0268007	0.909548	0.0351759	0.0284757
0.0769231	0.384615	0.192308	0.346154
0.631579	0.315789	0.0263158	0.0263158
0.153846	0.230769	0.0769231	0.538462
0.016129	0.225806	0.612903	0.145161
0.0548523	0.278481	0.185654	0.481013
0.577778	0.222222	0.0888889	0.111111
0.0357143	0.25	0.321429	0.392857
0.214286	0.214286	0.357143	0.214286
0.0285714	0.342857	0.0285714	0.6
0.082995	0.164637	0.688318	0.0640505
0.2	0.2	0.2	0.4
0.427861	0.452736	0.0248756	0.0945274
0.1	0.6	0.2	0.1
0.0639606	0.0516605	0.523985	0.360394
0.637712	0.152542	0.00317797	0.206568
0.666667	0.222222	0.037037	0.0740741
0.697368	0.263158	0.0263158	0.0131579
0.0955166	0.294347	0.519493	0.0906433
0.0857143	0.2	0.0285714	0.685714
0.176471	0.470588	0.0588235	0.294118
0.259259	0.555556	0.037037	0.148148
0.214286	0.5	0.142857	0.142857
0.0444444	0.266667	0.311111	0.377778
0.0645161	0.258065	0.387097	0.290323
0.0243902	0.219512	0.439024	0.317073
0.471698	0.433962	0.0377358	0.0566038
0.533333	0.233333	0.1	0.133333
0.0461538	0.338462	0.107692	0.507692
0.105263	0.526316	0.157895	0.210526
0.0962963	0.703704	0.0666667	0.133333
0.05	0.15	0.45	0.35
0.030303	0.151515	0.454545	0.363636
0.0714286	0.25	0.571429	0.107143
0.0277778	0.444444	0.277778	0.25
0.318182	0.318182	0.0454545	0.318182
0.111111	0.777778	0.0555556	0.0555556
0.166667	0.0833333	0.666667	0.0833333
0.0392157	0.176471	0.745098	0.0392157
0.25	0.25	0.25	0.25
0.0151515	0.181818	0.378788	0.424242
0.153846	0.384615	0.25	0.211538
0.0666667	0.466667	0.266667	0.2
0.0540541	0.108108	0.72973	0.108108
0.42	0.48	0.045	0.055
0.0113636	0.227273	0.295455	0.465909
0.0625	0.125	0.625	0.1875
0.0169492	0.186441	0.186441	0.610169
0.0625	0.25	0.03125	0.65625
0.244444	0.577778	0.0444444	0.133333
0.0612245	0.653061	0.142857	0.142857
0.320755	0.45283	0.0283019	0.198113
0.0384615	0.230769	0.230769	0.5
0.25	0.25	0.25	0.25
0.110577	0.25	0.576923	0.0625
0.377778	0.444444	0.111111	0.0666667
0.0555556	0.777778	0.0555556	0.111111
0.0666667	0.222222	0.0888889	0.622222
0.105263	0.210526	0.263158	0.421053
0.181818	0.0909091	0.030303	0.69697
0.0166667	0.916667	0.0166667	0.05
0.277778	0.277778	0.111111	0.333333
0.0666667	0.4	0.2	0.333333
0.1875	0.109375	0.125	0.578125
0.105263	0.421053	0.0526316	0.421053
0.598109	0.349882	0.0118203	0.0401891
0.261905	0.392857	0.0714286	0.27381
0.0571429	0.0571429	0.0857143	0.8
0.037037	0.481481	0.037037	0.444444
0.0625	0.125	0.708333	0.104167
0.0348837	0.27907	0.44186	0.244186
0.166667	0.0555556	0.111111	0.666667
0.0454545	0.318182	0.272727	0.363636
0.346154	0.461538	0.115385	0.0769231
0.0357143	0.214286	0.428571	0.321429
0.0769231	0.346154	0.384615	0.192308
0.0847458	0.779661	0.0847458	0.0508475
0.607143	0.107143	0.0357143	0.25
0.142857	0.571429	0.142857	0.142857
0.623377	0.311688	0.038961	0.025974
0.0853659	0.341463	0.292683	0.280488
0.166667	0.395833	0.229167	0.208333
0.222222	0.444444	0.111111	0.222222
0.0454545	0.127273	0.672727	0.154545
0.0208333	0.270833	0.0208333	0.6875
0.105263	0.578947	0.105263	0.210526
0.030303	0.212121	0.030303	0.727273
0.0181818	0.654545	0.163636	0.163636
0.11236	0.140449	0.685393	0.0617978
0.03125	0.125	0.625	0.21875
0.471429	0.457143	0.0285714	0.0428571
0.206897	0.137931	0.0689655	0.586207
0.321839	0.574713	0.0229885	0.0804598
0.0775194	0.18863	0.124031	0.609819
0.296296	0.111111	0.481481	0.111111
0.111111	0.333333	0.444444	0.111111
0.269231	0.461538	0.0384615	0.230769
0.047619	0.047619	0.666667	0.238095
0.2	0.3	0.0333333	0.466667
0.1	0.2	0.2	0.5
0.0229885	0.413793	0.0114943	0.551724
0.738014	0.179795	0.0547945	0.0273973
0.0227273	0.318182	0.340909	0.318182
0.444444	0.222222	0.111111	0.222222
0.282051	0.538462	0.025641	0.153846
0.0454545	0.363636	0.0454545	0.545455
0.0142857	0.171429	0.628571	0.185714
0.0714286	0.0714286	0.142857	0.714286
0.2	0.1	0.3	0.4
0.228571	0.228571	0.257143	0.285714
0.0238095	0.357143	0.47619	0.142857
0.3125	0.125	0.125	0.4375
0.0869565	0.521739	0.0434783	0.347826
0.046729	0.364486	0.457944	0.130841
0.717026	0.258993	0.00719424	0.0167866
0.133333	0.266667	0.0666667	0.533333
0.0434783	0.26087	0.608696	0.0869565
0.040404	0.010101	0.717172	0.232323
0.0857143	0.0571429	0.0285714	0.828571
0.0227273	0.568182	0.204545	0.204545
0.833333	0.101852	0.0462963	0.0185185
0.434783	0.23913	0.0434783	0.282609
0.0819672	0.868852	0.0163934	0.0327869
0.00900901	0.315315	0.162162	0.513514
0.1	0.55	0.25	0.1
0.401575	0.484252	0.0393701	0.0748031
0.661585	0.20122	0.0518293	0.0853659
0.0405405	0.77027	0.0675676	0.121622
0.125	0.25	0.375	0.25
0.0951009	0.778098	0.0403458	0.0864553
0.0120482	0.0722892	0.626506	0.289157
0.746988	0.210843	0.0240964	0.0180723
0.0282762	0.474171	0.375204	0.122349
0.0977011	0.350575	0.0229885	0.528736
0.027027	0.297297	0.567568	0.108108
0.0454545	0.909091	0.0227273	0.0227273
0.111111	0.111111	0.444444	0.333333
0.54	0.22	0.02	0.22
0.25	0.25	0.25	0.25
0.465753	0.410959	0.0136986	0.109589
0.0952381	0.0952381	0.47619	0.333333
0.3125	0.1875	0.125	0.375
0.0306122	0.0612245	0.346939	0.561224
0.0167598	0.363128	0.0558659	0.564246
0.0172414	0.155172	0.275862	0.551724
0.0909091	0.272727	0.272727	0.363636
0.333333	0.166667	0.166667	0.333333
0.116279	0.186047	0.0930233	0.604651
0.65	0.2	0.1	0.05
0.05	0.2	0.55	0.2
0.25	0.25	0.25	0.25
0.428571	0.285714	0.142857	0.142857
0.378378	0.351351	0.243243	0.027027
0.0384615	0.288462	0.0192308	0.653846
0.0625	0.375	0.25	0.3125
0.25	0.25	0.25	0.25
0.142857	0.357143	0.0714286	0.428571
0.285714	0.428571	0.142857	0.142857
0.408451	0.239437	0.239437	0.112676
0.583333	0.25	0.0416667	0.125
0.416667	0.0833333	0.166667	0.333333
0.0434783	0.26087	0.0144928	0.681159
0.4375	0.458333	0.0625	0.0416667
0.03125	0.140625	0.25	0.578125
0.0666667	0.316667	0.0166667	0.6
0.4	0.4	0.133333	0.0666667
0.25	0.25	0.25	0.25
0.184615	0.446154	0.0307692	0.338462
0.323529	0.176471	0.0882353	0.411765
0.243902	0.390244	0.0243902	0.341463
0.425	0.325	0.15	0.1
0.1	0.357143	0.442857	0.1
0.0952381	0.142857	0.238095	0.52381
0.047619	0.238095	0.047619	0.666667
0.466667	0.466667	0.0166667	0.05
0.0422535	0.056338	0.478873	0.422535
0.0322581	0.0645161	0.322581	0.580645
0.0229885	0.356322	0.0114943	0.609195
0.101449	0.695652	0.0144928	0.188406
0.1	0.4	0.433333	0.0666667
0.5	0.222222	0.0555556	0.222222
0.1	0.3	0.2	0.4
0.155556	0.377778	0.111111	0.355556
0.030303	0.0909091	0.515152	0.363636
0.2	0.466667	0.133333	0.2
0.222222	0.111111	0.555556	0.111111
0.0238095	0.333333	0.261905	0.380952
0.25	0.458333	0.0833333	0.208333
0.153846	0.153846	0.230769	0.461538
0.178571	0.214286	0.0357143	0.571429
0.00806452	0.274194	0.435484	0.282258
0.0666667	0.733333	0.133333	0.0666667
0.0272727	0.845455	0.0545455	0.0727273
0.208333	0.666667	0.0833333	0.0416667
0.0285714	0.285714	0.6	0.0857143
0.0510949	0.489051	0.138686	0.321168
0.5	0.1	0.2	0.2
0.133333	0.366667	0.333333	0.166667
0.0769231	0.192308	0.384615	0.346154
0.2	0.5	0.1	0.2
0.0648148	0.37037	0.388889	0.175926
0.176471	0.117647	0.176471	0.529412
0.142857	0.142857	0.428571	0.285714
0.166667	0.166667	0.166667	0.5
0.111111	0.333333	0.222222	0.333333
0.0833333	0.458333	0.125	0.333333
0.25	0.6	0.05	0.1
0.222222	0.444444	0.277778	0.0555556
0.0425532	0.170213	0.638298	0.148936
0.05	0.1	0.6	0.25
0.263158	0.368421	0.157895	0.210526
0.135135	0.324324	0.0135135	0.527027
0.037037	0.0740741	0.481481	0.407407
0.0581395	0.209302	0.104651	0.627907
0.232558	0.162791	0.0930233	0.511628
0.568306	0.360656	0.00546448	0.0655738
0.0126582	0.303797	0.0632911	0.620253
0.297297	0.459459	0.0540541	0.189189
0.0243902	0.195122	0.707317	0.0731707
0.264019	0.679907	0.0280374	0.0280374
0.333333	0.388889	0.111111	0.166667
0.0769231	0.153846	0.615385	0.153846
0.0638298	0.276596	0.234043	0.425532
0.116525	0.402542	0.0127119	0.46822
0.25	0.5	0.0833333	0.166667
0.0434783	0.26087	0.608696	0.0869565
0.233333	0.1	0.566667	0.1
0.0277778	0.0277778	0.138889	0.805556
0.0588235	0.0588235	0.294118	0.588235
0.047619	0.142857	0.619048	0.190476
0.0410959	0.260274	0.260274	0.438356
0.0188679	0.226415	0.584906	0.169811
0.356322	0.45977	0.0574713	0.126437
0.165138	0.394495	0.238532	0.201835
0.02	0.38	0.54	0.06
0.831522	0.146739	0.00543478	0.0163043
0.0133333	0.36	0.0933333	0.533333
0.25	0.25	0.25	0.25
0.135714	0.771429	0.00714286	0.0857143
0.4	0.44	0.08	0.08
0.272727	0.181818	0.0909091	0.454545
0.649123	0.263158	0.0175439	0.0701754
0.461538	0.430769	0.0153846	0.0923077
0.0704225	0.71831	0.0704225	0.140845
0.515625	0.390625	0.015625	0.078125
0.0661157	0.818182	0.00826446	0.107438
0.15	0.5	0.1	0.25
0.125	0.1875	0.125	0.5625
0.56	0.213333	0.0533333	0.173333
0.027027	0.405405	0.405405	0.162162
0.416667	0.375	0.0833333	0.125
0.106464	0.235741	0.0190114	0.638783
0.548387	0.322581	0.0322581	0.0967742
0.0138889	0.305556	0.416667	0.263889
0.375	0.4375	0.03125	0.15625
0.0322581	0.129032	0.322581	0.516129
0.08	0.24	0.6	0.08
0.1875	0.3125	0.0625	0.4375
0.483871	0.354839	0.0322581	0.129032
0.25	0.333333	0.0833333	0.333333
0.0227273	0.818182	0.0909091	0.0681818
0.0273973	0.849315	0.0136986	0.109589
0.1	0.3	0.5	0.1
0.0952381	0.285714	0.52381	0.0952381
0.111111	0.444444	0.222222	0.222222
0.0714286	0.285714	0.0238095	0.619048
0.0625	0.125	0.1875	0.625
0.191176	0.617647	0.0735294	0.117647
0.02377	0.0735213	0.880044	0.0226645
0.0277778	0.194444	0.138889	0.638889
0.468085	0.425532	0.0212766	0.0851064
0.5625	0.3125	0.0625	0.0625
0.0535714	0.0357143	0.5	0.410714
0.162791	0.44186	0.209302	0.186047
0.04	0.04	0.4	0.52
0.0405405	0.0405405	0.027027	0.891892
0.0294118	0.264706	0.647059	0.0588235
0.224172	0.721248	0.0331384	0.0214425
0.125	0.25	0.0625	0.5625
0.105263	0.473684	0.289474	0.131579
0.25	0.25	0.25	0.25
0.25	0.25	0.25	0.25
0.10989	0.793956	0.0824176	0.0137363
0.0210526	0.0947368	0.252632	0.631579
0.0625	0.375	0.125	0.4375
0.017094	0.0034188	0.0102564	0.969231
0.0333333	0.1	0.666667	0.2
0.0135135	0.189189	0.202703	0.594595
0.0192308	0.326923	0.519231	0.134615
0.0714286	0.142857	0.0714286	0.714286
0.0833333	0.0833333	0.683333	0.15
0.142857	0.142857	0.285714	0.428571
0.2	0.15	0.35	0.3
0.0833333	0.166667	0.0833333	0.666667
0.318182	0.545455	0.0454545	0.0909091
0.117647	0.117647	0.294118	0.470588
0.037037	0.333333	0.518519	0.111111
0.0589286	0.519643	0.0535714	0.367857
0.0576923	0.173077	0.423077	0.346154
0.12766	0.404255	0.0212766	0.446809
0.0555556	0.777778	0.111111	0.0555556
0.25	0.25	0.25	0.25
0.375	0.40625	0.0625	0.15625
0.0952381	0.666667	0.0952381	0.142857
0.125	0.0625	0.1875	0.625
0.125	0.625	0.125	0.125
0.103448	0.689655	0.172414	0.0344828
0.542857	0.3	0.0714286	0.0857143
0.0555556	0.388889	0.5	0.0555556
0.0425532	0.276596	0.191489	0.489362
0.203125	0.59375	0.0625	0.140625
0.78121	0.178893	0.029601	0.010296
0.0740741	0.453704	0.388889	0.0833333
0.0428571	0.242857	0.385714	0.328571
0.0526316	0.210526	0.578947	0.157895
0.025	0.0625	0.6375	0.275
0.0327869	0.327869	0.557377	0.0819672
0.0372671	0.391304	0.428571	0.142857
0.0952381	0.357143	0.214286	0.333333
0.570093	0.392523	0.0186916	0.0186916
0.0227273	0.181818	0.659091	0.136364
0.2	0.2	0.2	0.4
0.0434783	0.304348	0.0434783	0.608696
0.0555556	0.333333	0.0555556	0.555556
0.0764331	0.248408	0.522293	0.152866
0.25	0.25	0.25	0.25
0.25	0.25	0.25	0.25
0.142857	0.333333	0.428571	0.0952381
0.06	0.18	0.18	0.58
0.688593	0.234804	0.0399667	0.0366361
0.1	0.3	0.1	0.5
0.0555556	0.166667	0.5	0.277778
0.0344828	0.137931	0.137931	0.689655
0.0909091	0.0909091	0.681818	0.136364
0.0873786	0.213592	0.0776699	0.621359
0.25	0.25	0.25	0.25
0.2	0.0571429	0.2	0.542857
0.0458015	0.450382	0.0381679	0.465649
0.0153846	0.723077	0.107692	0.153846
0.04	0.3	0.48	0.18
0.473684	0.315789	0.0526316	0.157895
0.625	0.291667	0.0208333	0.0625
0.152542	0.813559	0.0169492	0.0169492
0.0238095	0.642857	0.285714	0.047619
0.142857	0.571429	0.142857	0.142857
0.176471	0.176471	0.529412	0.117647
0.176471	0.588235	0.117647	0.117647
0.119048	0.309524	0.333333	0.238095
0.0536278	0.876972	0.00630915	0.0630915
0.235294	0.294118	0.117647	0.352941
0.166667	0.333333	0.333333	0.166667
0.296296	0.111111	0.296296	0.296296
0.0416667	0.0833333	0.583333	0.291667
0.655556	0.255556	0.0814815	0.00740741
0.0892857	0.232143	0.0178571	0.660714
0.454545	0.363636	0.0454545	0.136364
0.0566038	0.358491	0.566038	0.0188679
0.176471	0.529412	0.0588235	0.235294
0.375	0.458333	0.104167	0.0625
0.038961	0.0519481	0.025974	0.883117
0.114286	0.371429	0.257143	0.257143
0.25	0.25	0.25	0.25
0.25	0.25	0.25	0.25
0.133333	0.6	0.1	0.166667
