0.195122	0.341463	0.390244	0.0731707
0.0416667	0.375	0.541667	0.0416667
0.0716846	0.379928	0.154122	0.394265
0.0434783	0.0869565	0.826087	0.0434783
0.195122	0.593496	0.0325203	0.178862
0.352941	0.294118	0.0588235	0.294118
0.0833333	0.0833333	0.708333	0.125
0.25	0.25	0.25	0.25
0.277778	0.148148	0.5	0.0740741
0.383333	0.35	0.116667	0.15
0.145833	0.291667	0.541667	0.0208333
0.0967742	0.354839	0.483871	0.0645161
0.314607	0.11236	0.539326	0.0337079
0.377049	0.180328	0.163934	0.278689
0.389892	0.34296	0.173285	0.0938628
0.25	0.0357143	0.692857	0.0214286
0.368421	0.0526316	0.526316	0.0526316
0.234043	0.191489	0.553191	0.0212766
0.166667	0.714286	0.0952381	0.0238095
0.202899	0.188406	0.521739	0.0869565
0.103448	0.5	0.0344828	0.362069
0.333333	0.133333	0.466667	0.0666667
0.12766	0.829787	0.0212766	0.0212766
0.2	0.2	0.4	0.2
0.659091	0.25	0.0454545	0.0454545
0.0909091	0.318182	0.0454545	0.545455
0.619048	0.190476	0.0952381	0.0952381
0.3	0.1	0.2	0.4
0.285714	0.428571	0.0714286	0.214286
0.0589041	0.0561644	0.0191781	0.865753
0.214286	0.392857	0.357143	0.0357143
0.0769231	0.807692	0.0769231	0.0384615
0.0517241	0.517241	0.206897	0.224138
0.283333	0.466667	0.166667	0.0833333
0.259259	0.583333	0.12963	0.0277778
0.163842	0.180791	0.00564972	0.649718
0.333333	0.0666667	0.466667	0.133333
0.36	0.08	0.44	0.12
0.33871	0.387097	0.193548	0.0806452
0.0252809	0.123596	0.820225	0.0308989
0.409091	0.443182	0.0568182	0.0909091
0.404494	0.292135	0.0898876	0.213483
0.0588235	0.235294	0.176471	0.529412
0.153846	0.692308	0.138462	0.0153846
0.121588	0.724566	0.0645161	0.08933
0.00520833	0.00520833	0.0364583	0.953125
0.34375	0.34375	0.25	0.0625
0.226415	0.106918	0.63522	0.0314465
0.363636	0.484848	0.030303	0.121212
0.897541	0.057377	0.0327869	0.0122951
0.833333	0.0833333	0.0416667	0.0416667
0.275862	0.0344828	0.62069	0.0689655
0.67623	0.0614754	0.229508	0.0327869
0.235955	0.011236	0.741573	0.011236
0.521739	0.0434783	0.130435	0.304348
0.282051	0.102564	0.179487	0.435897
0.305556	0.458333	0.0138889	0.222222
0.104478	0.641791	0.0895522	0.164179
0.25	0.458333	0.25	0.0416667
0.512195	0.439024	0.0243902	0.0243902
0.76	0.16	0.04	0.04
0.425532	0.446809	0.0212766	0.106383
0.195122	0.146341	0.512195	0.146341
0.306122	0.622449	0.0510204	0.0204082
0.170732	0.317073	0.487805	0.0243902
0.09375	0.625	0.1875	0.09375
0.363636	0.0909091	0.522727	0.0227273
0.121212	0.181818	0.575758	0.121212
0.211268	0.408451	0.028169	0.352113
0.0888889	0.8	0.0444444	0.0666667
0.28	0.08	0.6	0.04
0.307692	0.384615	0.153846	0.153846
0.666667	0.111111	0.0555556	0.166667
0.454545	0.318182	0.181818	0.0454545
0.107595	0.411392	0.0189873	0.462025
0.884615	0.0192308	0.0769231	0.0192308
0.714286	0.196429	0.0714286	0.0178571
0.3	0.2	0.45	0.05
0.145161	0.741935	0.016129	0.0967742
0.210526	0.315789	0.210526	0.263158
0.615385	0.230769	0.0769231	0.0769231
0.72093	0.0930233	0.116279	0.0697674
0.142857	0.333333	0.285714	0.238095
0.484848	0.030303	0.272727	0.212121
0.25	0.375	0.125	0.25
0.25	0.25	0.25	0.25
0.692308	0.0769231	0.0769231	0.153846
0.25	0.25	0.25	0.25
0.3	0.1	0.55	0.05
0.512195	0.121951	0.317073	0.0487805
0.5	0.0833333	0.291667	0.125
0.0995671	0.813853	0.012987	0.0735931
0.866667	0.0666667	0.05	0.0166667
0.205128	0.74359	0.025641	0.025641
0.431818	0.0227273	0.431818	0.113636
0.189474	0.0526316	0.0105263	0.747368
0.555556	0.277778	0.0555556	0.111111
0.0629921	0.480315	0.0314961	0.425197
0.272727	0.0909091	0.363636	0.272727
0.625	0.1875	0.125	0.0625
0.5	0.25	0.0833333	0.166667
0.699324	0.27027	0.0202703	0.0101351
0.174234	0.0997888	0.714889	0.0110876
0.5	0.0833333	0.333333	0.0833333
0.324786	0.598291	0.042735	0.034188
0.78	0.12	0.02	0.08
0.119205	0.216336	0.655629	0.00883002
0.571429	0.0714286	0.0714286	0.285714
0.70023	0.162903	0.00691244	0.129954
0.518519	0.259259	0.148148	0.0740741
0.2	0.466667	0.233333	0.1
0.521739	0.391304	0.0434783	0.0434783
0.174699	0.391566	0.0481928	0.385542
0.418182	0.109091	0.454545	0.0181818
0.193548	0.0967742	0.645161	0.0645161
0.190476	0.047619	0.619048	0.142857
0.0571429	0.114286	0.714286	0.114286
0.590909	0.227273	0.0454545	0.136364
0.027972	0.475524	0.041958	0.454545
0.714286	0.114286	0.0571429	0.114286
0.642857	0.190476	0.0952381	0.0714286
0.697297	0.113514	0.178378	0.0108108
0.283333	0.15	0.533333	0.0333333
0.728571	0.2	0.0571429	0.0142857
0.36	0.56	0.04	0.04
0.140762	0.266862	0.387097	0.205279
0.257812	0.0859375	0.648438	0.0078125
0.615101	0.176796	0.014733	0.19337
0.125	0.0625	0.75	0.0625
0.752212	0.0884956	0.150442	0.00884956
0.531915	0.0425532	0.276596	0.148936
0.454545	0.136364	0.363636	0.0454545
0.256881	0.669725	0.0183486	0.0550459
0.791667	0.0833333	0.104167	0.0208333
0.529412	0.382353	0.0294118	0.0588235
0.618182	0.163636	0.163636	0.0545455
0.230769	0.5	0.153846	0.115385
0.00497512	0.258706	0.731343	0.00497512
0.177778	0.511111	0.0222222	0.288889
0.25	0.5	0.125	0.125
0.283688	0.64539	0.0425532	0.0283688
0.030303	0.333333	0.575758	0.0606061
0.25	0.25	0.25	0.25
0.0555556	0.0555556	0.666667	0.222222
0.125	0.625	0.125	0.125
0.333333	0.166667	0.166667	0.333333
0.333333	0.166667	0.458333	0.0416667
0.166667	0.166667	0.611111	0.0555556
0.631579	0.184211	0.131579	0.0526316
0.168831	0.753247	0.0519481	0.025974
0.369748	0.294118	0.319328	0.0168067
0.172619	0.407738	0.00892857	0.410714
0.121212	0.121212	0.727273	0.030303
0.548673	0.380531	0.0442478	0.0265487
0.692308	0.153846	0.0769231	0.0769231
0.111111	0.0555556	0.722222	0.111111
0.473684	0.368421	0.105263	0.0526316
0.333333	0.133333	0.483333	0.05
0.3125	0.125	0.125	0.4375
0.197917	0.322917	0.0208333	0.458333
0.428571	0.142857	0.142857	0.285714
0.3125	0.375	0.125	0.1875
0.5	0.05	0.4	0.05
0.538462	0.0769231	0.230769	0.153846
0.55814	0.232558	0.0930233	0.116279
0.155844	0.103896	0.584416	0.155844
0.25	0.25	0.25	0.25
0.235294	0.2	0.517647	0.0470588
0.199275	0.721014	0.076087	0.00362319
0.46875	0.03125	0.3125	0.1875
0.141509	0.716981	0.0566038	0.0849057
0.0952381	0.571429	0.190476	0.142857
0.4	0.4	0.12	0.08
0.175676	0.297297	0.027027	0.5
0.111111	0.111111	0.666667	0.111111
0.238636	0.704545	0.0113636	0.0454545
0.657143	0.142857	0.0285714	0.171429
0.0733333	0.5	0.156667	0.27
0.189189	0.486486	0.27027	0.0540541
0.192225	0.263499	0.0259179	0.518359
0.311111	0.177778	0.488889	0.0222222
0.325967	0.61326	0.0497238	0.0110497
0.220238	0.190476	0.0178571	0.571429
0.722222	0.0555556	0.0555556	0.166667
0.125	0.625	0.125	0.125
0.159091	0.181818	0.511364	0.147727
0.628571	0.182857	0.148571	0.04
0.0977876	0.104867	0.763274	0.0340708
0.408602	0.483871	0.0537634	0.0537634
0.0138889	0.902778	0.0555556	0.0277778
0.164286	0.335714	0.471429	0.0285714
0.285714	0.428571	0.142857	0.142857
0.689655	0.241379	0.0344828	0.0344828
0.484848	0.0909091	0.272727	0.151515
0.534483	0.310345	0.0172414	0.137931
0.229412	0.329412	0.0176471	0.423529
0.111111	0.111111	0.666667	0.111111
0.358382	0.115607	0.514451	0.0115607
0.3	0.35	0.15	0.2
0.460526	0.342105	0.0526316	0.144737
0.352941	0.294118	0.176471	0.176471
0.339623	0.132075	0.509434	0.0188679
0.290909	0.618182	0.0363636	0.0545455
0.253521	0.140845	0.591549	0.0140845
0.111111	0.753086	0.0493827	0.0864198
0.173913	0.282609	0.434783	0.108696
0.238095	0.047619	0.619048	0.0952381
0.604167	0.208333	0.125	0.0625
0.404762	0.357143	0.214286	0.0238095
0.244444	0.666667	0.0666667	0.0222222
0.121212	0.181818	0.606061	0.0909091
0.607843	0.313725	0.0196078	0.0588235
0.167224	0.211817	0.0133779	0.607581
0.349593	0.577236	0.0406504	0.0325203
0.345238	0.154762	0.380952	0.119048
0.186047	0.27907	0.511628	0.0232558
0.538462	0.230769	0.0769231	0.153846
0.5	0.2	0.1	0.2
0.247619	0.212698	0.511111	0.0285714
0.420213	0.494681	0.0345745	0.0505319
0.2375	0.3	0.0625	0.4
0.625	0.0416667	0.208333	0.125
0.333333	0.138889	0.0555556	0.472222
0.192308	0.561538	0.115385	0.130769
0.0217391	0.195652	0.695652	0.0869565
0.190476	0.0952381	0.642857	0.0714286
0.333333	0.45098	0.156863	0.0588235
0.487805	0.097561	0.390244	0.0243902
0.242424	0.212121	0.454545	0.0909091
0.15	0.15	0.65	0.05
0.419355	0.419355	0.0967742	0.0645161
0.633333	0.233333	0.1	0.0333333
0.644737	0.230263	0.121711	0.00328947
0.658537	0.121951	0.195122	0.0243902
0.295455	0.454545	0.0909091	0.159091
0.2	0.2	0.2	0.4
0.317073	0.487805	0.121951	0.0731707
0.0769231	0.230769	0.538462	0.153846
0.4	0.3	0.233333	0.0666667
0.391892	0.39527	0.0844595	0.128378
0.433333	0.116667	0.433333	0.0166667
0.775	0.15	0.05	0.025
0.0727273	0.0545455	0.854545	0.0181818
0.216667	0.15	0.616667	0.0166667
0.36	0.4	0.2	0.04
0.114583	0.0208333	0.8125	0.0520833
0.384615	0.5	0.0769231	0.0384615
0.0943396	0.0754717	0.754717	0.0754717
0.583333	0.333333	0.0416667	0.0416667
0.111111	0.037037	0.592593	0.259259
0.0196078	0.444444	0.522876	0.0130719
0.181818	0.181818	0.545455	0.0909091
0.109589	0.0684932	0.808219	0.0136986
0.286957	0.165217	0.530435	0.0173913
0.5	0.2	0.2	0.1
0.5625	0.28125	0.0625	0.09375
0.666667	0.106061	0.0757576	0.151515
0.269231	0.192308	0.5	0.0384615
0.838384	0.111111	0.020202	0.030303
0.46	0.32	0.2	0.02
0.025641	0.025641	0.923077	0.025641
0.416667	0.520833	0.0208333	0.0416667
0.1	0.866667	0.0166667	0.0166667
0.125786	0.805031	0.0628931	0.00628931
0.0833333	0.166667	0.708333	0.0416667
0.222222	0.037037	0.666667	0.0740741
0.380952	0.333333	0.190476	0.0952381
0.185185	0.037037	0.740741	0.037037
0.12844	0.767584	0.0825688	0.0214067
0.652174	0.188406	0.101449	0.057971
0.769231	0.153846	0.0384615	0.0384615
0.0526316	0.631579	0.210526	0.105263
0.37069	0.482759	0.0775862	0.0689655
0.304348	0.434783	0.0434783	0.217391
0.25	0.25	0.25	0.25
0.0769231	0.0384615	0.865385	0.0192308
0.538462	0.128205	0.282051	0.0512821
0.421053	0.263158	0.157895	0.157895
0.25	0.25	0.25	0.25
0.201835	0.0733945	0.40367	0.321101
0.0952381	0.761905	0.047619	0.0952381
0.396552	0.431034	0.103448	0.0689655
0.675	0.075	0.225	0.025
0.144928	0.0869565	0.753623	0.0144928
0.392857	0.392857	0.178571	0.0357143
0.212121	0.030303	0.69697	0.0606061
0.142857	0.047619	0.761905	0.047619
0.320652	0.0815217	0.576087	0.0217391
0.1	0.7	0.1	0.1
0.333333	0.404762	0.166667	0.0952381
0.078125	0.359375	0.53125	0.03125
0.409091	0.0681818	0.295455	0.227273
0.428571	0.285714	0.142857	0.142857
0.296296	0.555556	0.111111	0.037037
0.151515	0.242424	0.545455	0.0606061
0.230769	0.538462	0.215385	0.0153846
0.25	0.166667	0.0833333	0.5
0.619048	0.047619	0.190476	0.142857
0.388889	0.5	0.0555556	0.0555556
0.0731707	0.414634	0.439024	0.0731707
0.275862	0.551724	0.137931	0.0344828
0.363636	0.0909091	0.272727	0.272727
0.285714	0.047619	0.619048	0.047619
0.258065	0.112903	0.596774	0.0322581
0.421875	0.109375	0.453125	0.015625
0.545455	0.336364	0.0727273	0.0454545
0.422222	0.222222	0.288889	0.0666667
0.116667	0.583333	0.0833333	0.216667
0.578947	0.192982	0.192982	0.0350877
0.104683	0.344353	0.0165289	0.534435
0.0625	0.125	0.6875	0.125
0.235294	0.470588	0.235294	0.0588235
0.545455	0.272727	0.0909091	0.0909091
0.0512821	0.179487	0.692308	0.0769231
0.5	0.05	0.35	0.1
0.575758	0.151515	0.151515	0.121212
0.263158	0.263158	0.157895	0.315789
0.392857	0.464286	0.0714286	0.0714286
0.145833	0.826389	0.0208333	0.00694444
0.179775	0.786517	0.011236	0.0224719
0.444444	0.222222	0.111111	0.222222
0.435897	0.358974	0.179487	0.025641
0.30303	0.030303	0.636364	0.030303
0.175439	0.736842	0.0175439	0.0701754
0.385417	0.03125	0.4375	0.145833
0.30303	0.0606061	0.575758	0.0606061
0.0553633	0.871972	0.0657439	0.00692042
0.157895	0.0789474	0.736842	0.0263158
0.482759	0.0344828	0.413793	0.0689655
0.222222	0.388889	0.111111	0.277778
0.230769	0.0961538	0.615385	0.0576923
0.129032	0.0967742	0.741935	0.0322581
0.230769	0.0384615	0.692308	0.0384615
0.24	0.2	0.44	0.12
0.0425532	0.0425532	0.893617	0.0212766
0.166667	0.333333	0.388889	0.111111
0.216216	0.162162	0.567568	0.0540541
0.369565	0.184783	0.25	0.195652
0.745098	0.117647	0.0196078	0.117647
0.105263	0.22807	0.649123	0.0175439
0.290323	0.258065	0.290323	0.16129
0.25	0.25	0.25	0.25
0.896552	0.0344828	0.0574713	0.0114943
0.473684	0.0526316	0.210526	0.263158
0.3125	0.0416667	0.604167	0.0416667
0.275	0.6	0.025	0.1
0.208955	0.119403	0.656716	0.0149254
0.388489	0.438849	0.0863309	0.0863309
0.104072	0.235294	0.0904977	0.570136
0.00578035	0.595376	0.375723	0.0231214
0.191176	0.102941	0.529412	0.176471
0.136364	0.0454545	0.727273	0.0909091
0.5	0.125	0.125	0.25
0.0789474	0.105263	0.763158	0.0526316
0.173077	0.211538	0.576923	0.0384615
0.441176	0.264706	0.279412	0.0147059
0.285714	0.0857143	0.6	0.0285714
0.307692	0.153846	0.384615	0.153846
0.138889	0.111111	0.722222	0.0277778
0.225806	0.645161	0.0967742	0.0322581
0.259259	0.185185	0.518519	0.037037
0.0740741	0.0555556	0.851852	0.0185185
0.428571	0.25	0.178571	0.142857
0.434783	0.0869565	0.434783	0.0434783
0.488372	0.0232558	0.465116	0.0232558
0.0898204	0.257485	0.556886	0.0958084
0.412698	0.444444	0.047619	0.0952381
0.0689655	0.551724	0.206897	0.172414
0.115385	0.173077	0.692308	0.0192308
0.807692	0.0769231	0.0769231	0.0384615
0.133333	0.666667	0.133333	0.0666667
0.728395	0.135802	0.037037	0.0987654
0.215139	0.701195	0.0318725	0.0517928
0.461538	0.307692	0.0769231	0.153846
0.131387	0.226277	0.0364964	0.605839
0.545455	0.121212	0.30303	0.030303
0.216867	0.445783	0.26506	0.0722892
0.285714	0.285714	0.214286	0.214286
0.0952381	0.428571	0.142857	0.333333
0.28125	0.625	0.03125	0.0625
0.59322	0.186441	0.169492	0.0508475
0.25	0.25	0.25	0.25
0.282051	0.128205	0.564103	0.025641
0.140351	0.473684	0.0350877	0.350877
0.25	0.666667	0.0277778	0.0555556
0.333333	0.222222	0.388889	0.0555556
0.252632	0.652632	0.0421053	0.0526316
0.35	0.35	0.15	0.15
0.0925926	0.166667	0.666667	0.0740741
0.65625	0.21875	0.03125	0.09375
0.5	0.214286	0.214286	0.0714286
0.638298	0.170213	0.0851064	0.106383
0.25641	0.205128	0.461538	0.0769231
0.5	0.173913	0.130435	0.195652
0.1875	0.708333	0.0833333	0.0208333
0.718016	0.122715	0.154047	0.00522193
0.676471	0.264706	0.0294118	0.0294118
0.129707	0.158996	0.0334728	0.677824
0.565217	0.0869565	0.304348	0.0434783
0.16185	0.109827	0.647399	0.0809249
0.190476	0.047619	0.666667	0.0952381
0.0729897	0.780206	0.113402	0.0334021
0.119403	0.761194	0.0597015	0.0597015
0.858824	0.0235294	0.0941176	0.0235294
0.619048	0.190476	0.0952381	0.0952381
0.783333	0.116667	0.0666667	0.0333333
0.121101	0.805505	0.0256881	0.0477064
0.0357143	0.0357143	0.892857	0.0357143
0.178571	0.571429	0.107143	0.142857
0.0769231	0.615385	0.128205	0.179487
0.0952381	0.214286	0.666667	0.0238095
0.74026	0.194805	0.012987	0.0519481
0.596154	0.346154	0.0384615	0.0192308
0.161644	0.189041	0.0876712	0.561644
0.789474	0.105263	0.0526316	0.0526316
0.444444	0.111111	0.333333	0.111111
0.0984848	0.833333	0.00757576	0.0606061
0.12	0.8	0.04	0.04
0.285714	0.428571	0.142857	0.142857
0.691589	0.224299	0.0560748	0.0280374
0.272727	0.393939	0.030303	0.30303
0.294118	0.0882353	0.558824	0.0588235
0.384615	0.102564	0.487179	0.025641
0.853659	0.097561	0.0243902	0.0243902
0.111111	0.555556	0.222222	0.111111
0.0666667	0.133333	0.733333	0.0666667
0.48	0.16	0.2	0.16
0.255102	0.540816	0.153061	0.0510204
0.361702	0.404255	0.191489	0.0425532
0.202703	0.108108	0.405405	0.283784
0.0496689	0.211921	0.569536	0.168874
0.0714286	0.0238095	0.785714	0.119048
0.267442	0.581395	0.0232558	0.127907
0.777778	0.0833333	0.0833333	0.0555556
0.412698	0.15873	0.412698	0.015873
0.148515	0.831683	0.00990099	0.00990099
0.833333	0.0555556	0.0555556	0.0555556
0.5	0.369565	0.0434783	0.0869565
0.220339	0.101695	0.661017	0.0169492
0.0873786	0.116505	0.786408	0.00970874
0.608696	0.326087	0.0434783	0.0217391
0.12766	0.234043	0.574468	0.0638298
0.314286	0.0952381	0.57619	0.0142857
0.0178571	0.125	0.821429	0.0357143
0.447368	0.421053	0.0526316	0.0789474
0.531915	0.297872	0.0851064	0.0851064
0.871795	0.0897436	0.025641	0.0128205
0.583333	0.25	0.0833333	0.0833333
0.0769231	0.0769231	0.461538	0.384615
0.25	0.25	0.375	0.125
0.0967742	0.83871	0.0322581	0.0322581
0.136364	0.5	0.0454545	0.318182
0.705882	0.176471	0.0588235	0.0588235
0.0909091	0.666667	0.19697	0.0454545
0.432432	0.432432	0.0540541	0.0810811
0.396825	0.031746	0.539683	0.031746
0.16	0.32	0.48	0.04
0.0869565	0.217391	0.478261	0.217391
0.14	0.22	0.58	0.06
0.245902	0.622951	0.114754	0.0163934
0.15493	0.197183	0.633803	0.0140845
0.143192	0.0751174	0.748826	0.0328638
0.236842	0.157895	0.447368	0.157895
0.272727	0.6	0.109091	0.0181818
0.329412	0.388235	0.270588	0.0117647
0.027027	0.810811	0.108108	0.0540541
0.315789	0.0394737	0.539474	0.105263
0.323741	0.107914	0.503597	0.0647482
0.08	0.64	0.08	0.2
0.878981	0.089172	0.0127389	0.0191083
0.264706	0.676471	0.0294118	0.0294118
0.405405	0.0810811	0.486486	0.027027
0.062069	0.0206897	0.903448	0.0137931
0.611111	0.277778	0.0555556	0.0555556
0.25	0.5	0.166667	0.0833333
0.0833333	0.125	0.708333	0.0833333
0.559322	0.135593	0.254237	0.0508475
0.34	0.42	0.2	0.04
0.388889	0.0555556	0.5	0.0555556
0.151515	0.727273	0.0909091	0.030303
0.181818	0.636364	0.0909091	0.0909091
0.125	0.541667	0.208333	0.125
0.227273	0.590909	0.0909091	0.0909091
0.4	0.25	0.3	0.05
0.736842	0.157895	0.0526316	0.0526316
0.444444	0.416667	0.0555556	0.0833333
0.265306	0.183673	0.489796	0.0612245
0.566372	0.115044	0.247788	0.0707965
0.0854701	0.769231	0.111111	0.034188
0.545455	0.0909091	0.272727	0.0909091
0.546875	0.265625	0.171875	0.015625
0.434783	0.26087	0.0652174	0.23913
0.580645	0.0967742	0.258065	0.0645161
0.173913	0.391304	0.115942	0.318841
0.346154	0.5	0.115385	0.0384615
0.576923	0.166667	0.153846	0.102564
0.881579	0.0657895	0.0131579	0.0394737
0.0241546	0.251208	0.714976	0.00966184
0.85567	0.0721649	0.0206186	0.0515464
0.294118	0.117647	0.529412	0.0588235
0.1	0.05	0.75	0.1
0.294118	0.117647	0.529412	0.0588235
0.0588235	0.823529	0.0588235	0.0588235
0.5	0.227273	0.0909091	0.181818
0.24	0.16	0.56	0.04
0.393939	0.121212	0.272727	0.212121
0.183099	0.394366	0.0704225	0.352113
0.472727	0.00909091	0.490909	0.0272727
0.75	0.113636	0.0681818	0.0681818
0.132075	0.660377	0.188679	0.0188679
0.2	0.2	0.4	0.2
0.109091	0.709091	0.145455	0.0363636
0.72549	0.176471	0.0196078	0.0784314
0.266667	0.233333	0.233333	0.266667
0.181818	0.0909091	0.545455	0.181818
0.047619	0.0238095	0.880952	0.047619
0.526316	0.263158	0.0526316	0.157895
0.191816	0.69821	0.0537084	0.056266
0.666667	0.133333	0.133333	0.0666667
0.3	0.4	0.2	0.1
0.4375	0.15625	0.3125	0.09375
0.235294	0.411765	0.117647	0.235294
0.153061	0.80102	0.0255102	0.0204082
0.301887	0.163522	0.389937	0.144654
0.59375	0.25	0.09375	0.0625
0.338129	0.352518	0.23741	0.0719424
0.0428571	0.128571	0.0285714	0.8
0.333333	0.166667	0.333333	0.166667
0.215054	0.16129	0.0107527	0.612903
0.28934	0.152284	0.517766	0.0406091
0.411765	0.117647	0.352941	0.117647
0.683544	0.240506	0.0632911	0.0126582
0.25	0.25	0.25	0.25
0.5	0.333333	0.0416667	0.125
0.84507	0.126761	0.0140845	0.0140845
0.182482	0.693431	0.0656934	0.0583942
0.714286	0.0952381	0.142857	0.047619
0.5	0.111111	0.222222	0.166667
0.235294	0.382353	0.191176	0.191176
0.823529	0.0588235	0.0588235	0.0588235
0.64	0.12	0.2	0.04
0.130435	0.565217	0.0869565	0.217391
0.298701	0.350649	0.272727	0.0779221
0.545455	0.340909	0.0681818	0.0454545
0.296296	0.333333	0.111111	0.259259
0.303571	0.321429	0.339286	0.0357143
0.2	0.2	0.32	0.28
0.212121	0.363636	0.393939	0.030303
0.0666667	0.133333	0.733333	0.0666667
0.4375	0.25	0.0625	0.25
0.08	0.72	0.12	0.08
0.647059	0.117647	0.117647	0.117647
0.25	0.25	0.25	0.25
0.03125	0.21875	0.65625	0.09375
0.25	0.382353	0.264706	0.102941
0.0816327	0.265306	0.632653	0.0204082
0.0930233	0.627907	0.232558	0.0465116
0.640625	0.09375	0.234375	0.03125
0.705882	0.254902	0.0196078	0.0196078
0.186047	0.465116	0.0465116	0.302326
0.136364	0.0454545	0.681818	0.136364
0.405405	0.405405	0.162162	0.027027
0.565217	0.347826	0.0434783	0.0434783
0.142857	0.12987	0.701299	0.025974
0.5	0.222222	0.222222	0.0555556
0.438356	0.0684932	0.438356	0.0547945
0.20438	0.715328	0.0218978	0.0583942
0.321839	0.632184	0.0229885	0.0229885
0.473684	0.421053	0.0131579	0.0921053
0.387097	0.193548	0.225806	0.193548
0.0965909	0.801136	0.0227273	0.0795455
0.202899	0.449275	0.0289855	0.318841
0.2	0.2	0.4	0.2
0.142857	0.214286	0.571429	0.0714286
0.25	0.25	0.25	0.25
0.247788	0.646018	0.00884956	0.0973451
0.573034	0.382022	0.0337079	0.011236
0.677419	0.225806	0.0645161	0.0322581
0.694656	0.175573	0.0687023	0.0610687
0.369048	0.583333	0.0238095	0.0238095
0.102564	0.128205	0.74359	0.025641
0.189189	0.72973	0.027027	0.0540541
0.188679	0.0566038	0.716981	0.0377358
0.380952	0.428571	0.047619	0.142857
0.174603	0.460317	0.285714	0.0793651
0.625	0.275	0.025	0.075
0.1	0.05	0.15	0.7
0.131579	0.815789	0.0263158	0.0263158
0.0868056	0.857639	0.0243056	0.03125
0.111111	0.333333	0.518519	0.037037
0.244444	0.533333	0.133333	0.0888889
0.142857	0.142857	0.619048	0.0952381
0.0588235	0.235294	0.647059	0.0588235
0.132353	0.0294118	0.823529	0.0147059
0.136364	0.0454545	0.772727	0.0454545
0.238754	0.657439	0.0761246	0.0276817
0.272727	0.272727	0.363636	0.0909091
0.197802	0.373626	0.164835	0.263736
0.583333	0.0833333	0.166667	0.166667
0.37931	0.344828	0.137931	0.137931
0.153846	0.461538	0.307692	0.0769231
0.4	0.0666667	0.466667	0.0666667
0.47541	0.196721	0.311475	0.0163934
0.24	0.146667	0.48	0.133333
0.472973	0.297297	0.216216	0.0135135
0.167331	0.796813	0.00796813	0.0278884
0.0357143	0.107143	0.839286	0.0178571
0.615385	0.153846	0.153846	0.0769231
0.54386	0.374269	0.0409357	0.0409357
0.391304	0.0869565	0.478261	0.0434783
0.183908	0.586207	0.0517241	0.178161
0.354839	0.16129	0.419355	0.0645161
0.288462	0.0288462	0.673077	0.00961538
0.203593	0.0778443	0.532934	0.185629
0.633333	0.0333333	0.0333333	0.3
0.25	0.25	0.25	0.25
0.133333	0.6	0.2	0.0666667
0.6875	0.125	0.0625	0.125
0.962145	0.00946372	0.0252366	0.00315457
0.153846	0.0769231	0.692308	0.0769231
0.37931	0.551724	0.0344828	0.0344828
0.440678	0.101695	0.40678	0.0508475
0.678899	0.0183486	0.211009	0.0917431
0.632075	0.179245	0.179245	0.00943396
0.2	0.618182	0.0545455	0.127273
0.461538	0.384615	0.0512821	0.102564
0.354286	0.0971429	0.542857	0.00571429
0.166667	0.0416667	0.75	0.0416667
0.532609	0.369565	0.0108696	0.0869565
0.176471	0.117647	0.588235	0.117647
0.503226	0.477419	0.00645161	0.0129032
0.375	0.09375	0.46875	0.0625
0.532258	0.0645161	0.193548	0.209677
0.142857	0.240602	0.0150376	0.601504
0.521739	0.26087	0.0869565	0.130435
0.25	0.25	0.25	0.25
0.452381	0.404762	0.0714286	0.0714286
0.571429	0.142857	0.142857	0.142857
0.372093	0.534884	0.0232558	0.0697674
0.309859	0.591549	0.028169	0.0704225
0.361111	0.555556	0.0648148	0.0185185
0.1	0.55	0.05	0.3
0.333333	0.0416667	0.541667	0.0833333
0.897059	0.0441176	0.0441176	0.0147059
0.0666667	0.133333	0.666667	0.133333
0.00143513	0.000861079	0.0490815	0.948622
0.0587121	0.242424	0.0113636	0.6875
0.0647482	0.151079	0.76259	0.0215827
0.396552	0.224138	0.0344828	0.344828
0.571429	0.0714286	0.285714	0.0714286
0.315789	0.526316	0.0526316	0.105263
0.21875	0.25	0.5	0.03125
0.157895	0.0789474	0.736842	0.0263158
0.111111	0.555556	0.296296	0.037037
0.223404	0.617021	0.0425532	0.117021
0.357143	0.428571	0.0714286	0.142857
0.700787	0.11811	0.165354	0.015748
0.59596	0.313131	0.040404	0.0505051
0.0422078	0.0194805	0.931818	0.00649351
0.0333333	0.166667	0.766667	0.0333333
0.454545	0.272727	0.181818	0.0909091
0.5	0.125	0.125	0.25
0.0350877	0.0175439	0.938596	0.00877193
0.244898	0.0204082	0.163265	0.571429
0.647059	0.0588235	0.235294	0.0588235
0.228571	0.195238	0.0714286	0.504762
0.704225	0.0985915	0.183099	0.0140845
0.135135	0.018018	0.261261	0.585586
0.261905	0.119048	0.52381	0.0952381
0.713433	0.202985	0.0149254	0.0686567
0.388889	0.333333	0.0555556	0.222222
0.05	0.2	0.7	0.05
0.221239	0.106195	0.619469	0.0530973
0.181818	0.545455	0.0909091	0.181818
0.122905	0.0530726	0.801676	0.0223464
0.0433168	0.0618812	0.893564	0.00123762
0.153846	0.461538	0.153846	0.230769
0.5	0.318182	0.136364	0.0454545
0.352941	0.352941	0.0588235	0.235294
0.503106	0.444099	0.0217391	0.0310559
0.297521	0.247934	0.438017	0.0165289
0.553846	0.292308	0.138462	0.0153846
0.82	0.02	0.14	0.02
0.386139	0.514851	0.0891089	0.00990099
0.277778	0.0277778	0.666667	0.0277778
0.351351	0.162162	0.351351	0.135135
0.217391	0.173913	0.478261	0.130435
0.363636	0.212121	0.30303	0.121212
0.25	0.25	0.25	0.25
0.333333	0.123457	0.17284	0.37037
0.642857	0.261905	0.047619	0.047619
0.634615	0.153846	0.0769231	0.134615
0.00383877	0.232246	0.049904	0.714012
0.194444	0.277778	0.472222	0.0555556
0.730769	0.153846	0.0384615	0.0769231
0.140845	0.084507	0.71831	0.056338
0.103448	0.0344828	0.793103	0.0689655
0.5375	0.34	0.0725	0.05
0.047619	0.047619	0.857143	0.047619
0.311688	0.61039	0.025974	0.0519481
0.592593	0.296296	0.101852	0.00925926
0.608247	0.298969	0.0309278	0.0618557
0.469388	0.265306	0.22449	0.0408163
0.27027	0.621622	0.0540541	0.0540541
0.157895	0.526316	0.25	0.0657895
0.25	0.25	0.25	0.25
0.117647	0.0588235	0.764706	0.0588235
0.162162	0.783784	0.027027	0.027027
0.0265957	0.851064	0.0425532	0.0797872
0.0789474	0.868421	0.0263158	0.0263158
0.25	0.25	0.25	0.25
0.52381	0.238095	0.047619	0.190476
0.134146	0.231707	0.573171	0.0609756
0.188406	0.623188	0.0144928	0.173913
0.2	0.3	0.466667	0.0333333
0.666667	0.102564	0.179487	0.0512821
0.7	0.1	0.1	0.1
0.333333	0.111111	0.5	0.0555556
0.272727	0.363636	0.181818	0.181818
0.0416667	0.229167	0.6875	0.0416667
0.388889	0.166667	0.111111	0.333333
0.357143	0.571429	0.0238095	0.047619
0.225	0.225	0.525	0.025
0.426923	0.0923077	0.219231	0.261538
0.193548	0.193548	0.548387	0.0645161
0.5	0.121622	0.351351	0.027027
0.0769231	0.0384615	0.846154	0.0384615
0.428571	0.202381	0.297619	0.0714286
0.285714	0.571429	0.047619	0.0952381
0.384615	0.230769	0.307692	0.0769231
0.0833333	0.666667	0.208333	0.0416667
0.315789	0.263158	0.368421	0.0526316
0.333333	0.142857	0.428571	0.0952381
0.795181	0.168675	0.0120482	0.0240964
0.314815	0.425926	0.0555556	0.203704
0.0322581	0.290323	0.645161	0.0322581
0.492958	0.0915493	0.232394	0.183099
0.183333	0.0833333	0.716667	0.0166667
0.233333	0.0666667	0.6	0.1
0.4	0.15	0.4	0.05
0.351351	0.162162	0.405405	0.0810811
0.25	0.25	0.25	0.25
0.184615	0.107692	0.692308	0.0153846
0.785714	0.119048	0.0238095	0.0714286
0.215909	0.306818	0.465909	0.0113636
0.129032	0.741935	0.0967742	0.0322581
0.32	0.04	0.6	0.04
0.257426	0.70297	0.00990099	0.029703
0.317073	0.097561	0.54878	0.0365854
0.44	0.16	0.36	0.04
0.212121	0.030303	0.393939	0.363636
0.222222	0.666667	0.0833333	0.0277778
0.75	0.0625	0.125	0.0625
0.1875	0.0625	0.625	0.125
0.25	0.125	0.5625	0.0625
0.538462	0.307692	0.0769231	0.0769231
0.153846	0.0192308	0.788462	0.0384615
0.449612	0.0620155	0.48062	0.00775194
0.25	0.25	0.25	0.25
0.83871	0.0645161	0.0645161	0.0322581
0.309859	0.28169	0.394366	0.0140845
0.348921	0.600719	0.0179856	0.0323741
0.52	0.28	0.04	0.16
0.5	0.142857	0.0714286	0.285714
0.434783	0.130435	0.391304	0.0434783
0.265823	0.164557	0.0632911	0.506329
0.257143	0.0285714	0.657143	0.0571429
0.413793	0.310345	0.0344828	0.241379
0.481481	0.37037	0.0740741	0.0740741
0.184805	0.63039	0.0944559	0.0903491
0.2	0.2	0.05	0.55
0.6	0.2	0.1	0.1
0.324503	0.0860927	0.569536	0.0198675
0.162602	0.154472	0.658537	0.0243902
0.110674	0.222332	0.0388588	0.628136
0.804878	0.0487805	0.0487805	0.097561
0.25	0.0714286	0.642857	0.0357143
0.652174	0.0769231	0.22408	0.0468227
0.333333	0.2	0.45	0.0166667
0.347826	0.173913	0.391304	0.0869565
0.78125	0.15625	0.046875	0.015625
0.641509	0.169811	0.169811	0.0188679
0.119171	0.782383	0.0518135	0.0466321
0.804348	0.108696	0.0543478	0.0326087
0.115385	0.346154	0.384615	0.153846
0.148352	0.159341	0.032967	0.659341
0.583333	0.277778	0.0555556	0.0833333
0.162791	0.593023	0.0465116	0.197674
0.138889	0.444444	0.388889	0.0277778
0.145985	0.226277	0.0948905	0.532847
0.53125	0.3125	0.03125	0.125
0.647059	0.117647	0.117647	0.117647
0.193798	0.713178	0.0775194	0.0155039
0.103448	0.241379	0.62069	0.0344828
0.304348	0.173913	0.434783	0.0869565
0.305085	0.491525	0.0508475	0.152542
0.204082	0.377551	0.367347	0.0510204
0.241379	0.206897	0.534483	0.0172414
0.230769	0.0461538	0.676923	0.0461538
0.333333	0.037037	0.592593	0.037037
0.1	0.26	0.62	0.02
0.162791	0.697674	0.0697674	0.0697674
0.125	0.25	0.5	0.125
0.735294	0.0294118	0.117647	0.117647
0.170833	0.229167	0.0291667	0.570833
0.127303	0.819095	0.0435511	0.0100503
0.384615	0.192308	0.307692	0.115385
0.171053	0.289474	0.0263158	0.513158
0.538462	0.307692	0.0769231	0.0769231
0.16129	0.016129	0.790323	0.0322581
0.654008	0.126582	0.194093	0.0253165
0.4	0.422222	0.0666667	0.111111
0.321429	0.160714	0.464286	0.0535714
0.285714	0.0714286	0.428571	0.214286
0.628571	0.285714	0.0285714	0.0571429
0.140731	0.120433	0.721696	0.0171403
0.4	0.2	0.2	0.2
0.253731	0.477612	0.0348259	0.233831
0.3	0.5	0.1	0.1
0.113161	0.0565806	0.126691	0.703567
0.758475	0.0868644	0.0095339	0.145127
0.740741	0.111111	0.0740741	0.0740741
0.157895	0.276316	0.0131579	0.552632
0.143275	0.261209	0.559454	0.0360624
0.742857	0.142857	0.0857143	0.0285714
0.470588	0.294118	0.0588235	0.176471
0.481481	0.333333	0.037037	0.148148
0.285714	0.357143	0.142857	0.214286
0.533333	0.0444444	0.377778	0.0444444
0.290323	0.129032	0.451613	0.129032
0.341463	0.195122	0.439024	0.0243902
0.339623	0.471698	0.0943396	0.0943396
0.366667	0.3	0.0666667	0.266667
0.661538	0.2	0.0769231	0.0615385
0.473684	0.210526	0.157895	0.157895
0.266667	0.607407	0.0962963	0.0296296
0.3	0.1	0.55	0.05
0.181818	0.121212	0.666667	0.030303
0.321429	0.0357143	0.535714	0.107143
0.25	0.305556	0.416667	0.0277778
0.772727	0.0454545	0.136364	0.0454545
0.666667	0.111111	0.0555556	0.166667
0.0833333	0.0833333	0.666667	0.166667
0.0392157	0.215686	0.705882	0.0392157
0.25	0.25	0.25	0.25
0.393939	0.0757576	0.515152	0.0151515
0.307692	0.153846	0.423077	0.115385
0.333333	0.0666667	0.533333	0.0666667
0.027027	0.135135	0.783784	0.0540541
0.15	0.61	0.04	0.2
0.465909	0.0454545	0.477273	0.0113636
0.0625	0.1875	0.6875	0.0625
0.305085	0.152542	0.440678	0.101695
0.71875	0.21875	0.03125	0.03125
0.4	0.4	0.0222222	0.177778
0.163265	0.693878	0.0612245	0.0816327
0.518868	0.283019	0.0660377	0.132075
0.5	0.269231	0.192308	0.0384615
0.25	0.25	0.25	0.25
0.149038	0.197115	0.591346	0.0625
0.444444	0.244444	0.177778	0.133333
0.444444	0.333333	0.166667	0.0555556
0.711111	0.2	0.0666667	0.0222222
0.421053	0.210526	0.0526316	0.315789
0.757576	0.030303	0.0909091	0.121212
0.116667	0.833333	0.0333333	0.0166667
0.444444	0.166667	0.222222	0.166667
0.533333	0.2	0.133333	0.133333
0.3125	0.125	0.390625	0.171875
0.578947	0.315789	0.0526316	0.0526316
0.144208	0.390071	0.0378251	0.427896
0.404762	0.452381	0.0714286	0.0714286
0.8	0.0285714	0.114286	0.0571429
0.555556	0.37037	0.037037	0.037037
0.125	0.104167	0.75	0.0208333
0.267442	0.151163	0.546512	0.0348837
0.777778	0.0555556	0.0555556	0.111111
0.0454545	0.318182	0.590909	0.0454545
0.192308	0.615385	0.115385	0.0769231
0.285714	0.0357143	0.642857	0.0357143
0.269231	0.115385	0.576923	0.0384615
0.101695	0.79661	0.0677966	0.0338983
0.714286	0.0357143	0.142857	0.107143
0.142857	0.571429	0.142857	0.142857
0.233766	0.181818	0.038961	0.545455
0.292683	0.182927	0.5	0.0243902
0.479167	0.229167	0.166667	0.125
0.333333	0.333333	0.111111	0.222222
0.209091	0.0454545	0.736364	0.00909091
0.625	0.1875	0.125	0.0625
0.263158	0.578947	0.0526316	0.105263
0.666667	0.181818	0.0909091	0.0606061
0.345455	0.327273	0.290909	0.0363636
0.0561798	0.168539	0.685393	0.0898876
0.09375	0.125	0.65625	0.125
0.485714	0.314286	0.0285714	0.171429
0.517241	0.103448	0.275862	0.103448
0.264368	0.666667	0.0229885	0.045977
0.775194	0.0723514	0.142119	0.0103359
0.111111	0.111111	0.666667	0.111111
0.111111	0.222222	0.555556	0.111111
0.346154	0.480769	0.0769231	0.0961538
0.047619	0.142857	0.761905	0.047619
0.766667	0.1	0.0666667	0.0666667
0.5	0.2	0.2	0.1
0.701149	0.229885	0.045977	0.0229885
0.0890411	0.205479	0.0599315	0.645548
0.454545	0.204545	0.318182	0.0227273
0.111111	0.333333	0.111111	0.444444
0.666667	0.282051	0.025641	0.025641
0.590909	0.318182	0.0454545	0.0454545
0.3	0.0571429	0.628571	0.0142857
0.428571	0.0714286	0.285714	0.214286
0.2	0.1	0.6	0.1
0.457143	0.228571	0.257143	0.0571429
0.142857	0.285714	0.5	0.0714286
0.375	0.4375	0.125	0.0625
0.565217	0.347826	0.0434783	0.0434783
0.392523	0.102804	0.485981	0.0186916
0.177458	0.232614	0.00239808	0.58753
0.4	0.4	0.0666667	0.133333
0.0869565	0.130435	0.695652	0.0869565
0.0909091	0.0707071	0.787879	0.0505051
0.771429	0.0857143	0.0571429	0.0857143
0.272727	0.477273	0.204545	0.0454545
0.0277778	0.111111	0.0648148	0.796296
0.391304	0.173913	0.0869565	0.347826
0.180328	0.754098	0.0491803	0.0163934
0.621622	0.0810811	0.27027	0.027027
0.3	0.2	0.45	0.05
0.185039	0.637795	0.0551181	0.122047
0.277439	0.158537	0.0853659	0.478659
0.189189	0.702703	0.0810811	0.027027
0.25	0.125	0.375	0.25
0.149856	0.737752	0.0662824	0.0461095
0.0722892	0.060241	0.843373	0.0240964
0.150602	0.246988	0.0240964	0.578313
0.0842849	0.592713	0.318651	0.00435019
0.614943	0.275862	0.0632184	0.045977
0.135135	0.189189	0.648649	0.027027
0.113636	0.795455	0.0227273	0.0681818
0.333333	0.111111	0.444444	0.111111
0.74	0.14	0.02	0.1
0.25	0.25	0.25	0.25
0.0958904	0.493151	0.0136986	0.39726
0.333333	0.0952381	0.52381	0.047619
0.5	0.3125	0.0625	0.125
0.27551	0.0918367	0.622449	0.0102041
0.715084	0.223464	0.0502793	0.0111732
0.344828	0.103448	0.5	0.0517241
0.545455	0.181818	0.181818	0.0909091
0.166667	0.5	0.166667	0.166667
0.674419	0.0930233	0.162791	0.0697674
0.3	0.4	0.05	0.25
0.1	0.05	0.8	0.05
0.25	0.25	0.25	0.25
0.571429	0.142857	0.142857	0.142857
0.0810811	0.621622	0.0810811	0.216216
0.788462	0.115385	0.0192308	0.0769231
0.5	0.125	0.25	0.125
0.25	0.25	0.25	0.25
0.714286	0.0714286	0.0714286	0.142857
0.285714	0.142857	0.142857	0.428571
0.211268	0.408451	0.140845	0.239437
0.125	0.666667	0.0416667	0.166667
0.333333	0.0833333	0.166667	0.416667
0.826087	0.130435	0.0217391	0.0217391
0.145833	0.5	0.0208333	0.333333
0.34375	0.078125	0.484375	0.09375
0.7	0.0666667	0.166667	0.0666667
0.2	0.6	0.133333	0.0666667
0.25	0.25	0.25	0.25
0.661538	0.276923	0.0461538	0.0153846
0.529412	0.205882	0.176471	0.0882353
0.536585	0.341463	0.0243902	0.097561
0.125	0.4625	0.1625	0.25
0.1	0.428571	0.342857	0.128571
0.52381	0.285714	0.047619	0.142857
0.619048	0.190476	0.0952381	0.0952381
0.583333	0.35	0.0166667	0.05
0.197183	0.084507	0.704225	0.0140845
0.290323	0.0322581	0.580645	0.0967742
0.83908	0.126437	0.0229885	0.0114943
0.391304	0.507246	0.0289855	0.0724638
0.5	0.0333333	0.433333	0.0333333
0.5	0.166667	0.0555556	0.277778
0.4	0.3	0.2	0.1
0.466667	0.2	0.177778	0.155556
0.151515	0.151515	0.636364	0.0606061
0.2	0.6	0.0666667	0.133333
0.111111	0.222222	0.555556	0.111111
0.5	0.119048	0.357143	0.0238095
0.25	0.458333	0.166667	0.125
0.538462	0.0769231	0.230769	0.153846
0.75	0.142857	0.0714286	0.0357143
0.193548	0.225806	0.572581	0.00806452
0.133333	0.733333	0.0666667	0.0666667
0.309091	0.627273	0.0181818	0.0454545
0.166667	0.5	0.166667	0.166667
0.0857143	0.228571	0.657143	0.0285714
0.525547	0.343066	0.116788	0.0145985
0.4	0.1	0.2	0.3
0.266667	0.366667	0.333333	0.0333333
0.365385	0.211538	0.365385	0.0576923
0.4	0.3	0.2	0.1
0.314815	0.259259	0.37963	0.0462963
0.0588235	0.176471	0.705882	0.0588235
0.142857	0.285714	0.428571	0.142857
0.333333	0.166667	0.166667	0.333333
0.222222	0.444444	0.222222	0.111111
0.75	0.0833333	0.104167	0.0625
0.25	0.45	0.2	0.1
0.0555556	0.388889	0.388889	0.166667
0.170213	0.12766	0.680851	0.0212766
0.3	0.05	0.6	0.05
0.368421	0.210526	0.210526	0.210526
0.689189	0.27027	0.0135135	0.027027
0.37037	0.0740741	0.481481	0.0740741
0.790698	0.116279	0.0813953	0.0116279
0.534884	0.0465116	0.0697674	0.348837
0.163934	0.36612	0.0163934	0.453552
0.56962	0.303797	0.0886076	0.0379747
0.27027	0.432432	0.0810811	0.216216
0.097561	0.0243902	0.829268	0.0487805
0.10514	0.778037	0.0350467	0.0817757
0.277778	0.277778	0.111111	0.333333
0.230769	0.0384615	0.711538	0.0192308
0.574468	0.0638298	0.297872	0.0638298
0.654661	0.294492	0.0444915	0.00635593
0.541667	0.333333	0.0833333	0.0416667
0.173913	0.217391	0.521739	0.0869565
0.233333	0.1	0.533333	0.133333
0.666667	0.0277778	0.166667	0.138889
0.176471	0.0588235	0.647059	0.117647
0.285714	0.142857	0.52381	0.047619
0.369863	0.178082	0.410959	0.0410959
0.150943	0.150943	0.679245	0.0188679
0.321839	0.390805	0.0689655	0.218391
0.59633	0.0917431	0.266055	0.0458716
0.28	0.04	0.66	0.02
0.168478	0.152174	0.00543478	0.673913
0.653333	0.186667	0.133333	0.0266667
0.25	0.25	0.25	0.25
0.2	0.685714	0.0142857	0.1
0.413333	0.4	0.04	0.146667
0.454545	0.272727	0.0909091	0.181818
0.421053	0.0701754	0.0175439	0.491228
0.353846	0.307692	0.0153846	0.323077
0.183099	0.661972	0.0422535	0.112676
0.171875	0.671875	0.03125	0.125
0.363636	0.578512	0.0165289	0.0413223
0.55	0.3	0.1	0.05
0.5625	0.0625	0.3125	0.0625
0.493333	0.32	0.04	0.146667
0.135135	0.162162	0.675676	0.027027
0.25	0.458333	0.0833333	0.208333
0.798479	0.136882	0.0342205	0.0304183
0.709677	0.225806	0.0322581	0.0322581
0.180556	0.236111	0.569444	0.0138889
0.59375	0.28125	0.09375	0.03125
0.451613	0.0967742	0.322581	0.129032
0.12	0.08	0.76	0.04
0.15625	0.28125	0.5	0.0625
0.274194	0.596774	0.016129	0.112903
0.166667	0.333333	0.25	0.25
0.272727	0.522727	0.181818	0.0227273
0.342466	0.630137	0.0136986	0.0136986
0.3	0.1	0.5	0.1
0.238095	0.190476	0.52381	0.047619
0.111111	0.555556	0.111111	0.222222
0.785714	0.142857	0.047619	0.0238095
0.625	0.125	0.1875	0.0625
0.323529	0.485294	0.0735294	0.117647
0.0204533	0.0580431	0.907131	0.0143726
0.583333	0.0833333	0.25	0.0833333
0.468085	0.382979	0.0638298	0.0851064
0.4375	0.375	0.125	0.0625
0.214286	0.0178571	0.714286	0.0535714
0.395349	0.372093	0.116279	0.116279
0.06	0.1	0.82	0.02
0.743243	0.0675676	0.162162	0.027027
0.117647	0.176471	0.647059	0.0588235
0.0974659	0.795322	0.0311891	0.0760234
0.4375	0.25	0.1875	0.125
0.526316	0.236842	0.210526	0.0263158
0.25	0.25	0.25	0.25
0.25	0.25	0.25	0.25
0.14011	0.741758	0.107143	0.010989
0.157895	0.0315789	0.757895	0.0526316
0.375	0.5	0.0625	0.0625
0.0136752	0.0034188	0.017094	0.965812
0.1	0.133333	0.733333	0.0333333
0.202703	0.162162	0.621622	0.0135135
0.25	0.211538	0.519231	0.0192308
0.714286	0.0714286	0.142857	0.0714286
0.116667	0.166667	0.7	0.0166667
0.428571	0.142857	0.285714	0.142857
0.225	0.075	0.575	0.125
0.555556	0.111111	0.277778	0.0555556
0.0454545	0.727273	0.0909091	0.136364
0.411765	0.117647	0.411765	0.0588235
0.222222	0.0740741	0.62963	0.0740741
0.528571	0.348214	0.119643	0.00357143
0.326923	0.115385	0.442308	0.115385
0.702128	0.234043	0.0212766	0.0425532
0.277778	0.611111	0.0555556	0.0555556
0.25	0.25	0.25	0.25
0.25	0.65625	0.03125	0.0625
0.47619	0.428571	0.047619	0.047619
0.5	0.125	0.3125	0.0625
0.25	0.375	0.25	0.125
0.0689655	0.793103	0.103448	0.0344828
0.228571	0.3	0.0571429	0.414286
0.111111	0.277778	0.555556	0.0555556
0.659574	0.0638298	0.255319	0.0212766
0.34375	0.515625	0.078125	0.0625
0.133848	0.232947	0.046332	0.586873
0.0833333	0.407407	0.5	0.00925926
0.4	0.114286	0.471429	0.0142857
0.263158	0.105263	0.578947	0.0526316
0.1125	0.05	0.8125	0.025
0.180328	0.229508	0.557377	0.0327869
0.385093	0.173913	0.434783	0.00621118
0.166667	0.357143	0.357143	0.119048
0.11215	0.411215	0.00934579	0.46729
0.0681818	0.136364	0.772727	0.0227273
0.4	0.2	0.2	0.2
0.782609	0.130435	0.0434783	0.0434783
0.555556	0.277778	0.111111	0.0555556
0.273885	0.159236	0.515924	0.0509554
0.25	0.25	0.25	0.25
0.25	0.25	0.25	0.25
0.047619	0.333333	0.52381	0.0952381
0.42	0.24	0.3	0.04
0.0990841	0.31224	0.0324729	0.556203
0.6	0.2	0.1	0.1
0.111111	0.111111	0.722222	0.0555556
0.655172	0.0689655	0.241379	0.0344828
0.0909091	0.272727	0.590909	0.0454545
0.427184	0.184466	0.0873786	0.300971
0.25	0.25	0.25	0.25
0.257143	0.0285714	0.514286	0.2
0.603053	0.290076	0.0381679	0.0687023
0.123077	0.738462	0.123077	0.0153846
0.16	0.22	0.6	0.02
0.526316	0.263158	0.0526316	0.157895
0.604167	0.333333	0.0416667	0.0208333
0.372881	0.576271	0.0169492	0.0338983
0.261905	0.47619	0.238095	0.0238095
0.571429	0.142857	0.142857	0.142857
0.235294	0.0588235	0.647059	0.0588235
0.470588	0.294118	0.176471	0.0588235
0.357143	0.0952381	0.428571	0.119048
0.198738	0.769716	0.0283912	0.00315457
0.176471	0.352941	0.352941	0.117647
0.333333	0.333333	0.166667	0.166667
0.0740741	0.222222	0.444444	0.259259
0.125	0.125	0.708333	0.0416667
0.0962963	0.314815	0.0444444	0.544444
0.857143	0.0892857	0.0178571	0.0357143
0.5	0.0909091	0.0454545	0.363636
0.0377358	0.245283	0.679245	0.0377358
0.470588	0.176471	0.176471	0.176471
0.125	0.479167	0.0833333	0.3125
0.909091	0.0519481	0.012987	0.025974
