0.0222222	0.0222222	0.111111	0.2	0.0666667	0.222222	0.222222	0.133333
0.0357143	0.0357143	0.142857	0.0714286	0.0357143	0.0714286	0.321429	0.285714
0.00353357	0.434629	0.0671378	0.123675	0.123675	0.0600707	0.0141343	0.173145
0.0740741	0.111111	0.37037	0.0740741	0.037037	0.0740741	0.222222	0.037037
0.00787402	0.023622	0.023622	0.291339	0.417323	0.00787402	0.015748	0.212598
0.0952381	0.047619	0.047619	0.190476	0.238095	0.047619	0.142857	0.190476
0.0357143	0.0714286	0.0714286	0.0357143	0.0357143	0.0357143	0.642857	0.0714286
0.125	0.125	0.125	0.125	0.125	0.125	0.125	0.125
0.0172414	0.137931	0.0172414	0.241379	0.0172414	0.0689655	0.396552	0.103448
0.125	0.15625	0.015625	0.34375	0.09375	0.09375	0.03125	0.140625
0.0192308	0.0576923	0.115385	0.115385	0.0192308	0.0384615	0.480769	0.153846
0.0285714	0.285714	0.142857	0.171429	0.0285714	0.285714	0.0285714	0.0285714
0.0752688	0.0107527	0.0537634	0.290323	0.0107527	0.0537634	0.419355	0.0860215
0.0615385	0.2	0.0153846	0.184615	0.0615385	0.0307692	0.0153846	0.430769
0.0462633	0.181495	0.19573	0.288256	0.0284698	0.0355872	0.00355872	0.220641
0.0138889	0.159722	0.0902778	0.159722	0.0138889	0.0277778	0.527778	0.00694444
0.0869565	0.173913	0.130435	0.130435	0.0434783	0.0434783	0.304348	0.0869565
0.0588235	0.0392157	0.0196078	0.215686	0.0196078	0.0392157	0.529412	0.0784314
0.0217391	0.0217391	0.0217391	0.108696	0.0434783	0.565217	0.108696	0.108696
0.0136986	0.178082	0.0547945	0.328767	0.0136986	0.0547945	0.315068	0.0410959
0.016129	0.0322581	0.016129	0.193548	0.33871	0.0806452	0.016129	0.306452
0.0204082	0.0816327	0.489796	0.102041	0.122449	0.0204082	0.0816327	0.0816327
0.0392157	0.0392157	0.0196078	0.117647	0.137255	0.0392157	0.0196078	0.588235
0.111111	0.222222	0.111111	0.111111	0.111111	0.111111	0.111111	0.111111
0.125	0.125	0.0208333	0.520833	0.104167	0.0416667	0.0208333	0.0416667
0.115385	0.153846	0.0384615	0.0384615	0.307692	0.0384615	0.0384615	0.269231
0.16	0.2	0.08	0.28	0.04	0.04	0.04	0.16
0.285714	0.142857	0.0714286	0.0714286	0.0714286	0.0714286	0.214286	0.0714286
0.0555556	0.166667	0.0555556	0.222222	0.222222	0.0555556	0.0555556	0.166667
0.00544959	0.00953678	0.0122616	0.0558583	0.896458	0.0027248	0.00817439	0.00953678
0.03125	0.0625	0.03125	0.125	0.0625	0.0625	0.3125	0.3125
0.0333333	0.0333333	0.0333333	0.0666667	0.0333333	0.133333	0.0333333	0.633333
0.0645161	0.225806	0.0483871	0.0483871	0.0967742	0.209677	0.193548	0.112903
0.09375	0.171875	0.0625	0.15625	0.015625	0.03125	0.03125	0.4375
0.0803571	0.0625	0.133929	0.25	0.0178571	0.116071	0.0178571	0.321429
0.00552486	0.0220994	0.00552486	0.20442	0.651934	0.00552486	0.00552486	0.0994475
0.157895	0.263158	0.157895	0.0526316	0.0526316	0.0526316	0.210526	0.0526316
0.0344828	0.0344828	0.0689655	0.310345	0.0344828	0.0344828	0.413793	0.0689655
0.0757576	0.121212	0.0606061	0.257576	0.0757576	0.136364	0.121212	0.151515
0.00277778	0.130556	0.583333	0.0166667	0.025	0.108333	0.0916667	0.0416667
0.0326087	0.0434783	0.0869565	0.380435	0.108696	0.0108696	0.0217391	0.315217
0.0752688	0.11828	0.0107527	0.408602	0.16129	0.0322581	0.0645161	0.129032
0.047619	0.0952381	0.285714	0.0952381	0.238095	0.0952381	0.047619	0.0952381
0.0434783	0.188406	0.0724638	0.231884	0.0144928	0.217391	0.057971	0.173913
0.00982801	0.036855	0.046683	0.14742	0.100737	0.017199	0.002457	0.638821
0.0102041	0.00510204	0.0102041	0.00510204	0.0459184	0.908163	0.0102041	0.00510204
0.0833333	0.0555556	0.0555556	0.194444	0.166667	0.222222	0.0277778	0.194444
0.00613497	0.226994	0.472393	0.184049	0.0490798	0.0184049	0.0306748	0.0122699
0.0810811	0.0540541	0.027027	0.378378	0.135135	0.027027	0.027027	0.27027
0.774194	0.0120968	0.00806452	0.133065	0.00403226	0.0201613	0.0201613	0.0282258
0.519231	0.0192308	0.0576923	0.230769	0.0576923	0.0192308	0.0192308	0.0769231
0.030303	0.030303	0.030303	0.212121	0.030303	0.0606061	0.575758	0.030303
0.0725806	0.310484	0.0766129	0.310484	0.0120968	0.0120968	0.169355	0.0362903
0.0215054	0.0860215	0.0645161	0.0752688	0.0322581	0.0107527	0.688172	0.0215054
0.481481	0.0740741	0.037037	0.0740741	0.148148	0.037037	0.037037	0.111111
0.232558	0.0697674	0.139535	0.0465116	0.209302	0.0465116	0.0930233	0.162791
0.0263158	0.0657895	0.0131579	0.328947	0.210526	0.0263158	0.0131579	0.315789
0.028169	0.0140845	0.028169	0.140845	0.267606	0.0140845	0.056338	0.450704
0.142857	0.25	0.0357143	0.0357143	0.0357143	0.0357143	0.107143	0.357143
0.0888889	0.0444444	0.0222222	0.288889	0.111111	0.288889	0.0222222	0.133333
0.0344828	0.103448	0.0344828	0.655172	0.0344828	0.0689655	0.0344828	0.0344828
0.0196078	0.0392157	0.0196078	0.529412	0.0980392	0.0392157	0.0196078	0.235294
0.0444444	0.2	0.155556	0.155556	0.0444444	0.111111	0.266667	0.0222222
0.0686275	0.107843	0.0686275	0.137255	0.0196078	0.421569	0.107843	0.0686275
0.111111	0.177778	0.2	0.266667	0.0222222	0.0222222	0.133333	0.0666667
0.0277778	0.194444	0.0277778	0.277778	0.0277778	0.305556	0.0833333	0.0555556
0.0416667	0.166667	0.125	0.104167	0.0208333	0.0208333	0.4375	0.0833333
0.0540541	0.108108	0.027027	0.108108	0.027027	0.108108	0.486486	0.0810811
0.0133333	0.0666667	0.04	0.293333	0.146667	0.04	0.106667	0.293333
0.0408163	0.142857	0.0816327	0.163265	0.0204082	0.0612245	0.0612245	0.428571
0.0344828	0.0689655	0.172414	0.137931	0.0344828	0.0344828	0.413793	0.103448
0.117647	0.0588235	0.117647	0.294118	0.176471	0.0588235	0.117647	0.0588235
0.363636	0.0909091	0.0454545	0.272727	0.0454545	0.0454545	0.0454545	0.0909091
0.269231	0.192308	0.0384615	0.153846	0.0384615	0.0769231	0.0769231	0.153846
0.037037	0.0185185	0.0432099	0.283951	0.41358	0.0123457	0.00617284	0.185185
0.696429	0.0178571	0.0178571	0.107143	0.0178571	0.0892857	0.0178571	0.0357143
0.0166667	0.45	0.05	0.3	0.0166667	0.0833333	0.0166667	0.0666667
0.0416667	0.0833333	0.0833333	0.25	0.0833333	0.0416667	0.333333	0.0833333
0.0757576	0.0454545	0.030303	0.348485	0.181818	0.0454545	0.030303	0.242424
0.130435	0.0869565	0.0434783	0.130435	0.130435	0.26087	0.173913	0.0434783
0.0588235	0.117647	0.0588235	0.470588	0.0588235	0.117647	0.0588235	0.0588235
0.0851064	0.468085	0.0425532	0.170213	0.0212766	0.0425532	0.106383	0.0638298
0.134328	0.223881	0.0597015	0.268657	0.0298507	0.0895522	0.0447761	0.149254
0.27027	0.243243	0.0810811	0.135135	0.027027	0.0810811	0.135135	0.027027
0.0833333	0.0833333	0.0833333	0.0833333	0.166667	0.25	0.166667	0.0833333
0.125	0.125	0.125	0.125	0.125	0.125	0.125	0.125
0.176471	0.411765	0.0588235	0.0588235	0.0588235	0.0588235	0.117647	0.0588235
0.125	0.125	0.125	0.125	0.125	0.125	0.125	0.125
0.0227273	0.318182	0.0909091	0.295455	0.0227273	0.0227273	0.159091	0.0681818
0.0222222	0.466667	0.177778	0.133333	0.0666667	0.0444444	0.0666667	0.0222222
0.142857	0.0714286	0.0714286	0.25	0.0357143	0.178571	0.178571	0.0714286
0.0170213	0.00851064	0.00425532	0.144681	0.0595745	0.0170213	0.00851064	0.740426
0.453125	0.015625	0.015625	0.390625	0.046875	0.015625	0.015625	0.046875
0.0232558	0.0232558	0.0465116	0.55814	0.0697674	0.162791	0.0232558	0.0930233
0.0625	0.145833	0.125	0.104167	0.0208333	0.0416667	0.458333	0.0416667
0.010101	0.0707071	0.010101	0.0707071	0.79798	0.010101	0.010101	0.020202
0.318182	0.0909091	0.0454545	0.0909091	0.0454545	0.181818	0.136364	0.0909091
0.0381679	0.0152672	0.0152672	0.167939	0.458015	0.0305344	0.0152672	0.259542
0.0666667	0.2	0.133333	0.133333	0.2	0.133333	0.0666667	0.0666667
0.2	0.05	0.05	0.2	0.05	0.1	0.15	0.2
0.0625	0.125	0.0625	0.3125	0.0625	0.0625	0.125	0.1875
0.523333	0.0533333	0.01	0.263333	0.00333333	0.0133333	0.0133333	0.12
0.0231823	0.0858799	0.13804	0.126976	0.0110643	0.0321391	0.554268	0.028451
0.125	0.3125	0.125	0.0625	0.0625	0.0625	0.1875	0.0625
0.0247934	0.0165289	0.0247934	0.206612	0.00826446	0.0661157	0.0247934	0.628099
0.0555556	0.388889	0.0555556	0.296296	0.0185185	0.037037	0.0185185	0.12963
0.00437637	0.0393873	0.188184	0.148796	0.00218818	0.0175055	0.468271	0.131291
0.5	0.0555556	0.0555556	0.0555556	0.111111	0.111111	0.0555556	0.0555556
0.00368324	0.0290055	0.00644567	0.693831	0.205801	0.0163444	0.00299263	0.0418969
0.0967742	0.290323	0.0322581	0.16129	0.0322581	0.193548	0.129032	0.0645161
0.0588235	0.147059	0.147059	0.117647	0.264706	0.0294118	0.0588235	0.176471
0.185185	0.259259	0.111111	0.111111	0.037037	0.0740741	0.037037	0.185185
0.0176471	0.0235294	0.00588235	0.364706	0.317647	0.0411765	0.0117647	0.217647
0.0338983	0.169492	0.0847458	0.322034	0.0169492	0.0169492	0.271186	0.0847458
0.0857143	0.0571429	0.0285714	0.0571429	0.0571429	0.114286	0.571429	0.0285714
0.04	0.28	0.08	0.04	0.04	0.04	0.44	0.04
0.0769231	0.410256	0.230769	0.0512821	0.0512821	0.025641	0.128205	0.025641
0.0769231	0.153846	0.0384615	0.384615	0.0769231	0.0769231	0.0769231	0.115385
0.00680272	0.0272109	0.0272109	0.0680272	0.578231	0.047619	0.00680272	0.238095
0.025641	0.0769231	0.0512821	0.384615	0.307692	0.025641	0.102564	0.025641
0.0434783	0.0652174	0.108696	0.478261	0.108696	0.0434783	0.0217391	0.130435
0.00529101	0.0740741	0.179894	0.566138	0.010582	0.0899471	0.047619	0.026455
0.046875	0.015625	0.03125	0.21875	0.015625	0.078125	0.546875	0.046875
0.527027	0.0135135	0.0135135	0.175676	0.0810811	0.0135135	0.0810811	0.0945946
0.0344828	0.103448	0.0344828	0.37931	0.0344828	0.275862	0.0344828	0.103448
0.0347826	0.350725	0.231884	0.133333	0.0898551	0.0695652	0.0202899	0.0695652
0.0151515	0.0454545	0.0984848	0.30303	0.00757576	0.0227273	0.5	0.00757576
0.0493601	0.0932358	0.00731261	0.553931	0.177331	0.0548446	0.0274223	0.0365631
0.05	0.1	0.05	0.1	0.1	0.05	0.5	0.05
0.00854701	0.17094	0.017094	0.615385	0.00854701	0.00854701	0.119658	0.0512821
0.313725	0.176471	0.117647	0.235294	0.0196078	0.0588235	0.0392157	0.0392157
0.145833	0.0208333	0.0416667	0.229167	0.0208333	0.0625	0.4375	0.0416667
0.123894	0.0176991	0.0176991	0.230088	0.132743	0.0265487	0.00884956	0.442478
0.00510204	0.627551	0.0255102	0.270408	0.0102041	0.0306122	0.00510204	0.0255102
0.157895	0.0263158	0.0263158	0.368421	0.105263	0.0263158	0.0263158	0.263158
0.0338983	0.389831	0.0338983	0.322034	0.0338983	0.0847458	0.0847458	0.0169492
0.0333333	0.2	0.133333	0.0666667	0.1	0.133333	0.0333333	0.3
0.0097561	0.0243902	0.809756	0.0146341	0.0097561	0.0536585	0.00487805	0.0731707
0.0612245	0.0408163	0.0204082	0.244898	0.285714	0.0408163	0.0204082	0.285714
0.333333	0.0833333	0.0833333	0.0833333	0.0833333	0.0833333	0.0833333	0.166667
0.0137931	0.0965517	0.0206897	0.275862	0.0551724	0.110345	0.0206897	0.406897
0.0540541	0.0810811	0.027027	0.189189	0.027027	0.027027	0.567568	0.027027
0.125	0.125	0.125	0.125	0.125	0.125	0.125	0.125
0.0454545	0.0454545	0.136364	0.0909091	0.181818	0.0454545	0.409091	0.0454545
0.0833333	0.0833333	0.0833333	0.0833333	0.0833333	0.25	0.0833333	0.25
0.2	0.1	0.1	0.1	0.2	0.1	0.1	0.1
0.107143	0.0714286	0.107143	0.285714	0.0357143	0.0357143	0.25	0.107143
0.0454545	0.0454545	0.136364	0.181818	0.0454545	0.0909091	0.409091	0.0454545
0.214286	0.0952381	0.119048	0.428571	0.0238095	0.0238095	0.047619	0.047619
0.037037	0.0123457	0.037037	0.358025	0.0123457	0.308642	0.0123457	0.222222
0.0894309	0.0406504	0.243902	0.227642	0.00813008	0.0650407	0.138211	0.186992
0.00882353	0.0235294	0.00588235	0.288235	0.464706	0.00294118	0.00294118	0.202941
0.027027	0.0540541	0.0810811	0.0540541	0.027027	0.027027	0.702703	0.027027
0.00854701	0.264957	0.017094	0.470085	0.025641	0.042735	0.017094	0.153846
0.0588235	0.294118	0.0588235	0.294118	0.0588235	0.0588235	0.0588235	0.117647
0.0909091	0.0909091	0.0454545	0.0909091	0.0454545	0.0454545	0.545455	0.0454545
0.0434783	0.173913	0.0869565	0.478261	0.0434783	0.0869565	0.0434783	0.0434783
0.109375	0.0625	0.28125	0.234375	0.015625	0.03125	0.25	0.015625
0.05	0.05	0.15	0.15	0.2	0.05	0.1	0.25
0.03	0.03	0.01	0.35	0.46	0.01	0.03	0.08
0.272727	0.0909091	0.0909091	0.0909091	0.181818	0.0909091	0.0909091	0.0909091
0.1	0.05	0.05	0.2	0.15	0.25	0.1	0.1
0.125	0.125	0.25	0.25	0.0833333	0.0416667	0.0833333	0.0416667
0.294118	0.0588235	0.0588235	0.0588235	0.0588235	0.0588235	0.294118	0.117647
0.0425532	0.0425532	0.0851064	0.531915	0.106383	0.0425532	0.0638298	0.0851064
0.0123457	0.259259	0.382716	0.037037	0.0987654	0.0123457	0.0864198	0.111111
0.125	0.125	0.125	0.125	0.125	0.125	0.125	0.125
0.011236	0.123596	0.0337079	0.247191	0.0449438	0.0449438	0.438202	0.0561798
0.0178571	0.00357143	0.0357143	0.339286	0.00357143	0.517857	0.0285714	0.0535714
0.0833333	0.361111	0.0277778	0.138889	0.0277778	0.0277778	0.305556	0.0277778
0.00909091	0.0454545	0.0363636	0.218182	0.0909091	0.0272727	0.0363636	0.536364
0.04	0.2	0.04	0.24	0.04	0.32	0.08	0.04
0.275862	0.0344828	0.0689655	0.137931	0.0344828	0.103448	0.0689655	0.275862
0.0512821	0.0641026	0.0128205	0.179487	0.423077	0.025641	0.0128205	0.230769
0.0769231	0.153846	0.0769231	0.153846	0.0769231	0.153846	0.230769	0.0769231
0.0652174	0.0434783	0.0108696	0.206522	0.0217391	0.0326087	0.0217391	0.597826
0.461538	0.025641	0.025641	0.128205	0.230769	0.0769231	0.025641	0.025641
0.00657895	0.0197368	0.190789	0.154605	0.371711	0.0296053	0.0361842	0.190789
0.0243902	0.0487805	0.170732	0.268293	0.0243902	0.0487805	0.121951	0.292683
0.0149893	0.0192719	0.00642398	0.239829	0.546039	0.00856531	0.0385439	0.126338
0.0106383	0.0212766	0.0851064	0.287234	0.0212766	0.0531915	0.457447	0.0638298
0.027027	0.0918919	0.00540541	0.12973	0.0324324	0.464865	0.0162162	0.232432
0.0581395	0.0116279	0.00581395	0.261628	0.569767	0.0232558	0.0174419	0.0523256
0.454545	0.0909091	0.0909091	0.0454545	0.181818	0.0454545	0.0454545	0.0454545
0.0833333	0.0833333	0.0833333	0.0833333	0.0833333	0.166667	0.0833333	0.333333
0.0108696	0.0108696	0.076087	0.108696	0.163043	0.0108696	0.467391	0.152174
0.240223	0.0837989	0.0614525	0.441341	0.027933	0.0167598	0.0670391	0.0614525
0.0322438	0.084364	0.692138	0.0706714	0.0132509	0.0242933	0.0538869	0.0291519
0.185567	0.154639	0.0618557	0.247423	0.0103093	0.206186	0.0206186	0.113402
0.0131579	0.105263	0.0394737	0.0921053	0.0263158	0.0921053	0.0131579	0.618421
0.0555556	0.0208333	0.145833	0.361111	0.0208333	0.0277778	0.25	0.118056
0.0909091	0.0909091	0.0909091	0.181818	0.0909091	0.272727	0.0909091	0.0909091
0.151515	0.0909091	0.030303	0.363636	0.121212	0.121212	0.030303	0.0909091
0.0540541	0.405405	0.135135	0.135135	0.135135	0.027027	0.0540541	0.0540541
0.354839	0.0322581	0.0322581	0.145161	0.112903	0.209677	0.0322581	0.0806452
0.0344828	0.0172414	0.0402299	0.304598	0.402299	0.00574713	0.0114943	0.183908
0.0909091	0.0454545	0.0454545	0.0909091	0.0454545	0.0454545	0.590909	0.0454545
0.0225989	0.350282	0.175141	0.141243	0.0282486	0.0564972	0.19774	0.0282486
0.125	0.0416667	0.0833333	0.208333	0.166667	0.25	0.0833333	0.0416667
0.0875	0.1125	0.0375	0.325	0.1125	0.0375	0.025	0.2625
0.0952381	0.047619	0.0952381	0.380952	0.238095	0.047619	0.047619	0.047619
0.0175439	0.0701754	0.0350877	0.298246	0.0175439	0.0175439	0.526316	0.0175439
0.0169492	0.0169492	0.0677966	0.305085	0.101695	0.0169492	0.0338983	0.440678
0.04	0.106667	0.4	0.213333	0.0133333	0.0666667	0.04	0.12
0.0117647	0.0235294	0.0117647	0.211765	0.0705882	0.0117647	0.0235294	0.635294
0.08	0.28	0.16	0.1	0.02	0.04	0.2	0.12
0.12	0.08	0.04	0.08	0.08	0.12	0.44	0.04
0.0192308	0.423077	0.0192308	0.173077	0.0192308	0.134615	0.0961538	0.115385
0.108696	0.108696	0.0869565	0.434783	0.0217391	0.0434783	0.108696	0.0869565
0.0204082	0.122449	0.0204082	0.204082	0.0204082	0.469388	0.102041	0.0408163
0.027027	0.0810811	0.513514	0.162162	0.0540541	0.0540541	0.0810811	0.027027
0.181818	0.145455	0.0363636	0.4	0.0181818	0.0181818	0.0363636	0.163636
0.00887902	0.0299667	0.00332963	0.217536	0.663707	0.0244173	0.00443951	0.0477248
0.0708661	0.0551181	0.00787402	0.362205	0.0314961	0.433071	0.00787402	0.0314961
0.0454545	0.352273	0.125	0.159091	0.102273	0.0454545	0.0795455	0.0909091
0.0212766	0.0851064	0.0425532	0.212766	0.0425532	0.0425532	0.468085	0.0851064
0.0588235	0.352941	0.0588235	0.235294	0.0588235	0.0588235	0.0588235	0.117647
0.0714286	0.428571	0.0714286	0.0714286	0.0714286	0.142857	0.0714286	0.0714286
0.0438871	0.0564263	0.476489	0.304075	0.0125392	0.0031348	0.0250784	0.0783699
0.0263158	0.0605263	0.0131579	0.489474	0.173684	0.0105263	0.0236842	0.202632
0.178571	0.0119048	0.0595238	0.130952	0.309524	0.0238095	0.0238095	0.261905
0.178571	0.178571	0.107143	0.142857	0.178571	0.0357143	0.107143	0.0714286
0.05	0.025	0.025	0.325	0.45	0.025	0.05	0.05
0.00746269	0.0373134	0.126866	0.358209	0.223881	0.0149254	0.00746269	0.223881
0.06	0.08	0.32	0.08	0.02	0.04	0.22	0.18
0.0217391	0.0217391	0.0434783	0.23913	0.0217391	0.0434783	0.586957	0.0217391
0.0363636	0.0727273	0.0545455	0.381818	0.0363636	0.272727	0.0181818	0.127273
0.111111	0.155556	0.0222222	0.244444	0.0222222	0.0888889	0.288889	0.0666667
0.0540541	0.108108	0.324324	0.297297	0.0540541	0.0810811	0.027027	0.0540541
0.0454545	0.159091	0.0227273	0.204545	0.0227273	0.0454545	0.431818	0.0681818
0.0857143	0.171429	0.114286	0.171429	0.114286	0.142857	0.0571429	0.142857
0.382353	0.0294118	0.0294118	0.323529	0.0882353	0.0882353	0.0294118	0.0294118
0.00324675	0.0422078	0.0292208	0.438312	0.00974026	0.396104	0.0487013	0.0324675
0.133333	0.266667	0.0444444	0.288889	0.0222222	0.0888889	0.0666667	0.0888889
0.145833	0.1875	0.0208333	0.375	0.0416667	0.0833333	0.0208333	0.125
0.0714286	0.0714286	0.142857	0.142857	0.0714286	0.0714286	0.214286	0.214286
0.0222222	0.133333	0.0444444	0.244444	0.177778	0.0222222	0.0222222	0.333333
0.0588235	0.0588235	0.352941	0.0588235	0.0588235	0.176471	0.117647	0.117647
0.294118	0.0294118	0.0294118	0.294118	0.0588235	0.0294118	0.147059	0.117647
0.0233333	0.203333	0.00666667	0.42	0.14	0.0233333	0.0433333	0.14
0.296875	0.15625	0.03125	0.046875	0.015625	0.140625	0.296875	0.015625
0.181818	0.113636	0.0454545	0.386364	0.0454545	0.0909091	0.0454545	0.0909091
0.0508475	0.186441	0.0338983	0.0338983	0.0338983	0.0338983	0.59322	0.0338983
0.153226	0.306452	0.120968	0.0967742	0.00806452	0.0483871	0.209677	0.0564516
0.0344828	0.0344828	0.0689655	0.413793	0.0344828	0.103448	0.275862	0.0344828
0.06	0.08	0.13	0.03	0.02	0.06	0.54	0.08
0.0357143	0.125	0.0714286	0.357143	0.0357143	0.303571	0.0357143	0.0357143
0.0350877	0.0350877	0.0701754	0.0877193	0.0350877	0.0877193	0.54386	0.105263
0.107143	0.142857	0.0357143	0.428571	0.0357143	0.107143	0.0357143	0.107143
0.0967742	0.0967742	0.0322581	0.0645161	0.0322581	0.0322581	0.612903	0.0322581
0.00636943	0.00636943	0.363057	0.292994	0.044586	0.0700637	0.0828025	0.133758
0.0666667	0.266667	0.133333	0.133333	0.0666667	0.133333	0.133333	0.0666667
0.168831	0.012987	0.012987	0.116883	0.025974	0.0519481	0.584416	0.025974
0.00840336	0.142857	0.0252101	0.327731	0.00840336	0.00840336	0.403361	0.0756303
0.0833333	0.291667	0.0833333	0.166667	0.0416667	0.0833333	0.0833333	0.166667
0.138889	0.0555556	0.0555556	0.527778	0.111111	0.0555556	0.0277778	0.0277778
0.0428571	0.442857	0.0571429	0.314286	0.0428571	0.0285714	0.0285714	0.0428571
0.133333	0.1	0.166667	0.166667	0.0333333	0.0666667	0.2	0.133333
0.76699	0.0291262	0.00970874	0.126214	0.0194175	0.0194175	0.00970874	0.0194175
0.0185185	0.0555556	0.0555556	0.185185	0.0555556	0.444444	0.037037	0.148148
0.0465116	0.0465116	0.0232558	0.0232558	0.0232558	0.0232558	0.790698	0.0232558
0.0192308	0.0384615	0.0384615	0.288462	0.0192308	0.346154	0.0384615	0.211538
0.046875	0.046875	0.015625	0.09375	0.0625	0.578125	0.03125	0.125
0.00613497	0.0184049	0.0736196	0.325153	0.00613497	0.0122699	0.0674847	0.490798
0.0357143	0.0357143	0.0357143	0.0357143	0.107143	0.0357143	0.607143	0.107143
0.0967742	0.129032	0.0645161	0.0322581	0.0645161	0.0645161	0.516129	0.0322581
0.04	0.08	0.08	0.24	0.12	0.08	0.16	0.2
0.0322581	0.0322581	0.0967742	0.0645161	0.0322581	0.0322581	0.612903	0.0967742
0.0151057	0.060423	0.0241692	0.163142	0.00906344	0.634441	0.0302115	0.0634441
0.342466	0.0547945	0.0958904	0.191781	0.0273973	0.109589	0.0547945	0.123288
0.6	0.0333333	0.0666667	0.166667	0.0333333	0.0333333	0.0333333	0.0333333
0.0434783	0.0434783	0.0434783	0.0434783	0.130435	0.0869565	0.0869565	0.521739
0.00833333	0.075	0.025	0.358333	0.0166667	0.425	0.0333333	0.0583333
0.037037	0.148148	0.222222	0.037037	0.185185	0.0740741	0.037037	0.259259
0.125	0.125	0.125	0.125	0.125	0.125	0.125	0.125
0.0178571	0.107143	0.0178571	0.125	0.0178571	0.0178571	0.642857	0.0535714
0.255814	0.27907	0.0232558	0.0465116	0.162791	0.0930233	0.0232558	0.116279
0.0869565	0.0869565	0.217391	0.217391	0.0434783	0.0434783	0.0434783	0.26087
0.125	0.125	0.125	0.125	0.125	0.125	0.125	0.125
0.00884956	0.0265487	0.0973451	0.132743	0.176991	0.380531	0.132743	0.0442478
0.04	0.04	0.08	0.24	0.04	0.12	0.08	0.36
0.0967742	0.145161	0.129032	0.306452	0.0322581	0.177419	0.016129	0.0967742
0.386364	0.159091	0.0454545	0.181818	0.0227273	0.0454545	0.136364	0.0227273
0.0958904	0.0958904	0.109589	0.0273973	0.0410959	0.0136986	0.561644	0.0547945
0.03125	0.125	0.15625	0.34375	0.09375	0.03125	0.0625	0.15625
0.135135	0.0810811	0.027027	0.0540541	0.027027	0.027027	0.594595	0.0540541
0.04	0.24	0.08	0.08	0.04	0.08	0.4	0.04
0.0212766	0.0638298	0.0106383	0.212766	0.0265957	0.0265957	0.611702	0.0265957
0.0833333	0.0416667	0.0833333	0.0833333	0.0416667	0.0416667	0.0416667	0.583333
0.282609	0.152174	0.0217391	0.108696	0.0434783	0.0217391	0.0869565	0.282609
0.0588235	0.0294118	0.470588	0.191176	0.0147059	0.0441176	0.0294118	0.161765
0.208333	0.0416667	0.229167	0.125	0.229167	0.0208333	0.125	0.0208333
0.181818	0.0909091	0.0909091	0.181818	0.0909091	0.0909091	0.0909091	0.181818
0.0967742	0.0322581	0.0322581	0.290323	0.0967742	0.0645161	0.0645161	0.322581
0.027027	0.0540541	0.513514	0.108108	0.027027	0.162162	0.027027	0.0810811
0.0144928	0.188406	0.0289855	0.275362	0.0869565	0.0144928	0.15942	0.231884
0.25	0.0714286	0.107143	0.0357143	0.25	0.178571	0.0357143	0.0714286
0.24	0.04	0.08	0.36	0.04	0.16	0.04	0.04
0.0909091	0.0454545	0.181818	0.227273	0.0909091	0.136364	0.0454545	0.181818
0.133333	0.0888889	0.155556	0.0666667	0.111111	0.155556	0.177778	0.111111
0.030303	0.030303	0.030303	0.333333	0.0606061	0.030303	0.121212	0.363636
0.2	0.0666667	0.0666667	0.133333	0.0666667	0.2	0.2	0.0666667
0.04	0.04	0.08	0.24	0.04	0.04	0.44	0.08
0.0151515	0.0757576	0.0454545	0.257576	0.0151515	0.0454545	0.469697	0.0757576
0.0294118	0.0441176	0.0441176	0.411765	0.0147059	0.0147059	0.397059	0.0441176
0.0526316	0.210526	0.0438596	0.359649	0.0701754	0.00877193	0.00877193	0.245614
0.163265	0.163265	0.0204082	0.22449	0.0204082	0.285714	0.102041	0.0204082
0.078125	0.125	0.03125	0.109375	0.234375	0.09375	0.03125	0.296875
0.20339	0.542373	0.0169492	0.135593	0.0338983	0.00847458	0.0254237	0.0338983
0.013624	0.0435967	0.0108992	0.0980926	0.547684	0.00544959	0.0108992	0.269755
0.05	0.05	0.05	0.05	0.05	0.1	0.55	0.1
0.047619	0.0952381	0.142857	0.0952381	0.190476	0.238095	0.047619	0.142857
0.0666667	0.2	0.0666667	0.266667	0.0666667	0.0666667	0.0666667	0.2
0.0232558	0.0232558	0.302326	0.162791	0.0232558	0.0465116	0.395349	0.0232558
0.0416667	0.125	0.125	0.291667	0.0416667	0.0416667	0.291667	0.0416667
0.0810811	0.243243	0.027027	0.135135	0.0810811	0.027027	0.378378	0.027027
0.0238095	0.261905	0.0238095	0.166667	0.190476	0.047619	0.119048	0.166667
0.09375	0.0625	0.0625	0.3125	0.0625	0.03125	0.03125	0.34375
0.00675676	0.0202703	0.00675676	0.22973	0.0540541	0.027027	0.00675676	0.648649
0.0537634	0.0107527	0.0322581	0.215054	0.0322581	0.0215054	0.0107527	0.623656
0.0769231	0.0769231	0.0769231	0.461538	0.0769231	0.0769231	0.0769231	0.0769231
0.0232558	0.162791	0.0930233	0.418605	0.0465116	0.0232558	0.0697674	0.162791
0.027027	0.0540541	0.135135	0.189189	0.027027	0.108108	0.378378	0.0810811
0.0655738	0.0163934	0.0163934	0.245902	0.114754	0.0163934	0.0163934	0.508197
0.31	0.02	0.08	0.07	0.04	0.03	0.44	0.01
0.0810811	0.0810811	0.027027	0.135135	0.027027	0.108108	0.459459	0.0810811
0.0170648	0.00682594	0.0511945	0.156997	0.0204778	0.276451	0.00682594	0.464164
0.0762712	0.169492	0.127119	0.0254237	0.0254237	0.0338983	0.491525	0.0508475
0.030303	0.151515	0.030303	0.030303	0.242424	0.030303	0.424242	0.0606061
0.0394737	0.0394737	0.0657895	0.236842	0.315789	0.0131579	0.0131579	0.276316
0.196429	0.0357143	0.0178571	0.107143	0.142857	0.0178571	0.446429	0.0357143
0.0285714	0.0857143	0.0571429	0.0285714	0.0285714	0.0285714	0.628571	0.114286
0.1	0.0666667	0.433333	0.0666667	0.0333333	0.0666667	0.2	0.0333333
0.240741	0.111111	0.222222	0.222222	0.037037	0.0555556	0.0185185	0.0925926
0.0588235	0.0392157	0.0196078	0.0392157	0.0196078	0.0392157	0.764706	0.0196078
0.0909091	0.0909091	0.0454545	0.136364	0.0454545	0.136364	0.363636	0.0909091
0.0487805	0.219512	0.0243902	0.121951	0.0243902	0.0243902	0.463415	0.0731707
0.03125	0.375	0.15625	0.197917	0.0833333	0.0625	0.0625	0.03125
0.145455	0.127273	0.0181818	0.545455	0.0727273	0.0181818	0.0181818	0.0545455
0.0327869	0.0327869	0.147541	0.0819672	0.0163934	0.114754	0.393443	0.180328
0.0285714	0.0285714	0.0285714	0.285714	0.0571429	0.0285714	0.342857	0.2
0.125	0.125	0.125	0.125	0.125	0.125	0.125	0.125
0.604396	0.010989	0.032967	0.241758	0.010989	0.0659341	0.010989	0.021978
0.0434783	0.434783	0.0434783	0.130435	0.0434783	0.0869565	0.0869565	0.130435
0.0576923	0.442308	0.0192308	0.0576923	0.0192308	0.0192308	0.365385	0.0192308
0.0681818	0.0227273	0.0227273	0.431818	0.159091	0.0454545	0.0227273	0.227273
0.0422535	0.0422535	0.0140845	0.197183	0.0140845	0.0140845	0.591549	0.084507
0.027972	0.118881	0.034965	0.384615	0.125874	0.0629371	0.034965	0.20979
0.0355556	0.12	0.0533333	0.124444	0.488889	0.0577778	0.0222222	0.0977778
0.0621469	0.107345	0.0508475	0.00564972	0.0112994	0.00564972	0.0847458	0.672316
0.0694444	0.0694444	0.416667	0.0833333	0.0138889	0.0416667	0.25	0.0555556
0.153846	0.0769231	0.0769231	0.0769231	0.0384615	0.0384615	0.5	0.0384615
0.333333	0.0833333	0.0833333	0.0833333	0.166667	0.0833333	0.0833333	0.0833333
0.047619	0.142857	0.285714	0.0714286	0.0238095	0.0238095	0.380952	0.0238095
0.0892857	0.214286	0.160714	0.107143	0.0178571	0.160714	0.160714	0.0892857
0.0277778	0.416667	0.0416667	0.277778	0.0277778	0.0555556	0.0138889	0.138889
0.025641	0.025641	0.512821	0.25641	0.025641	0.025641	0.025641	0.102564
0.0666667	0.0666667	0.0666667	0.2	0.0333333	0.0666667	0.4	0.1
0.05	0.125	0.025	0.05	0.025	0.05	0.6	0.075
0.0285714	0.0571429	0.0857143	0.2	0.0571429	0.0857143	0.0571429	0.428571
0.0172414	0.0172414	0.0862069	0.12069	0.0344828	0.0172414	0.534483	0.172414
0.0172414	0.0689655	0.0862069	0.103448	0.0172414	0.0172414	0.672414	0.0172414
0.1875	0.09375	0.1875	0.15625	0.0625	0.15625	0.09375	0.0625
0.185185	0.185185	0.037037	0.111111	0.037037	0.037037	0.37037	0.037037
0.0638298	0.12766	0.0212766	0.319149	0.0212766	0.0851064	0.319149	0.0425532
0.0350877	0.0526316	0.152047	0.0701754	0.0292398	0.269006	0.309942	0.0818713
0.0597015	0.0746269	0.0149254	0.313433	0.119403	0.119403	0.0149254	0.283582
0.151515	0.030303	0.121212	0.0909091	0.0606061	0.181818	0.0606061	0.30303
0.0357143	0.0535714	0.0535714	0.0714286	0.0178571	0.0892857	0.625	0.0535714
0.0333333	0.333333	0.1	0.4	0.0333333	0.0333333	0.0333333	0.0333333
0.0526316	0.105263	0.105263	0.0526316	0.0526316	0.0526316	0.105263	0.473684
0.164706	0.317647	0.0117647	0.341176	0.0705882	0.0117647	0.0235294	0.0588235
0.0352941	0.0352941	0.0156863	0.282353	0.0392157	0.027451	0.00784314	0.556863
0.0588235	0.294118	0.0588235	0.176471	0.0588235	0.0588235	0.0588235	0.235294
0.0070922	0.0851064	0.0141844	0.0283688	0.638298	0.0141844	0.0567376	0.156028
0.216216	0.27027	0.027027	0.0810811	0.0540541	0.0810811	0.243243	0.027027
0.0574713	0.137931	0.0229885	0.287356	0.045977	0.0344828	0.091954	0.321839
0.166667	0.111111	0.0555556	0.166667	0.0555556	0.0555556	0.277778	0.111111
0.08	0.08	0.04	0.32	0.28	0.04	0.08	0.08
0.0882353	0.0588235	0.0147059	0.338235	0.0882353	0.0294118	0.0147059	0.367647
0.285714	0.15873	0.015873	0.206349	0.047619	0.015873	0.0793651	0.190476
0.125	0.125	0.125	0.125	0.125	0.125	0.125	0.125
0.0697674	0.209302	0.0697674	0.255814	0.0465116	0.0232558	0.255814	0.0697674
0.0491803	0.0491803	0.0163934	0.163934	0.377049	0.0819672	0.0163934	0.245902
0.025	0.05	0.025	0.475	0.1	0.025	0.025	0.275
0.0454545	0.409091	0.0454545	0.181818	0.0454545	0.136364	0.0909091	0.0454545
0.00520833	0.0963542	0.0260417	0.153646	0.0833333	0.00260417	0.0078125	0.625
0.0833333	0.0416667	0.125	0.375	0.0833333	0.0416667	0.0416667	0.208333
0.0517241	0.0862069	0.103448	0.0517241	0.0344828	0.0344828	0.517241	0.12069
0.0555556	0.0277778	0.0833333	0.611111	0.0833333	0.0277778	0.0555556	0.0555556
0.166667	0.222222	0.0555556	0.166667	0.0555556	0.0555556	0.111111	0.166667
0.176471	0.235294	0.0392157	0.176471	0.0784314	0.137255	0.0980392	0.0588235
0.0930233	0.116279	0.395349	0.139535	0.0232558	0.162791	0.0232558	0.0465116
0.28	0.04	0.08	0.24	0.22	0.02	0.06	0.06
0.0576923	0.134615	0.0576923	0.365385	0.0961538	0.134615	0.0192308	0.134615
0.0180879	0.4677	0.0413437	0.235142	0.0180879	0.0645995	0.0852713	0.0697674
0.447368	0.0263158	0.0263158	0.0526316	0.0263158	0.236842	0.0526316	0.131579
0.00411523	0.0617284	0.0123457	0.0946502	0.646091	0.135802	0.00411523	0.0411523
0.037037	0.444444	0.148148	0.148148	0.037037	0.037037	0.037037	0.111111
0.465714	0.111429	0.0657143	0.0828571	0.0514286	0.00857143	0.154286	0.06
0.04	0.16	0.04	0.08	0.04	0.04	0.52	0.08
0.0115274	0.0634006	0.0897489	0.0728695	0.048168	0.651297	0.00576369	0.0572252
0.028169	0.0140845	0.0140845	0.028169	0.0704225	0.774648	0.0140845	0.056338
0.359551	0.0337079	0.0674157	0.460674	0.011236	0.0224719	0.0224719	0.0224719
0.2	0.12	0.08	0.2	0.12	0.12	0.04	0.12
0.421875	0.046875	0.0625	0.34375	0.015625	0.046875	0.015625	0.046875
0.00364299	0.0291439	0.0309654	0.169399	0.0510018	0.0218579	0.0200364	0.673953
0.0625	0.15625	0.0625	0.0625	0.03125	0.0625	0.53125	0.03125
0.03125	0.03125	0.03125	0.28125	0.34375	0.03125	0.03125	0.21875
0.0465116	0.0232558	0.0232558	0.139535	0.209302	0.0697674	0.0697674	0.418605
0.0434783	0.0652174	0.0434783	0.0652174	0.0217391	0.108696	0.565217	0.0869565
0.0123457	0.395062	0.0123457	0.444444	0.0246914	0.0246914	0.0123457	0.0740741
0.285714	0.0357143	0.0714286	0.232143	0.0178571	0.142857	0.0178571	0.196429
0.00542005	0.151762	0.0271003	0.200542	0.509485	0.0135501	0.00813008	0.0840108
0.565217	0.0434783	0.0434783	0.173913	0.0434783	0.0434783	0.0434783	0.0434783
0.0769231	0.384615	0.0769231	0.153846	0.0769231	0.0769231	0.0769231	0.0769231
0.0147059	0.0220588	0.0220588	0.191176	0.0220588	0.0220588	0.0147059	0.691176
0.0344828	0.0689655	0.0344828	0.275862	0.0689655	0.172414	0.0344828	0.310345
0.0909091	0.0909091	0.181818	0.0909091	0.0909091	0.0909091	0.0909091	0.272727
0.189189	0.135135	0.00900901	0.540541	0.00900901	0.036036	0.036036	0.045045
0.027027	0.0810811	0.0540541	0.405405	0.189189	0.0810811	0.027027	0.135135
0.0263158	0.105263	0.447368	0.184211	0.0526316	0.0263158	0.131579	0.0263158
0.0465116	0.116279	0.0232558	0.395349	0.0232558	0.0232558	0.27907	0.0930233
0.0444444	0.422222	0.0666667	0.355556	0.0222222	0.0222222	0.0222222	0.0444444
0.0769231	0.0769231	0.0769231	0.153846	0.0769231	0.153846	0.153846	0.230769
0.0526316	0.0526316	0.157895	0.0526316	0.0526316	0.0526316	0.473684	0.105263
0.0689655	0.0689655	0.0344828	0.482759	0.0344828	0.0344828	0.206897	0.0689655
0.0784314	0.156863	0.0882353	0.254902	0.0686275	0.245098	0.0392157	0.0686275
0.0784314	0.215686	0.0588235	0.27451	0.0196078	0.215686	0.0196078	0.117647
0.025641	0.0128205	0.333333	0.307692	0.0897436	0.0128205	0.128205	0.0897436
0.0163399	0.0359477	0.660131	0.0653595	0.147059	0.0196078	0.0163399	0.0392157
0.0434783	0.0434783	0.0652174	0.108696	0.0217391	0.0217391	0.630435	0.0652174
0.0444444	0.0111111	0.0555556	0.255556	0.0666667	0.0444444	0.0333333	0.488889
0.55	0.025	0.05	0.225	0.025	0.05	0.05	0.025
0.0153846	0.123077	0.392308	0.369231	0.0230769	0.0153846	0.0307692	0.0307692
0.047619	0.0380952	0.00952381	0.161905	0.00952381	0.00952381	0.0190476	0.704762
0.181818	0.0454545	0.0454545	0.5	0.0909091	0.0454545	0.0454545	0.0454545
0.08	0.02	0.02	0.38	0.08	0.08	0.08	0.26
0.031746	0.031746	0.047619	0.126984	0.015873	0.047619	0.555556	0.142857
0.0186916	0.0654206	0.0280374	0.0934579	0.00934579	0.0373832	0.672897	0.0747664
0.06	0.04	0.02	0.58	0.06	0.12	0.02	0.1
0.0392157	0.0196078	0.117647	0.0980392	0.0196078	0.0392157	0.509804	0.156863
0.21028	0.0327103	0.00934579	0.0514019	0.0233645	0.0186916	0.556075	0.0981308
0.05	0.0166667	0.0166667	0.0833333	0.0166667	0.0166667	0.783333	0.0166667
0.0952381	0.119048	0.047619	0.285714	0.047619	0.166667	0.0238095	0.214286
0.196078	0.0980392	0.0588235	0.431373	0.0588235	0.0196078	0.0196078	0.117647
0.634146	0.0243902	0.0243902	0.207317	0.0121951	0.0243902	0.0365854	0.0365854
0.125	0.0625	0.0625	0.1875	0.0625	0.25	0.1875	0.0625
0.0588235	0.352941	0.176471	0.176471	0.0588235	0.0588235	0.0588235	0.0588235
0.166667	0.0833333	0.0833333	0.0833333	0.0833333	0.0833333	0.25	0.166667
0.142857	0.0285714	0.0285714	0.114286	0.114286	0.0571429	0.0285714	0.485714
0.0384615	0.0769231	0.0384615	0.307692	0.192308	0.153846	0.0384615	0.153846
0.47619	0.047619	0.047619	0.142857	0.047619	0.0952381	0.047619	0.0952381
0.0285714	0.0285714	0.1	0.228571	0.0142857	0.414286	0.0428571	0.142857
0.0243902	0.390244	0.0243902	0.268293	0.0731707	0.121951	0.0243902	0.0731707
0.0895522	0.179104	0.119403	0.19403	0.0447761	0.0149254	0.328358	0.0298507
0.172414	0.0689655	0.310345	0.0344828	0.0689655	0.0344828	0.0344828	0.275862
0.037037	0.111111	0.148148	0.37037	0.111111	0.037037	0.111111	0.0740741
0.0185185	0.203704	0.259259	0.185185	0.0555556	0.0185185	0.222222	0.037037
0.0615385	0.0307692	0.0769231	0.323077	0.153846	0.0615385	0.0307692	0.261538
0.0133333	0.106667	0.0533333	0.266667	0.0133333	0.0266667	0.506667	0.0133333
0.0255814	0.0534884	0.632558	0.0697674	0.00930233	0.0953488	0.111628	0.00232558
0.047619	0.0238095	0.0238095	0.261905	0.0238095	0.047619	0.47619	0.0952381
0.0169492	0.118644	0.0338983	0.338983	0.0169492	0.186441	0.0169492	0.271186
0.011236	0.123596	0.314607	0.269663	0.0224719	0.101124	0.011236	0.146067
0.0487805	0.121951	0.0487805	0.121951	0.0243902	0.0731707	0.0487805	0.512195
0.1	0.0875	0.1375	0.175	0.025	0.025	0.3875	0.0625
0.041958	0.433566	0.013986	0.160839	0.0559441	0.00699301	0.230769	0.0559441
0.0344828	0.0344828	0.0689655	0.206897	0.137931	0.103448	0.0689655	0.344828
0.670807	0.0807453	0.00621118	0.142857	0.0310559	0.00621118	0.0186335	0.0434783
0.0263158	0.0263158	0.0789474	0.315789	0.0263158	0.236842	0.0263158	0.263158
0.0243902	0.0487805	0.121951	0.268293	0.0731707	0.0243902	0.390244	0.0487805
0.0201342	0.107383	0.0469799	0.0536913	0.0134228	0.00671141	0.731544	0.0201342
0.5	0.0454545	0.0454545	0.227273	0.0454545	0.0454545	0.0454545	0.0454545
0.0357143	0.0714286	0.0357143	0.178571	0.0357143	0.464286	0.107143	0.0714286
0.0357143	0.107143	0.0357143	0.0714286	0.0357143	0.214286	0.428571	0.0714286
0.0793651	0.111111	0.285714	0.31746	0.0952381	0.031746	0.015873	0.0634921
0.037037	0.0185185	0.0740741	0.240741	0.0740741	0.0185185	0.0740741	0.462963
0.136364	0.0454545	0.136364	0.363636	0.0454545	0.136364	0.0909091	0.0454545
0.027027	0.108108	0.027027	0.135135	0.0810811	0.405405	0.0540541	0.162162
0.133333	0.0666667	0.0666667	0.0666667	0.0666667	0.0666667	0.0666667	0.466667
0.0357143	0.0714286	0.142857	0.321429	0.0714286	0.0357143	0.0357143	0.285714
0.0384615	0.192308	0.0384615	0.192308	0.115385	0.230769	0.0384615	0.153846
0.25	0.0833333	0.0416667	0.125	0.0833333	0.125	0.166667	0.125
0.5625	0.05	0.0125	0.15	0.05	0.0375	0.0625	0.075
0.05	0.1	0.025	0.275	0.1	0.2	0.05	0.2
0.0754717	0.0566038	0.377358	0.169811	0.0188679	0.0566038	0.0943396	0.150943
0.042735	0.393162	0.042735	0.222222	0.017094	0.025641	0.0940171	0.162393
0.0330579	0.0661157	0.0495868	0.247934	0.0330579	0.421488	0.0578512	0.0909091
0.0666667	0.2	0.0666667	0.266667	0.0666667	0.0666667	0.2	0.0666667
0.102941	0.352941	0.0147059	0.294118	0.0147059	0.0735294	0.117647	0.0294118
0.14	0.14	0.02	0.24	0.16	0.2	0.04	0.06
0.114286	0.142857	0.114286	0.285714	0.0285714	0.0285714	0.0285714	0.257143
0.0410959	0.260274	0.0547945	0.260274	0.0273973	0.0273973	0.0684932	0.260274
0.1	0.0666667	0.0333333	0.266667	0.0333333	0.4	0.0333333	0.0666667
0.0487805	0.402439	0.109756	0.317073	0.0121951	0.0731707	0.0121951	0.0243902
0.05	0.025	0.0125	0.6625	0.025	0.175	0.025	0.025
0.0189573	0.0331754	0.767773	0.00947867	0.0236967	0.07109	0.00947867	0.0663507
0.722772	0.029703	0.00990099	0.138614	0.039604	0.00990099	0.00990099	0.039604
0.047619	0.0952381	0.333333	0.285714	0.047619	0.047619	0.0952381	0.047619
0.0416667	0.0416667	0.333333	0.0416667	0.0416667	0.0833333	0.333333	0.0833333
0.0952381	0.047619	0.0952381	0.190476	0.047619	0.0952381	0.380952	0.047619
0.047619	0.0952381	0.047619	0.142857	0.0952381	0.047619	0.047619	0.47619
0.0384615	0.269231	0.0769231	0.153846	0.153846	0.115385	0.0769231	0.115385
0.0344828	0.275862	0.103448	0.172414	0.0344828	0.0344828	0.137931	0.206897
0.0540541	0.27027	0.027027	0.459459	0.027027	0.027027	0.0540541	0.0810811
0.0133333	0.0533333	0.106667	0.2	0.373333	0.04	0.0133333	0.2
0.00877193	0.0789474	0.0263158	0.27193	0.0175439	0.0438596	0.5	0.0526316
0.0833333	0.3125	0.0625	0.270833	0.0208333	0.0208333	0.0625	0.166667
0.0526316	0.561404	0.0526316	0.175439	0.0175439	0.0175439	0.0175439	0.105263
0.111111	0.111111	0.222222	0.111111	0.111111	0.111111	0.111111	0.111111
0.0169492	0.0169492	0.0508475	0.305085	0.0169492	0.355932	0.0847458	0.152542
0.0545455	0.309091	0.0363636	0.327273	0.0181818	0.0363636	0.0545455	0.163636
0.117647	0.147059	0.0294118	0.235294	0.264706	0.0294118	0.117647	0.0588235
0.0666667	0.2	0.266667	0.0666667	0.0666667	0.0666667	0.133333	0.133333
0.0217391	0.0869565	0.0869565	0.0217391	0.0217391	0.0434783	0.695652	0.0217391
0.0434783	0.0869565	0.0434783	0.478261	0.0434783	0.217391	0.0434783	0.0434783
0.0101266	0.0734177	0.0101266	0.296203	0.043038	0.0329114	0.0227848	0.511392
0.210526	0.0526316	0.105263	0.368421	0.0526316	0.105263	0.0526316	0.0526316
0.0714286	0.214286	0.0714286	0.142857	0.142857	0.142857	0.142857	0.0714286
0.0833333	0.0555556	0.0277778	0.388889	0.0277778	0.0277778	0.361111	0.0277778
0.190476	0.047619	0.047619	0.142857	0.047619	0.0952381	0.0952381	0.333333
0.01	0.025	0.005	0.315	0.045	0.015	0.01	0.575
0.251534	0.0184049	0.319018	0.147239	0.104294	0.0245399	0.0306748	0.104294
0.222222	0.138889	0.0833333	0.361111	0.0555556	0.0277778	0.0555556	0.0555556
0.0839161	0.0769231	0.13986	0.300699	0.132867	0.041958	0.041958	0.181818
0.027027	0.027027	0.0135135	0.0540541	0.810811	0.027027	0.0135135	0.027027
0.2	0.2	0.1	0.1	0.1	0.1	0.1	0.1
0.0103093	0.0103093	0.0103093	0.195876	0.628866	0.0103093	0.0206186	0.113402
0.0447761	0.0199005	0.0298507	0.223881	0.0597015	0.0248756	0.467662	0.129353
0.0526316	0.289474	0.131579	0.184211	0.0526316	0.131579	0.105263	0.0526316
0.542169	0.0361446	0.0361446	0.253012	0.0120482	0.0240964	0.0120482	0.0843373
0.125	0.125	0.125	0.125	0.125	0.125	0.125	0.125
0.0357143	0.25	0.0357143	0.178571	0.0714286	0.0714286	0.0714286	0.285714
0.0133333	0.0266667	0.0133333	0.88	0.0133333	0.0133333	0.0133333	0.0266667
0.141844	0.0141844	0.035461	0.333333	0.106383	0.234043	0.0070922	0.12766
0.12	0.2	0.04	0.36	0.12	0.04	0.04	0.08
0.0909091	0.363636	0.0454545	0.181818	0.0454545	0.0909091	0.136364	0.0454545
0.0416667	0.0555556	0.263889	0.194444	0.208333	0.0416667	0.0416667	0.152778
0.238095	0.190476	0.142857	0.142857	0.047619	0.047619	0.142857	0.047619
0.172414	0.275862	0.0689655	0.275862	0.0344828	0.103448	0.0344828	0.0344828
0.037037	0.037037	0.111111	0.148148	0.111111	0.037037	0.0740741	0.444444
0.0123457	0.271605	0.111111	0.283951	0.0493827	0.0493827	0.0617284	0.160494
0.0208333	0.166667	0.0208333	0.458333	0.125	0.145833	0.0208333	0.0416667
0.0322581	0.0645161	0.0322581	0.354839	0.322581	0.129032	0.0322581	0.0322581
0.0833333	0.2	0.1	0.216667	0.05	0.1	0.116667	0.133333
0.037037	0.111111	0.0740741	0.166667	0.333333	0.0185185	0.037037	0.222222
0.027027	0.0540541	0.135135	0.216216	0.027027	0.108108	0.351351	0.0810811
0.0526316	0.0526316	0.105263	0.105263	0.0526316	0.263158	0.315789	0.0526316
0.05	0.1	0.05	0.2	0.1	0.05	0.05	0.4
0.0344828	0.0689655	0.103448	0.0689655	0.0344828	0.0344828	0.0344828	0.62069
0.380952	0.047619	0.0952381	0.238095	0.047619	0.047619	0.047619	0.0952381
0.125	0.125	0.125	0.125	0.125	0.125	0.125	0.125
0.0277778	0.0277778	0.0555556	0.194444	0.0277778	0.0555556	0.555556	0.0555556
0.0416667	0.25	0.0277778	0.222222	0.180556	0.166667	0.0277778	0.0833333
