0.159091	0.25	0.0454545	0.0909091	0.340909	0.0909091	0.0227273
0.185185	0.037037	0.148148	0.148148	0.37037	0.0740741	0.037037
0.195035	0.141844	0.0815603	0.163121	0.0390071	0.113475	0.265957
0.0769231	0.0769231	0.230769	0.0384615	0.461538	0.0384615	0.0769231
0.142857	0.015873	0.047619	0.47619	0.00793651	0.277778	0.031746
0.1	0.05	0.05	0.45	0.1	0.2	0.05
0.037037	0.037037	0.037037	0.0740741	0.740741	0.037037	0.037037
0.142857	0.142857	0.142857	0.142857	0.142857	0.142857	0.142857
0.0526316	0.0526316	0.0701754	0.122807	0.578947	0.105263	0.0175439
0.0793651	0.15873	0.015873	0.492063	0.0793651	0.047619	0.126984
0.196078	0.0392157	0.0392157	0.137255	0.54902	0.0196078	0.0196078
0.0882353	0.382353	0.264706	0.147059	0.0294118	0.0588235	0.0294118
0.217391	0.0326087	0.0108696	0.163043	0.51087	0.0326087	0.0326087
0.5	0.046875	0.015625	0.1875	0.09375	0.140625	0.015625
0.0714286	0.110714	0.185714	0.342857	0.0178571	0.182143	0.0892857
0.00699301	0.00699301	0.153846	0.0559441	0.685315	0.00699301	0.0839161
0.0909091	0.0454545	0.0454545	0.136364	0.590909	0.0454545	0.0454545
0.1	0.06	0.02	0.16	0.58	0.02	0.06
0.0222222	0.688889	0.0444444	0.0666667	0.111111	0.0444444	0.0222222
0.0277778	0.111111	0.0416667	0.236111	0.361111	0.0694444	0.152778
0.360656	0.0655738	0.0327869	0.196721	0.0163934	0.295082	0.0327869
0.0416667	0.0416667	0.479167	0.25	0.0625	0.104167	0.0208333
0.34	0.04	0.02	0.12	0.02	0.44	0.02
0.125	0.125	0.25	0.125	0.125	0.125	0.125
0.148936	0.0212766	0.0212766	0.489362	0.0425532	0.12766	0.148936
0.32	0.04	0.04	0.04	0.08	0.4	0.08
0.125	0.0416667	0.0416667	0.25	0.166667	0.0833333	0.291667
0.307692	0.153846	0.0769231	0.0769231	0.0769231	0.0769231	0.230769
0.117647	0.176471	0.0588235	0.235294	0.117647	0.176471	0.117647
0.00136426	0.0150068	0.0122783	0.124147	0.00545703	0.840382	0.00136426
0.290323	0.0322581	0.0322581	0.193548	0.354839	0.0322581	0.0645161
0.517241	0.103448	0.103448	0.0344828	0.0689655	0.137931	0.0344828
0.114754	0.42623	0.147541	0.0163934	0.180328	0.0983607	0.0163934
0.31746	0.015873	0.111111	0.285714	0.0634921	0.047619	0.15873
0.351351	0.243243	0.0810811	0.171171	0.0540541	0.0900901	0.00900901
0.116667	0.00555556	0.00555556	0.177778	0.0277778	0.655556	0.0111111
0.166667	0.0555556	0.111111	0.0555556	0.388889	0.0555556	0.166667
0.178571	0.0357143	0.0714286	0.142857	0.5	0.0357143	0.0357143
0.230769	0.230769	0.138462	0.0923077	0.0461538	0.0923077	0.169231
0.0362117	0.155989	0.537604	0.0167131	0.233983	0.0167131	0.00278552
0.241758	0.032967	0.032967	0.527473	0.032967	0.10989	0.021978
0.130435	0.0652174	0.0108696	0.576087	0.0652174	0.130435	0.0217391
0.25	0.1	0.15	0.05	0.05	0.35	0.05
0.0294118	0.441176	0.132353	0.235294	0.132353	0.0147059	0.0147059
0.320197	0.0689655	0.046798	0.110837	0.0541872	0.391626	0.00738916
0.00512821	0.0102564	0.0307692	0.00512821	0.0153846	0.0615385	0.871795
0.0571429	0.342857	0.0571429	0.314286	0.0857143	0.0857143	0.0571429
0.0679012	0.0123457	0.580247	0.197531	0.117284	0.0185185	0.00617284
0.388889	0.0555556	0.0555556	0.333333	0.0555556	0.0833333	0.0277778
0.882591	0.0323887	0.00809717	0.0404858	0.00809717	0.00404858	0.0242915
0.607843	0.0196078	0.0784314	0.235294	0.0196078	0.0196078	0.0196078
0.03125	0.125	0.03125	0.0625	0.65625	0.0625	0.03125
0.0931174	0.0121457	0.0688259	0.299595	0.202429	0.00809717	0.315789
0.0108696	0.0108696	0.076087	0.0978261	0.782609	0.0108696	0.0108696
0.538462	0.0384615	0.0769231	0.0384615	0.0384615	0.192308	0.0769231
0.47619	0.0238095	0.142857	0.047619	0.0714286	0.190476	0.047619
0.133333	0.0133333	0.0133333	0.546667	0.04	0.226667	0.0266667
0.0714286	0.0142857	0.0714286	0.357143	0.0571429	0.4	0.0285714
0.0740741	0.222222	0.037037	0.111111	0.185185	0.111111	0.259259
0.25	0.409091	0.0227273	0.204545	0.0454545	0.0454545	0.0227273
0.178571	0.0714286	0.0357143	0.285714	0.0357143	0.0357143	0.357143
0.3	0.04	0.02	0.44	0.02	0.16	0.02
0.0454545	0.0454545	0.295455	0.0681818	0.431818	0.0909091	0.0227273
0.00990099	0.653465	0.0594059	0.178218	0.00990099	0.039604	0.049505
0.113636	0.0227273	0.204545	0.181818	0.340909	0.0454545	0.0909091
0.0571429	0.257143	0.0857143	0.314286	0.0285714	0.0571429	0.2
0.12766	0.0212766	0.12766	0.0425532	0.595745	0.0425532	0.0425532
0.0277778	0.0833333	0.111111	0.166667	0.5	0.0555556	0.0555556
0.189189	0.0540541	0.0135135	0.243243	0.108108	0.0945946	0.297297
0.375	0.125	0.104167	0.145833	0.0208333	0.0208333	0.208333
0.0357143	0.0357143	0.142857	0.142857	0.571429	0.0357143	0.0357143
0.4375	0.0625	0.0625	0.125	0.1875	0.0625	0.0625
0.428571	0.142857	0.0952381	0.0952381	0.047619	0.047619	0.142857
0.44	0.12	0.04	0.04	0.2	0.12	0.04
0.223602	0.0186335	0.0310559	0.254658	0.0124224	0.453416	0.00621118
0.763636	0.0545455	0.0545455	0.0727273	0.0181818	0.0181818	0.0181818
0.169492	0.0338983	0.0677966	0.220339	0.0508475	0.0338983	0.423729
0.391304	0.0434783	0.217391	0.0434783	0.217391	0.0434783	0.0434783
0.184615	0.107692	0.0307692	0.415385	0.0153846	0.215385	0.0307692
0.0909091	0.272727	0.181818	0.0909091	0.0909091	0.227273	0.0454545
0.125	0.0625	0.125	0.3125	0.125	0.0625	0.1875
0.0217391	0.0217391	0.0869565	0.217391	0.0434783	0.0652174	0.543478
0.257576	0.0909091	0.136364	0.272727	0.136364	0.0909091	0.0151515
0.0555556	0.0277778	0.222222	0.138889	0.111111	0.0833333	0.361111
0.0909091	0.181818	0.0909091	0.0909091	0.0909091	0.272727	0.181818
0.142857	0.142857	0.142857	0.142857	0.142857	0.142857	0.142857
0.0625	0.0625	0.0625	0.125	0.125	0.0625	0.5
0.142857	0.142857	0.142857	0.142857	0.142857	0.142857	0.142857
0.0930233	0.0465116	0.116279	0.186047	0.488372	0.0465116	0.0232558
0.113636	0.136364	0.181818	0.0227273	0.227273	0.0454545	0.272727
0.222222	0.111111	0.037037	0.111111	0.333333	0.111111	0.0740741
0.0940171	0.0982906	0.0042735	0.290598	0.00854701	0.495726	0.00854701
0.47619	0.015873	0.015873	0.365079	0.0793651	0.031746	0.015873
0.214286	0.190476	0.0238095	0.333333	0.0714286	0.142857	0.0238095
0.0851064	0.0212766	0.12766	0.0638298	0.531915	0.0212766	0.148936
0.0204082	0.0204082	0.0204082	0.183673	0.0204082	0.72449	0.0102041
0.380952	0.047619	0.0952381	0.285714	0.047619	0.047619	0.0952381
0.0769231	0.0461538	0.0230769	0.230769	0.0307692	0.576923	0.0153846
0.0714286	0.142857	0.285714	0.142857	0.214286	0.0714286	0.0714286
0.157895	0.210526	0.0526316	0.315789	0.157895	0.0526316	0.0526316
0.133333	0.0666667	0.133333	0.266667	0.0666667	0.133333	0.2
0.80602	0.0468227	0.0234114	0.100334	0.0100334	0.0100334	0.00334448
0.0790722	0.053242	0.0906695	0.0859251	0.668424	0.00948867	0.0131787
0.0666667	0.0666667	0.2	0.0666667	0.2	0.133333	0.266667
0.575	0.075	0.00833333	0.175	0.0333333	0.116667	0.0166667
0.132075	0.0188679	0.0943396	0.301887	0.0188679	0.0377358	0.396226
0.0657895	0.0460526	0.120614	0.14693	0.592105	0.0219298	0.00657895
0.411765	0.0588235	0.117647	0.0588235	0.117647	0.176471	0.0588235
0.0211835	0.032466	0.00667741	0.835137	0.00690767	0.0964771	0.00115128
0.133333	0.2	0.0333333	0.233333	0.3	0.0333333	0.0666667
0.272727	0.121212	0.242424	0.0606061	0.030303	0.181818	0.0909091
0.230769	0.307692	0.0769231	0.153846	0.0384615	0.0769231	0.115385
0.201183	0.0295858	0.00591716	0.319527	0.035503	0.402367	0.00591716
0.172414	0.103448	0.0517241	0.137931	0.5	0.0172414	0.0172414
0.0294118	0.0588235	0.0588235	0.0882353	0.676471	0.0294118	0.0588235
0.0833333	0.0833333	0.125	0.166667	0.458333	0.0416667	0.0416667
0.131579	0.0526316	0.315789	0.0263158	0.157895	0.0263158	0.289474
0.04	0.08	0.04	0.48	0.08	0.08	0.2
0.0547945	0.116438	0.123288	0.0821918	0.0273973	0.589041	0.00684932
0.0526316	0.0526316	0.0263158	0.605263	0.105263	0.0789474	0.0789474
0.0888889	0.0222222	0.0666667	0.533333	0.0222222	0.0666667	0.2
0.106383	0.170213	0.132979	0.138298	0.0904255	0.00531915	0.356383
0.31746	0.0634921	0.015873	0.015873	0.52381	0.047619	0.015873
0.575342	0.0136986	0.0273973	0.150685	0.136986	0.0821918	0.0136986
0.178571	0.357143	0.0357143	0.25	0.0714286	0.0714286	0.0357143
0.0930233	0.145349	0.502907	0.101744	0.0581395	0.0436047	0.0552326
0.122137	0.0381679	0.0687023	0.0839695	0.656489	0.00763359	0.0229008
0.108059	0.0695971	0.0201465	0.60989	0.00732601	0.173993	0.010989
0.105263	0.0526316	0.0526316	0.105263	0.578947	0.0526316	0.0526316
0.0517241	0.0172414	0.0344828	0.491379	0.181034	0.00862069	0.215517
0.26	0.02	0.18	0.26	0.04	0.02	0.22
0.0638298	0.148936	0.0212766	0.170213	0.489362	0.0425532	0.0638298
0.241071	0.0267857	0.0357143	0.428571	0.0178571	0.205357	0.0446429
0.179487	0.0615385	0.0871795	0.0358974	0.112821	0.0153846	0.507692
0.486486	0.0540541	0.027027	0.216216	0.0810811	0.0540541	0.0810811
0.172414	0.0517241	0.0344828	0.206897	0.0862069	0.0344828	0.413793
0.137931	0.275862	0.103448	0.137931	0.0344828	0.241379	0.0689655
0.00980392	0.0147059	0.897059	0.00980392	0.0294118	0.0343137	0.00490196
0.166667	0.125	0.0416667	0.354167	0.0208333	0.270833	0.0208333
0.363636	0.0909091	0.0909091	0.0909091	0.0909091	0.0909091	0.181818
0.277778	0.138889	0.00694444	0.361111	0.0902778	0.0833333	0.0416667
0.138889	0.0555556	0.0555556	0.111111	0.583333	0.0277778	0.0277778
0.142857	0.142857	0.142857	0.142857	0.142857	0.142857	0.142857
0.0952381	0.0952381	0.142857	0.047619	0.380952	0.142857	0.0952381
0.272727	0.0909091	0.0909091	0.272727	0.0909091	0.0909091	0.0909091
0.111111	0.111111	0.222222	0.111111	0.111111	0.111111	0.222222
0.185185	0.0740741	0.0740741	0.148148	0.444444	0.037037	0.037037
0.047619	0.190476	0.0952381	0.142857	0.380952	0.047619	0.0952381
0.219512	0.0243902	0.121951	0.487805	0.0243902	0.0487805	0.0731707
0.325	0.425	0.0875	0.05	0.05	0.0375	0.025
0.319672	0.0409836	0.295082	0.147541	0.122951	0.0409836	0.0327869
0.141593	0.0235988	0.0147493	0.280236	0.00884956	0.528024	0.00294985
0.0833333	0.0555556	0.0555556	0.0555556	0.611111	0.0555556	0.0833333
0.215517	0.12069	0.0258621	0.301724	0.0344828	0.0258621	0.275862
0.1875	0.0625	0.0625	0.4375	0.125	0.0625	0.0625
0.047619	0.047619	0.047619	0.0952381	0.666667	0.047619	0.047619
0.0909091	0.136364	0.136364	0.363636	0.0454545	0.0454545	0.181818
0.0634921	0.0952381	0.190476	0.126984	0.460317	0.047619	0.015873
0.105263	0.0526316	0.263158	0.105263	0.157895	0.263158	0.0526316
0.121212	0.121212	0.020202	0.242424	0.010101	0.464646	0.020202
0.3	0.1	0.1	0.1	0.1	0.2	0.1
0.263158	0.105263	0.0526316	0.210526	0.0526316	0.157895	0.157895
0.173913	0.0434783	0.26087	0.217391	0.0434783	0.0869565	0.173913
0.1875	0.0625	0.125	0.125	0.3125	0.0625	0.125
0.195652	0.0652174	0.0217391	0.5	0.130435	0.0434783	0.0434783
0.1	0.0625	0.325	0.0875	0.3	0.1	0.025
0.142857	0.142857	0.142857	0.142857	0.142857	0.142857	0.142857
0.113636	0.0568182	0.102273	0.136364	0.511364	0.0227273	0.0568182
0.132616	0.569892	0.0215054	0.229391	0.0215054	0.0107527	0.0143369
0.0857143	0.0571429	0.0857143	0.228571	0.285714	0.0285714	0.228571
0.385321	0.0550459	0.0458716	0.220183	0.0275229	0.238532	0.0275229
0.125	0.25	0.0416667	0.166667	0.166667	0.0833333	0.166667
0.107143	0.321429	0.0714286	0.25	0.178571	0.0357143	0.0357143
0.155844	0.0779221	0.0779221	0.116883	0.012987	0.532468	0.025974
0.0833333	0.25	0.0833333	0.166667	0.25	0.0833333	0.0833333
0.527473	0.0659341	0.010989	0.241758	0.010989	0.131868	0.010989
0.394737	0.0789474	0.0789474	0.210526	0.0263158	0.157895	0.0526316
0.135314	0.0891089	0.161716	0.148515	0.0660066	0.39604	0.00330033
0.35	0.025	0.2	0.15	0.175	0.075	0.025
0.150215	0.0407725	0.0128755	0.167382	0.0600858	0.566524	0.00214592
0.129032	0.0752688	0.0430108	0.182796	0.516129	0.0322581	0.0215054
0.25	0.418478	0.0706522	0.0923913	0.0326087	0.0597826	0.076087
0.0526316	0.0935673	0.0175439	0.274854	0.0116959	0.520468	0.0292398
0.47619	0.0952381	0.047619	0.047619	0.0952381	0.142857	0.0952381
0.0909091	0.0909091	0.0909091	0.0909091	0.0909091	0.363636	0.181818
0.142857	0.0549451	0.10989	0.131868	0.428571	0.120879	0.010989
0.38764	0.0786517	0.0505618	0.269663	0.0730337	0.0280899	0.11236
0.0795404	0.044631	0.726469	0.040654	0.0782148	0.0172338	0.0132567
0.21875	0.520833	0.0416667	0.0520833	0.0104167	0.135417	0.0208333
0.413333	0.333333	0.0933333	0.0933333	0.0133333	0.0266667	0.0266667
0.265734	0.048951	0.111888	0.167832	0.363636	0.027972	0.013986
0.1	0.3	0.1	0.2	0.1	0.1	0.1
0.03125	0.125	0.0625	0.5	0.0625	0.125	0.09375
0.138889	0.111111	0.333333	0.25	0.0555556	0.0833333	0.0277778
0.131148	0.557377	0.0327869	0.147541	0.0163934	0.0819672	0.0327869
0.150289	0.0404624	0.017341	0.283237	0.0231214	0.479769	0.00578035
0.047619	0.047619	0.047619	0.142857	0.571429	0.047619	0.0952381
0.0738636	0.0511364	0.193182	0.181818	0.289773	0.00568182	0.204545
0.391304	0.0869565	0.130435	0.0434783	0.0869565	0.173913	0.0869565
0.113924	0.0506329	0.0379747	0.556962	0.0379747	0.164557	0.0379747
0.05	0.1	0.05	0.5	0.05	0.2	0.05
0.0357143	0.0178571	0.0535714	0.267857	0.589286	0.0178571	0.0178571
0.293103	0.0689655	0.0172414	0.465517	0.0172414	0.12069	0.0172414
0.162162	0.0675676	0.5	0.148649	0.027027	0.0135135	0.0810811
0.25	0.0119048	0.0119048	0.238095	0.0238095	0.452381	0.0119048
0.22449	0.0408163	0.163265	0.183673	0.244898	0.0204082	0.122449
0.25	0.0416667	0.0416667	0.0416667	0.416667	0.0416667	0.166667
0.0196078	0.0980392	0.0392157	0.215686	0.27451	0.0588235	0.294118
0.155556	0.155556	0.0666667	0.377778	0.2	0.0222222	0.0222222
0.166667	0.583333	0.0416667	0.0833333	0.0208333	0.0208333	0.0833333
0.166667	0.138889	0.388889	0.0277778	0.194444	0.0555556	0.0277778
0.240741	0.0185185	0.0185185	0.333333	0.0555556	0.0555556	0.277778
0.00333333	0.0488889	0.0333333	0.246667	0.00111111	0.643333	0.0233333
0.119048	0.507937	0.031746	0.238095	0.0396825	0.0396825	0.0238095
0.103448	0.103448	0.264368	0.172414	0.183908	0.16092	0.0114943
0.0217391	0.0434783	0.0652174	0.282609	0.5	0.0217391	0.0652174
0.1875	0.0625	0.0625	0.25	0.125	0.125	0.1875
0.0769231	0.153846	0.153846	0.153846	0.0769231	0.0769231	0.307692
0.163522	0.0345912	0.481132	0.216981	0.0534591	0.0314465	0.0188679
0.255937	0.060686	0.0237467	0.477573	0.0474934	0.121372	0.0131926
0.289157	0.0240964	0.0361446	0.204819	0.0361446	0.39759	0.0120482
0.296296	0.037037	0.111111	0.222222	0.148148	0.037037	0.148148
0.0769231	0.0512821	0.025641	0.25641	0.0512821	0.512821	0.025641
0.112782	0.0977444	0.120301	0.413534	0.0075188	0.240602	0.0075188
0.244898	0.0612245	0.22449	0.0204082	0.265306	0.122449	0.0612245
0.0444444	0.0666667	0.0666667	0.0222222	0.644444	0.0666667	0.0888889
0.166667	0.166667	0.0740741	0.388889	0.111111	0.0185185	0.0740741
0.0454545	0.159091	0.0454545	0.181818	0.522727	0.0227273	0.0227273
0.0555556	0.138889	0.305556	0.333333	0.0833333	0.0277778	0.0555556
0.209302	0.0232558	0.0232558	0.186047	0.511628	0.0232558	0.0232558
0.117647	0.147059	0.117647	0.382353	0.147059	0.0588235	0.0294118
0.333333	0.0909091	0.0909091	0.333333	0.030303	0.030303	0.0909091
0.0456026	0.436482	0.0228013	0.37785	0.0814332	0.00651466	0.029316
0.136364	0.0227273	0.0909091	0.340909	0.0681818	0.0227273	0.318182
0.276596	0.276596	0.0212766	0.276596	0.0212766	0.0851064	0.0425532
0.153846	0.0769231	0.0769231	0.230769	0.153846	0.153846	0.153846
0.0227273	0.0227273	0.0227273	0.545455	0.0227273	0.25	0.113636
0.0625	0.1875	0.5	0.0625	0.0625	0.0625	0.0625
0.393939	0.030303	0.030303	0.121212	0.272727	0.0909091	0.0606061
0.113712	0.110368	0.0167224	0.461538	0.100334	0.183946	0.0133779
0.31746	0.126984	0.015873	0.0793651	0.349206	0.015873	0.0952381
0.0930233	0.0930233	0.0465116	0.534884	0.0697674	0.0232558	0.139535
0.0172414	0.0172414	0.0172414	0.0862069	0.775862	0.0172414	0.0689655
0.146341	0.0487805	0.162602	0.0731707	0.512195	0.0162602	0.0406504
0.107143	0.178571	0.0357143	0.321429	0.285714	0.0357143	0.0357143
0.111111	0.010101	0.515152	0.030303	0.252525	0.040404	0.040404
0.218182	0.345455	0.0363636	0.290909	0.0363636	0.0181818	0.0545455
0.125	0.0178571	0.446429	0.0178571	0.267857	0.0357143	0.0892857
0.148148	0.0740741	0.037037	0.555556	0.037037	0.037037	0.111111
0.0333333	0.0333333	0.0333333	0.0666667	0.6	0.0333333	0.2
0.205128	0.179487	0.487179	0.0705128	0.0320513	0.0192308	0.00641026
0.0714286	0.142857	0.214286	0.0714286	0.285714	0.0714286	0.142857
0.144737	0.0131579	0.0394737	0.0263158	0.710526	0.0394737	0.0263158
0.0762712	0.00847458	0.0423729	0.305085	0.550847	0.00847458	0.00847458
0.391304	0.0869565	0.217391	0.173913	0.0434783	0.0434783	0.0434783
0.0571429	0.114286	0.0857143	0.571429	0.0571429	0.0285714	0.0857143
0.115942	0.0144928	0.0869565	0.347826	0.0434783	0.0289855	0.362319
0.172414	0.0689655	0.103448	0.103448	0.482759	0.0344828	0.0344828
0.794118	0.00980392	0.0196078	0.107843	0.00980392	0.0196078	0.0392157
0.0754717	0.490566	0.0754717	0.169811	0.132075	0.0188679	0.0377358
0.0238095	0.0238095	0.0714286	0.0238095	0.761905	0.047619	0.047619
0.0784314	0.470588	0.0392157	0.196078	0.0784314	0.117647	0.0196078
0.142857	0.666667	0.031746	0.0952381	0.015873	0.031746	0.015873
0.530864	0.037037	0.111111	0.234568	0.0493827	0.0185185	0.0185185
0.111111	0.037037	0.037037	0.0740741	0.592593	0.0740741	0.0740741
0.0666667	0.1	0.0666667	0.0666667	0.566667	0.1	0.0333333
0.125	0.166667	0.0833333	0.333333	0.125	0.125	0.0416667
0.0333333	0.0666667	0.0666667	0.0666667	0.7	0.0333333	0.0333333
0.0484848	0.724242	0.0515152	0.136364	0.0242424	0.0121212	0.0030303
0.555556	0.0833333	0.125	0.0833333	0.0555556	0.0277778	0.0694444
0.0689655	0.586207	0.0689655	0.172414	0.0344828	0.0344828	0.0344828
0.136364	0.227273	0.0454545	0.0909091	0.136364	0.272727	0.0909091
0.142857	0.394958	0.0420168	0.260504	0.12605	0.0168067	0.0168067
0.346154	0.0769231	0.0769231	0.153846	0.0384615	0.192308	0.115385
0.142857	0.142857	0.142857	0.142857	0.142857	0.142857	0.142857
0.0181818	0.0181818	0.0181818	0.0181818	0.872727	0.0363636	0.0181818
0.285714	0.166667	0.047619	0.357143	0.0238095	0.0714286	0.047619
0.272727	0.136364	0.136364	0.181818	0.0909091	0.0454545	0.136364
0.142857	0.142857	0.142857	0.142857	0.142857	0.142857	0.142857
0.0625	0.00892857	0.0446429	0.151786	0.633929	0.0803571	0.0178571
0.291667	0.0416667	0.0416667	0.291667	0.0833333	0.125	0.125
0.0819672	0.180328	0.114754	0.491803	0.0163934	0.0327869	0.0819672
0.0930233	0.0465116	0.0232558	0.186047	0.255814	0.0232558	0.372093
0.111111	0.0555556	0.0972222	0.111111	0.583333	0.0277778	0.0138889
0.225806	0.0645161	0.0645161	0.354839	0.193548	0.0645161	0.0322581
0.111111	0.0833333	0.0277778	0.0555556	0.527778	0.0277778	0.166667
0.0416667	0.0416667	0.166667	0.0416667	0.541667	0.0416667	0.125
0.0909091	0.0641711	0.0320856	0.165775	0.625668	0.0160428	0.00534759
0.434783	0.0434783	0.0434783	0.217391	0.0434783	0.173913	0.0434783
0.4	0.0666667	0.0444444	0.2	0.0888889	0.111111	0.0888889
0.268657	0.0298507	0.477612	0.119403	0.0149254	0.0447761	0.0447761
0.319149	0.106383	0.170213	0.0638298	0.106383	0.212766	0.0212766
0.2	0.1	0.1	0.3	0.1	0.1	0.1
0.2	0.0333333	0.0666667	0.3	0.1	0.266667	0.0333333
0.0277778	0.194444	0.388889	0.166667	0.166667	0.0277778	0.0277778
0.588235	0.0441176	0.0735294	0.0735294	0.161765	0.0441176	0.0147059
0.407407	0.111111	0.0740741	0.0740741	0.037037	0.185185	0.111111
0.25	0.291667	0.125	0.166667	0.0416667	0.0833333	0.0416667
0.238095	0.0952381	0.047619	0.333333	0.047619	0.190476	0.047619
0.113636	0.227273	0.227273	0.0909091	0.227273	0.0909091	0.0227273
0.4375	0.03125	0.0625	0.25	0.0625	0.09375	0.0625
0.142857	0.214286	0.0714286	0.0714286	0.214286	0.0714286	0.214286
0.0833333	0.0416667	0.0833333	0.125	0.583333	0.0416667	0.0416667
0.107692	0.0153846	0.0153846	0.184615	0.630769	0.0153846	0.0307692
0.164179	0.0597015	0.0149254	0.208955	0.507463	0.0149254	0.0298507
0.221239	0.0265487	0.079646	0.371681	0.0176991	0.0707965	0.212389
0.229167	0.3125	0.0208333	0.104167	0.270833	0.0416667	0.0208333
0.0634921	0.190476	0.031746	0.253968	0.015873	0.428571	0.015873
0.350427	0.0769231	0.0854701	0.17094	0.162393	0.0598291	0.0940171
0.0846995	0.0327869	0.0218579	0.120219	0.00546448	0.718579	0.0163934
0.0526316	0.0526316	0.0526316	0.157895	0.578947	0.0526316	0.0526316
0.05	0.2	0.1	0.45	0.05	0.05	0.1
0.142857	0.0714286	0.0714286	0.214286	0.0714286	0.285714	0.142857
0.0952381	0.0238095	0.047619	0.0714286	0.642857	0.047619	0.0714286
0.26087	0.0434783	0.0869565	0.130435	0.347826	0.0434783	0.0869565
0.138889	0.0277778	0.0833333	0.0555556	0.472222	0.138889	0.0833333
0.097561	0.097561	0.0487805	0.414634	0.097561	0.146341	0.097561
0.0322581	0.0967742	0.0967742	0.451613	0.0322581	0.258065	0.0322581
0.482993	0.0340136	0.047619	0.197279	0.0272109	0.204082	0.00680272
0.48913	0.0652174	0.0326087	0.293478	0.0326087	0.0652174	0.0217391
0.166667	0.0833333	0.0833333	0.416667	0.0833333	0.0833333	0.0833333
0.0238095	0.0238095	0.142857	0.5	0.142857	0.0952381	0.0714286
0.222222	0.138889	0.0555556	0.0555556	0.472222	0.0277778	0.0277778
0.533333	0.15	0.0166667	0.15	0.0166667	0.116667	0.0166667
0.252525	0.040404	0.0505051	0.030303	0.515152	0.040404	0.0707071
0.0833333	0.138889	0.0555556	0.0555556	0.527778	0.0833333	0.0555556
0.339041	0.417808	0.0616438	0.119863	0.0171233	0.0376712	0.00684932
0.0512821	0.025641	0.145299	0.042735	0.675214	0.034188	0.025641
0.03125	0.03125	0.03125	0.15625	0.625	0.0625	0.0625
0.173333	0.0133333	0.0666667	0.413333	0.0266667	0.293333	0.0133333
0.0727273	0.0181818	0.0545455	0.0727273	0.709091	0.0545455	0.0181818
0.0588235	0.0588235	0.0294118	0.0294118	0.735294	0.0588235	0.0294118
0.0689655	0.0344828	0.103448	0.0689655	0.586207	0.0689655	0.0689655
0.0566038	0.132075	0.433962	0.226415	0.0377358	0.0754717	0.0377358
0.02	0.02	0.04	0.06	0.8	0.02	0.04
0.0952381	0.0952381	0.142857	0.190476	0.380952	0.047619	0.047619
0.025	0.05	0.075	0.075	0.675	0.025	0.075
0.0631579	0.0315789	0.178947	0.326316	0.115789	0.178947	0.105263
0.203704	0.0185185	0.0185185	0.5	0.037037	0.185185	0.037037
0.0833333	0.116667	0.133333	0.0333333	0.566667	0.05	0.0166667
0.176471	0.0294118	0.0588235	0.352941	0.294118	0.0588235	0.0294118
0.142857	0.142857	0.142857	0.142857	0.142857	0.142857	0.142857
0.733333	0.0333333	0.0333333	0.144444	0.0333333	0.0111111	0.0111111
0.0909091	0.0454545	0.0454545	0.136364	0.318182	0.136364	0.227273
0.0196078	0.0980392	0.0196078	0.0588235	0.431373	0.0196078	0.352941
0.302326	0.0232558	0.139535	0.348837	0.0232558	0.139535	0.0232558
0.114286	0.0428571	0.0142857	0.128571	0.642857	0.0285714	0.0285714
0.190141	0.084507	0.0492958	0.535211	0.0422535	0.0774648	0.0211268
0.102679	0.107143	0.0982143	0.129464	0.00446429	0.549107	0.00892857
0.693182	0.00568182	0.113636	0.0170455	0.0965909	0.0170455	0.0568182
0.056338	0.084507	0.338028	0.084507	0.225352	0.0140845	0.197183
0.04	0.2	0.04	0.04	0.4	0.08	0.2
0.0909091	0.0909091	0.0909091	0.181818	0.0909091	0.363636	0.0909091
0.0731707	0.0731707	0.219512	0.0243902	0.536585	0.0243902	0.0487805
0.109091	0.290909	0.109091	0.0545455	0.381818	0.0363636	0.0181818
0.140845	0.140845	0.112676	0.422535	0.15493	0.0140845	0.0140845
0.105263	0.0263158	0.421053	0.210526	0.184211	0.0263158	0.0263158
0.137931	0.137931	0.0344828	0.137931	0.275862	0.0344828	0.241379
0.128205	0.0769231	0.025641	0.0512821	0.615385	0.025641	0.0769231
0.205882	0.147059	0.117647	0.264706	0.0882353	0.147059	0.0294118
0.175439	0.0175439	0.140351	0.0526316	0.350877	0.0877193	0.175439
0.0350877	0.105263	0.0350877	0.0350877	0.701754	0.0526316	0.0350877
0.322581	0.193548	0.129032	0.129032	0.16129	0.0322581	0.0322581
0.115385	0.0384615	0.0384615	0.153846	0.538462	0.0384615	0.0769231
0.0869565	0.0652174	0.0652174	0.369565	0.369565	0.0217391	0.0217391
0.1	0.117647	0.194118	0.0647059	0.205882	0.0235294	0.294118
0.19697	0.0606061	0.0151515	0.606061	0.030303	0.0757576	0.0151515
0.21875	0.09375	0.0625	0.21875	0.125	0.25	0.03125
0.0909091	0.0363636	0.0909091	0.0181818	0.709091	0.0363636	0.0181818
0.172414	0.0689655	0.0689655	0.310345	0.0344828	0.0344828	0.310345
0.388889	0.0555556	0.0555556	0.111111	0.111111	0.222222	0.0555556
0.130952	0.0119048	0.0119048	0.47619	0.0119048	0.0238095	0.333333
0.251969	0.015748	0.0393701	0.259843	0.0275591	0.393701	0.011811
0.3125	0.25	0.125	0.0625	0.0625	0.0625	0.125
0.0714286	0.0642857	0.00714286	0.121429	0.0214286	0.357143	0.357143
0.194444	0.0277778	0.0277778	0.0833333	0.416667	0.0555556	0.194444
0.151163	0.0232558	0.0232558	0.453488	0.232558	0.104651	0.0116279
0.117647	0.0588235	0.117647	0.294118	0.294118	0.0588235	0.0588235
0.0833333	0.0416667	0.125	0.291667	0.0833333	0.291667	0.0833333
0.373134	0.0447761	0.0447761	0.253731	0.0447761	0.223881	0.0149254
0.33871	0.112903	0.129032	0.177419	0.0645161	0.0645161	0.112903
0.142857	0.142857	0.142857	0.142857	0.142857	0.142857	0.142857
0.047619	0.0952381	0.142857	0.190476	0.428571	0.0238095	0.0714286
0.1	0.0833333	0.0333333	0.316667	0.0333333	0.4	0.0333333
0.179487	0.025641	0.025641	0.461538	0.025641	0.230769	0.0512821
0.047619	0.190476	0.0952381	0.285714	0.0952381	0.047619	0.238095
0.574413	0.0104439	0.0339426	0.16188	0.0104439	0.159269	0.0496084
0.173913	0.0869565	0.130435	0.391304	0.0869565	0.0869565	0.0434783
0.192982	0.0175439	0.0877193	0.0175439	0.526316	0.105263	0.0526316
0.142857	0.0857143	0.0285714	0.6	0.0571429	0.0571429	0.0285714
0.235294	0.0588235	0.0588235	0.117647	0.352941	0.0588235	0.117647
0.1	0.24	0.1	0.36	0.08	0.04	0.08
0.190476	0.0238095	0.52381	0.0952381	0.047619	0.0714286	0.047619
0.122449	0.0408163	0.0816327	0.632653	0.0408163	0.0408163	0.0408163
0.137255	0.0980392	0.0196078	0.607843	0.0784314	0.0392157	0.0196078
0.0777202	0.0958549	0.0362694	0.181347	0.11399	0.0181347	0.476684
0.621622	0.189189	0.027027	0.0540541	0.027027	0.027027	0.0540541
0.00826446	0.0413223	0.0578512	0.18595	0.00826446	0.570248	0.128099
0.0769231	0.0769231	0.0769231	0.0769231	0.461538	0.0384615	0.192308
0.0487106	0.0229226	0.0659026	0.100287	0.630372	0.111748	0.0200573
0.0416667	0.0416667	0.0833333	0.0833333	0.666667	0.0416667	0.0416667
0.0485997	0.727348	0.100494	0.0712521	0.0111203	0.0403624	0.000823723
0.0428571	0.785714	0.0428571	0.0571429	0.0142857	0.0285714	0.0285714
0.318182	0.0113636	0.136364	0.431818	0.0454545	0.0227273	0.0340909
0.166667	0.125	0.125	0.333333	0.125	0.0833333	0.0416667
0.603175	0.047619	0.0793651	0.190476	0.015873	0.047619	0.015873
0.467153	0.0656934	0.0182482	0.160584	0.0291971	0.25365	0.00547445
0.0322581	0.0322581	0.0322581	0.0322581	0.774194	0.0322581	0.0645161
0.129032	0.0322581	0.0645161	0.387097	0.0645161	0.290323	0.0322581
0.333333	0.047619	0.0238095	0.166667	0.0952381	0.285714	0.047619
0.0444444	0.0888889	0.0222222	0.111111	0.644444	0.0666667	0.0222222
0.1625	0.025	0.025	0.4125	0.025	0.0375	0.3125
0.581818	0.109091	0.109091	0.127273	0.0363636	0.0181818	0.0181818
0.0326087	0.0543478	0.0298913	0.26087	0.0326087	0.565217	0.0244565
0.681818	0.0454545	0.0454545	0.0454545	0.0454545	0.0454545	0.0909091
0.25	0.166667	0.166667	0.166667	0.0833333	0.0833333	0.0833333
0.281481	0.0148148	0.00740741	0.222222	0.0148148	0.451852	0.00740741
0.0357143	0.178571	0.0714286	0.25	0.0714286	0.321429	0.0714286
0.3	0.1	0.1	0.1	0.1	0.1	0.2
0.409091	0.0363636	0.00909091	0.345455	0.1	0.0545455	0.0454545
0.0555556	0.0555556	0.0555556	0.333333	0.111111	0.361111	0.0277778
0.162162	0.0540541	0.486486	0.0810811	0.108108	0.0540541	0.0540541
0.142857	0.0714286	0.0238095	0.285714	0.404762	0.0238095	0.047619
0.0909091	0.0454545	0.0227273	0.204545	0.159091	0.0681818	0.409091
0.25	0.25	0.0833333	0.0833333	0.166667	0.0833333	0.0833333
0.166667	0.166667	0.166667	0.0555556	0.333333	0.0555556	0.0555556
0.142857	0.0714286	0.142857	0.357143	0.142857	0.0714286	0.0714286
0.188119	0.128713	0.108911	0.336634	0.0891089	0.0693069	0.0792079
0.18	0.4	0.08	0.24	0.04	0.04	0.02
0.0519481	0.012987	0.311688	0.181818	0.207792	0.116883	0.116883
0.0327869	0.042623	0.744262	0.0721311	0.00327869	0.101639	0.00327869
0.0222222	0.0222222	0.0888889	0.0444444	0.688889	0.0444444	0.0888889
0.460674	0.0449438	0.0337079	0.0898876	0.0449438	0.314607	0.011236
0.74359	0.102564	0.025641	0.025641	0.025641	0.0512821	0.025641
0.178295	0.0775194	0.410853	0.178295	0.0387597	0.0620155	0.0542636
0.788462	0.00961538	0.0288462	0.0961538	0.00961538	0.0576923	0.00961538
0.238095	0.047619	0.047619	0.52381	0.047619	0.047619	0.047619
0.265306	0.0408163	0.0408163	0.489796	0.102041	0.0408163	0.0204082
0.0645161	0.0322581	0.0483871	0.129032	0.677419	0.0322581	0.016129
0.0471698	0.0943396	0.0471698	0.113208	0.669811	0.00943396	0.0188679
0.183673	0.0816327	0.0612245	0.387755	0.0204082	0.0204082	0.244898
0.24	0.02	0.02	0.04	0.6	0.04	0.04
0.211268	0.0140845	0.0704225	0.0657277	0.591549	0.0375587	0.00938967
0.0508475	0.0677966	0.0169492	0.0508475	0.762712	0.0338983	0.0169492
0.146341	0.146341	0.097561	0.341463	0.0731707	0.146341	0.0487805
0.08	0.06	0.2	0.5	0.02	0.1	0.04
0.851852	0.0493827	0.0246914	0.0246914	0.0246914	0.0123457	0.0123457
0.133333	0.2	0.0666667	0.133333	0.2	0.133333	0.133333
0.0625	0.1875	0.25	0.25	0.125	0.0625	0.0625
0.272727	0.0909091	0.0909091	0.0909091	0.272727	0.0909091	0.0909091
0.0588235	0.0882353	0.0588235	0.235294	0.0882353	0.441176	0.0294118
0.12	0.12	0.08	0.36	0.08	0.2	0.04
0.55	0.15	0.05	0.1	0.05	0.05	0.05
0.217391	0.405797	0.115942	0.188406	0.0434783	0.0144928	0.0144928
0.1	0.125	0.05	0.425	0.175	0.075	0.05
0.212121	0.030303	0.106061	0.166667	0.439394	0.0151515	0.030303
0.142857	0.0714286	0.428571	0.214286	0.0357143	0.0714286	0.0357143
0.0384615	0.0769231	0.307692	0.192308	0.230769	0.0384615	0.115385
0.0188679	0.0377358	0.377358	0.188679	0.283019	0.0566038	0.0377358
0.125	0.078125	0.15625	0.46875	0.015625	0.140625	0.015625
0.121622	0.0405405	0.0540541	0.175676	0.554054	0.027027	0.027027
0.016317	0.128205	0.60373	0.04662	0.153846	0.016317	0.034965
0.0731707	0.0731707	0.0487805	0.317073	0.341463	0.0243902	0.121951
0.0862069	0.310345	0.0862069	0.413793	0.0344828	0.0172414	0.0517241
0.136364	0.136364	0.363636	0.295455	0.0227273	0.0227273	0.0227273
0.5	0.125	0.125	0.1	0.025	0.1	0.025
0.0886076	0.0506329	0.101266	0.164557	0.455696	0.0253165	0.113924
0.147887	0.028169	0.119718	0.147887	0.21831	0.0422535	0.295775
0.178571	0.0357143	0.0357143	0.178571	0.0714286	0.428571	0.0714286
0.75625	0.0125	0.01875	0.15	0.00625	0.05	0.00625
0.108108	0.243243	0.0540541	0.513514	0.027027	0.027027	0.027027
0.1	0.1	0.15	0.25	0.275	0.025	0.1
0.0472973	0.0135135	0.0540541	0.0202703	0.844595	0.0135135	0.00675676
0.619048	0.047619	0.0952381	0.047619	0.0952381	0.047619	0.047619
0.111111	0.518519	0.0740741	0.185185	0.037037	0.037037	0.037037
0.0740741	0.185185	0.037037	0.0740741	0.555556	0.037037	0.037037
0.145161	0.0806452	0.322581	0.306452	0.016129	0.0806452	0.0483871
0.509434	0.0377358	0.0377358	0.0943396	0.226415	0.0754717	0.0188679
0.0952381	0.0952381	0.142857	0.380952	0.190476	0.047619	0.047619
0.166667	0.472222	0.0555556	0.138889	0.0555556	0.0555556	0.0555556
0.357143	0.0714286	0.0714286	0.214286	0.0714286	0.0714286	0.142857
0.444444	0.037037	0.037037	0.222222	0.185185	0.037037	0.037037
0.32	0.32	0.04	0.12	0.04	0.12	0.04
0.434783	0.0869565	0.0434783	0.0869565	0.217391	0.0869565	0.0434783
0.721519	0.151899	0.0126582	0.0126582	0.0253165	0.0379747	0.0379747
0.205128	0.128205	0.025641	0.358974	0.0769231	0.128205	0.0769231
0.288462	0.0576923	0.288462	0.0961538	0.211538	0.0192308	0.0384615
0.0775862	0.0603448	0.12931	0.284483	0.146552	0.0344828	0.267241
0.025	0.516667	0.0583333	0.266667	0.075	0.025	0.0333333
0.142857	0.0714286	0.142857	0.214286	0.142857	0.0714286	0.214286
0.179104	0.119403	0.0597015	0.223881	0.223881	0.0298507	0.164179
0.102041	0.265306	0.0612245	0.285714	0.0408163	0.142857	0.102041
0.5	0.0588235	0.0882353	0.117647	0.0294118	0.117647	0.0882353
0.125	0.125	0.0555556	0.263889	0.125	0.291667	0.0138889
0.206897	0.413793	0.0689655	0.172414	0.0689655	0.0344828	0.0344828
0.197531	0.17284	0.0617284	0.148148	0.0493827	0.0123457	0.358025
0.101266	0.341772	0.0126582	0.468354	0.0506329	0.0126582	0.0126582
0.0190476	0.0238095	0.885714	0.00952381	0.0285714	0.0285714	0.0047619
0.8	0.03	0.01	0.11	0.01	0.02	0.02
0.05	0.05	0.25	0.2	0.2	0.05	0.2
0.130435	0.0869565	0.0434783	0.0434783	0.608696	0.0434783	0.0434783
0.1	0.15	0.15	0.05	0.45	0.05	0.05
0.3	0.1	0.05	0.05	0.05	0.4	0.05
0.08	0.12	0.04	0.28	0.08	0.08	0.32
0.178571	0.107143	0.178571	0.142857	0.214286	0.107143	0.0714286
0.111111	0.0277778	0.0833333	0.472222	0.166667	0.0277778	0.111111
0.243243	0.135135	0.162162	0.162162	0.0135135	0.243243	0.0405405
0.150442	0.0442478	0.00884956	0.168142	0.566372	0.0353982	0.0265487
0.191489	0.0425532	0.0425532	0.255319	0.255319	0.0638298	0.148936
0.267857	0.0714286	0.0892857	0.339286	0.0357143	0.0178571	0.178571
0.125	0.125	0.25	0.125	0.125	0.125	0.125
0.12069	0.534483	0.0172414	0.137931	0.12069	0.0344828	0.0344828
0.12963	0.12963	0.0555556	0.222222	0.185185	0.0740741	0.203704
0.212121	0.030303	0.0909091	0.151515	0.242424	0.212121	0.0606061
0.0714286	0.0714286	0.214286	0.142857	0.285714	0.0714286	0.142857
0.0222222	0.0222222	0.0888889	0.0222222	0.8	0.0222222	0.0222222
0.0909091	0.227273	0.0909091	0.318182	0.0454545	0.0454545	0.181818
0.248731	0.116751	0.0177665	0.304569	0.0380711	0.263959	0.0101523
0.111111	0.388889	0.0555556	0.222222	0.0555556	0.0555556	0.111111
0.384615	0.0769231	0.0769231	0.230769	0.0769231	0.0769231	0.0769231
0.0571429	0.0285714	0.0857143	0.342857	0.4	0.0571429	0.0285714
0.25	0.05	0.05	0.3	0.1	0.05	0.2
0.40201	0.0351759	0.00502513	0.386935	0.0100503	0.155779	0.00502513
0.302469	0.037037	0.45679	0.0246914	0.0185185	0.148148	0.0123457
0.6	0.0857143	0.0857143	0.0571429	0.0285714	0.0285714	0.114286
0.190141	0.0352113	0.126761	0.394366	0.0633803	0.133803	0.056338
0.0273973	0.0273973	0.0136986	0.0821918	0.0273973	0.808219	0.0136986
0.111111	0.111111	0.222222	0.111111	0.222222	0.111111	0.111111
0.0520833	0.0208333	0.0104167	0.1875	0.0104167	0.708333	0.0104167
0.225	0.015	0.055	0.125	0.515	0.05	0.015
0.0810811	0.162162	0.351351	0.108108	0.162162	0.0810811	0.0540541
0.597561	0.0609756	0.0243902	0.231707	0.0487805	0.0121951	0.0243902
0.142857	0.142857	0.142857	0.142857	0.142857	0.142857	0.142857
0.296296	0.111111	0.037037	0.148148	0.148148	0.0740741	0.185185
0.135135	0.0540541	0.0135135	0.283784	0.0135135	0.0135135	0.486486
0.35	0.257143	0.0357143	0.185714	0.00714286	0.157143	0.00714286
0.375	0.208333	0.0416667	0.208333	0.0416667	0.0416667	0.0833333
0.047619	0.047619	0.0952381	0.0952381	0.047619	0.047619	0.619048
0.056338	0.084507	0.267606	0.15493	0.0704225	0.253521	0.112676
0.3	0.15	0.1	0.15	0.05	0.1	0.15
0.178571	0.214286	0.107143	0.357143	0.0714286	0.0357143	0.0357143
0.5	0.0769231	0.0769231	0.153846	0.0769231	0.0769231	0.0384615
0.2	0.1375	0.275	0.175	0.05	0.15	0.0125
0.340426	0.170213	0.0212766	0.234043	0.0851064	0.0638298	0.0851064
0.1	0.2	0.0333333	0.3	0.0333333	0.133333	0.2
0.338983	0.0847458	0.152542	0.152542	0.220339	0.0338983	0.0169492
0.132075	0.0566038	0.0754717	0.301887	0.132075	0.283019	0.0188679
0.25	0.0277778	0.194444	0.0555556	0.416667	0.0277778	0.0277778
0.111111	0.0555556	0.0555556	0.111111	0.444444	0.111111	0.111111
0.0526316	0.0526316	0.210526	0.263158	0.105263	0.263158	0.0526316
0.642857	0.0357143	0.0714286	0.0357143	0.0357143	0.0714286	0.107143
0.3	0.15	0.05	0.1	0.15	0.2	0.05
0.142857	0.142857	0.142857	0.142857	0.142857	0.142857	0.142857
0.114286	0.114286	0.0571429	0.0857143	0.542857	0.0285714	0.0571429
0.183099	0.267606	0.0704225	0.225352	0.056338	0.15493	0.0422535
0.0961538	0.153846	0.326923	0.0384615	0.326923	0.0384615	0.0192308
0.434783	0.130435	0.0434783	0.152174	0.152174	0.0434783	0.0434783
0.0895522	0.0746269	0.0597015	0.179104	0.208955	0.0149254	0.373134
0.037037	0.037037	0.0185185	0.425926	0.0185185	0.444444	0.0185185
0.282609	0.0869565	0.0217391	0.195652	0.0217391	0.347826	0.0434783
0.08	0.04	0.04	0.08	0.6	0.08	0.08
0.2	0.15	0.075	0.325	0.125	0.1	0.025
0.115385	0.0769231	0.0384615	0.615385	0.0384615	0.0384615	0.0769231
0.0125	0.125	0.15	0.1125	0.5625	0.025	0.0125
0.190476	0.047619	0.142857	0.428571	0.047619	0.047619	0.0952381
0.25	0.0263158	0.184211	0.0526316	0.315789	0.0526316	0.118421
0.0214286	0.0857143	0.0214286	0.664286	0.05	0.128571	0.0285714
0.211111	0.111111	0.1	0.2	0.0444444	0.0555556	0.277778
0.265823	0.0506329	0.113924	0.367089	0.0126582	0.177215	0.0126582
0.323529	0.0294118	0.264706	0.0294118	0.176471	0.147059	0.0294118
0.173184	0.240223	0.0111732	0.441341	0.0111732	0.117318	0.00558659
0.138889	0.0277778	0.0555556	0.319444	0.0694444	0.375	0.0138889
0.125	0.25	0.125	0.125	0.125	0.125	0.125
0.0588235	0.176471	0.117647	0.0588235	0.411765	0.0588235	0.117647
0.142857	0.142857	0.142857	0.142857	0.142857	0.142857	0.142857
0.25	0.00862069	0.00862069	0.560345	0.0689655	0.0948276	0.00862069
0.163043	0.0652174	0.0652174	0.608696	0.0108696	0.0652174	0.0217391
0.264706	0.0294118	0.0588235	0.470588	0.0294118	0.0294118	0.117647
0.0970149	0.164179	0.0223881	0.395522	0.0522388	0.0373134	0.231343
0.229885	0.183908	0.0344828	0.482759	0.0114943	0.045977	0.0114943
0.0238095	0.0714286	0.0952381	0.166667	0.52381	0.0714286	0.047619
0.075	0.5	0.05	0.3	0.025	0.025	0.025
0.0714286	0.0357143	0.767857	0.0178571	0.0714286	0.0178571	0.0178571
0.288889	0.0666667	0.0444444	0.422222	0.0222222	0.133333	0.0222222
0.0606061	0.409091	0.19697	0.181818	0.030303	0.0909091	0.030303
0.162791	0.0697674	0.0930233	0.581395	0.0232558	0.0465116	0.0232558
0.0434783	0.0434783	0.0434783	0.347826	0.130435	0.304348	0.0869565
0.0731707	0.487805	0.0731707	0.121951	0.0243902	0.195122	0.0243902
0.718213	0.0584192	0.0343643	0.0412371	0.0137457	0.123711	0.0103093
0.133333	0.0333333	0.1	0.2	0.333333	0.0666667	0.133333
0.125	0.166667	0.0833333	0.166667	0.145833	0.166667	0.145833
0.0416667	0.0833333	0.583333	0.166667	0.0416667	0.0416667	0.0416667
0.05	0.1	0.15	0.1	0.5	0.05	0.05
0.0422535	0.028169	0.0422535	0.0140845	0.788732	0.0140845	0.0704225
0.04	0.04	0.04	0.04	0.76	0.04	0.04
0.174658	0.205479	0.0376712	0.458904	0.0376712	0.0650685	0.0205479
0.142857	0.0714286	0.0714286	0.214286	0.285714	0.142857	0.0714286
0.170213	0.117021	0.0744681	0.180851	0.0744681	0.297872	0.0851064
0.266667	0.0666667	0.0666667	0.266667	0.133333	0.0666667	0.133333
0.46875	0.0625	0.03125	0.25	0.03125	0.09375	0.0625
0.125	0.0625	0.1875	0.375	0.0625	0.125	0.0625
0.0555556	0.0555556	0.111111	0.277778	0.388889	0.0555556	0.0555556
0.078125	0.046875	0.015625	0.234375	0.5625	0.03125	0.03125
0.128205	0.0128205	0.128205	0.102564	0.346154	0.025641	0.25641
0.116883	0.207792	0.220779	0.155844	0.0649351	0.038961	0.194805
0.350394	0.00393701	0.00393701	0.307087	0.011811	0.314961	0.00787402
0.026087	0.0173913	0.834783	0.026087	0.0695652	0.00869565	0.0173913
0.25	0.0625	0.1875	0.25	0.125	0.0625	0.0625
0.33908	0.0402299	0.00574713	0.477011	0.0689655	0.0632184	0.00574713
0.230769	0.0384615	0.230769	0.153846	0.269231	0.0384615	0.0384615
0.186441	0.282486	0.0451977	0.231638	0.00564972	0.242938	0.00564972
0.117647	0.0588235	0.176471	0.264706	0.235294	0.0882353	0.0588235
0.0186916	0.046729	0.0934579	0.158879	0.635514	0.00934579	0.0373832
0.0294118	0.0529412	0.0235294	0.2	0.623529	0.0176471	0.0529412
0.69697	0.030303	0.030303	0.0606061	0.030303	0.121212	0.030303
0.142857	0.142857	0.142857	0.142857	0.142857	0.142857	0.142857
0.277778	0.111111	0.0555556	0.166667	0.277778	0.0555556	0.0555556
0.368421	0.157895	0.105263	0.157895	0.0526316	0.0526316	0.105263
0.890625	0.01875	0.01875	0.05625	0.009375	0.003125	0.003125
0.0625	0.0625	0.5	0.125	0.0625	0.0625	0.125
0.03125	0.5625	0.03125	0.09375	0.125	0.09375	0.0625
0.0806452	0.0483871	0.483871	0.258065	0.0645161	0.0483871	0.016129
0.0178571	0.0178571	0.125	0.410714	0.142857	0.0357143	0.25
0.422018	0.0917431	0.00917431	0.0917431	0.330275	0.00917431	0.0458716
0.12069	0.137931	0.0344828	0.241379	0.0517241	0.37931	0.0344828
0.119048	0.0714286	0.119048	0.380952	0.0952381	0.166667	0.047619
0.00561798	0.0561798	0.0393258	0.219101	0.646067	0.0168539	0.0168539
0.111111	0.111111	0.0740741	0.0740741	0.444444	0.037037	0.148148
0.147368	0.0947368	0.0421053	0.410526	0.0105263	0.168421	0.126316
0.05	0.2	0.05	0.1	0.45	0.05	0.1
0.71519	0.0379747	0.0189873	0.189873	0.00632911	0.0126582	0.0189873
0.0857143	0.142857	0.0285714	0.114286	0.428571	0.0285714	0.171429
0.0923077	0.0615385	0.0923077	0.261538	0.323077	0.0769231	0.0923077
0.139706	0.0294118	0.0220588	0.161765	0.00735294	0.610294	0.0294118
0.269231	0.0769231	0.0769231	0.346154	0.153846	0.0384615	0.0384615
0.142857	0.142857	0.142857	0.142857	0.142857	0.142857	0.142857
0.2	0.0888889	0.0888889	0.4	0.0888889	0.0222222	0.111111
0.1	0.1	0.2	0.1	0.3	0.1	0.1
0.282609	0.0869565	0.0217391	0.347826	0.0217391	0.108696	0.130435
0.0540541	0.635135	0.0135135	0.202703	0.027027	0.0540541	0.0135135
