0.227273	0.181818	0.0454545	0.0454545	0.272727	0.159091	0.0681818
0.037037	0.037037	0.222222	0.037037	0.333333	0.296296	0.037037
0.0425532	0.131206	0.106383	0.29078	0.0673759	0.234043	0.12766
0.0384615	0.0769231	0.115385	0.0384615	0.615385	0.0769231	0.0384615
0.0873016	0.047619	0.0714286	0.015873	0.00793651	0.293651	0.47619
0.25	0.05	0.05	0.05	0.05	0.25	0.3
0.111111	0.0740741	0.037037	0.037037	0.62963	0.0740741	0.037037
0.142857	0.142857	0.142857	0.142857	0.142857	0.142857	0.142857
0.0175439	0.0701754	0.0175439	0.0350877	0.508772	0.298246	0.0526316
0.142857	0.190476	0.047619	0.031746	0.0634921	0.269841	0.253968
0.0196078	0.0784314	0.0392157	0.0392157	0.627451	0.176471	0.0196078
0.176471	0.411765	0.117647	0.0882353	0.0882353	0.0588235	0.0588235
0.076087	0.0434783	0.0652174	0.0434783	0.478261	0.271739	0.0217391
0.03125	0.03125	0.03125	0.046875	0.109375	0.640625	0.109375
0.132143	0.1	0.196429	0.0535714	0.025	0.414286	0.0785714
0.195804	0.0699301	0.118881	0.034965	0.559441	0.013986	0.00699301
0.0909091	0.0909091	0.0454545	0.0454545	0.636364	0.0454545	0.0454545
0.1	0.04	0.02	0.04	0.6	0.18	0.02
0.0444444	0.711111	0.0222222	0.0222222	0.0666667	0.111111	0.0222222
0.138889	0.180556	0.0555556	0.0694444	0.333333	0.194444	0.0277778
0.131148	0.0491803	0.0163934	0.0163934	0.0163934	0.459016	0.311475
0.0625	0.0416667	0.541667	0.0208333	0.0208333	0.229167	0.0833333
0.02	0.08	0.04	0.02	0.02	0.66	0.16
0.125	0.125	0.25	0.125	0.125	0.125	0.125
0.425532	0.0212766	0.0212766	0.0638298	0.0638298	0.340426	0.0638298
0.12	0.12	0.04	0.08	0.04	0.28	0.32
0.291667	0.0833333	0.0416667	0.25	0.0833333	0.166667	0.0833333
0.307692	0.0769231	0.153846	0.230769	0.0769231	0.0769231	0.0769231
0.235294	0.294118	0.0588235	0.0588235	0.0588235	0.0588235	0.235294
0.0231924	0.0095498	0.0122783	0.0109141	0.00545703	0.0272851	0.911323
0.129032	0.0967742	0.0645161	0.0645161	0.258065	0.354839	0.0322581
0.0344828	0.0689655	0.275862	0.0689655	0.0689655	0.448276	0.0344828
0.0327869	0.42623	0.196721	0.0655738	0.147541	0.0491803	0.0819672
0.0634921	0.015873	0.0952381	0.253968	0.0952381	0.460317	0.015873
0.162162	0.243243	0.207207	0.018018	0.036036	0.315315	0.018018
0.0111111	0.00555556	0.0111111	0.00555556	0.0111111	0.305556	0.65
0.222222	0.0555556	0.111111	0.0555556	0.444444	0.0555556	0.0555556
0.0357143	0.0357143	0.0714286	0.0357143	0.5	0.25	0.0714286
0.123077	0.184615	0.107692	0.246154	0.0307692	0.292308	0.0153846
0.00278552	0.139276	0.48468	0.00278552	0.300836	0.0473538	0.0222841
0.131868	0.0769231	0.0549451	0.021978	0.021978	0.549451	0.142857
0.130435	0.0652174	0.0108696	0.0543478	0.076087	0.456522	0.206522
0.05	0.1	0.3	0.05	0.1	0.15	0.25
0.0882353	0.411765	0.132353	0.0147059	0.102941	0.147059	0.102941
0.0394089	0.0862069	0.0714286	0.00738916	0.0147783	0.694581	0.0862069
0.0102564	0.0102564	0.0358974	0.882051	0.0205128	0.00512821	0.0358974
0.171429	0.228571	0.0571429	0.0285714	0.0571429	0.228571	0.228571
0.0679012	0.0925926	0.567901	0.0246914	0.0555556	0.179012	0.0123457
0.194444	0.0277778	0.0277778	0.0277778	0.0555556	0.5	0.166667
0.866397	0.0161943	0.0121457	0.00404858	0.00404858	0.0850202	0.0121457
0.588235	0.0392157	0.0784314	0.0196078	0.0588235	0.176471	0.0392157
0.09375	0.03125	0.03125	0.03125	0.75	0.03125	0.03125
0.489879	0.0404858	0.0890688	0.0526316	0.174089	0.137652	0.0161943
0.076087	0.0108696	0.0326087	0.0326087	0.815217	0.0108696	0.0217391
0.615385	0.0384615	0.0384615	0.0384615	0.0384615	0.0384615	0.192308
0.261905	0.0238095	0.119048	0.0714286	0.0714286	0.166667	0.285714
0.16	0.0666667	0.0533333	0.0133333	0.04	0.48	0.186667
0.0571429	0.0142857	0.0285714	0.0142857	0.0714286	0.314286	0.5
0.148148	0.0740741	0.037037	0.259259	0.222222	0.222222	0.037037
0.204545	0.409091	0.0454545	0.0227273	0.0227273	0.272727	0.0227273
0.214286	0.0714286	0.0357143	0.357143	0.0357143	0.25	0.0357143
0.14	0.06	0.02	0.02	0.02	0.6	0.14
0.0227273	0.113636	0.204545	0.0454545	0.409091	0.113636	0.0909091
0.108911	0.683168	0.049505	0.019802	0.029703	0.0792079	0.029703
0.0454545	0.0454545	0.113636	0.136364	0.272727	0.340909	0.0454545
0.0285714	0.485714	0.0571429	0.0571429	0.0571429	0.257143	0.0571429
0.0638298	0.0851064	0.0851064	0.0425532	0.531915	0.12766	0.0638298
0.138889	0.166667	0.138889	0.0277778	0.361111	0.138889	0.0277778
0.0945946	0.0540541	0.0540541	0.0810811	0.0675676	0.27027	0.378378
0.0416667	0.0833333	0.125	0.229167	0.0416667	0.458333	0.0208333
0.25	0.0357143	0.107143	0.0714286	0.392857	0.107143	0.0357143
0.25	0.0625	0.0625	0.0625	0.125	0.1875	0.25
0.52381	0.047619	0.142857	0.047619	0.0952381	0.0952381	0.047619
0.48	0.12	0.04	0.08	0.04	0.16	0.08
0.0124224	0.0434783	0.0496894	0.0124224	0.00621118	0.378882	0.496894
0.872727	0.0181818	0.0181818	0.0181818	0.0181818	0.0363636	0.0181818
0.372881	0.101695	0.0169492	0.254237	0.0508475	0.135593	0.0677966
0.26087	0.0869565	0.173913	0.0434783	0.173913	0.217391	0.0434783
0.292308	0.138462	0.0307692	0.0153846	0.0153846	0.276923	0.230769
0.272727	0.136364	0.0454545	0.0454545	0.136364	0.181818	0.181818
0.0625	0.25	0.125	0.1875	0.125	0.1875	0.0625
0.173913	0.0434783	0.0434783	0.434783	0.130435	0.152174	0.0217391
0.378788	0.106061	0.151515	0.030303	0.0454545	0.227273	0.0606061
0.194444	0.0277778	0.138889	0.388889	0.138889	0.0833333	0.0277778
0.0909091	0.272727	0.0909091	0.0909091	0.0909091	0.0909091	0.272727
0.142857	0.142857	0.142857	0.142857	0.142857	0.142857	0.142857
0.125	0.0625	0.0625	0.4375	0.125	0.125	0.0625
0.142857	0.142857	0.142857	0.142857	0.142857	0.142857	0.142857
0.0697674	0.0930233	0.0697674	0.0465116	0.488372	0.209302	0.0232558
0.0681818	0.181818	0.25	0.181818	0.227273	0.0227273	0.0681818
0.296296	0.0740741	0.037037	0.037037	0.259259	0.259259	0.037037
0.0769231	0.034188	0.00854701	0.00854701	0.0512821	0.700855	0.119658
0.634921	0.015873	0.015873	0.047619	0.031746	0.222222	0.031746
0.333333	0.190476	0.0238095	0.047619	0.047619	0.285714	0.0714286
0.106383	0.0425532	0.0212766	0.191489	0.425532	0.170213	0.0425532
0.0408163	0.0306122	0.0102041	0.0204082	0.0102041	0.0102041	0.877551
0.333333	0.238095	0.047619	0.047619	0.0952381	0.142857	0.0952381
0.0153846	0.0615385	0.0230769	0.00769231	0.0230769	0.346154	0.523077
0.142857	0.285714	0.214286	0.0714286	0.142857	0.0714286	0.0714286
0.368421	0.0526316	0.0526316	0.0526316	0.157895	0.263158	0.0526316
0.2	0.0666667	0.0666667	0.133333	0.0666667	0.333333	0.133333
0.655518	0.0501672	0.0100334	0.00334448	0.0167224	0.254181	0.0100334
0.110701	0.0590406	0.0664207	0.00210859	0.682657	0.0664207	0.0126516
0.266667	0.0666667	0.133333	0.0666667	0.2	0.133333	0.133333
0.075	0.175	0.0166667	0.00833333	0.0333333	0.658333	0.0333333
0.339623	0.0754717	0.0377358	0.264151	0.0188679	0.226415	0.0377358
0.0197368	0.0592105	0.118421	0.00657895	0.589912	0.199561	0.00657895
0.470588	0.117647	0.0588235	0.0588235	0.0588235	0.0588235	0.176471
0.146673	0.0488142	0.00759843	0.000460511	0.00667741	0.384987	0.404789
0.4	0.2	0.0333333	0.0333333	0.1	0.2	0.0333333
0.0606061	0.0606061	0.30303	0.030303	0.121212	0.363636	0.0606061
0.230769	0.192308	0.153846	0.0769231	0.0384615	0.269231	0.0384615
0.0828402	0.0414201	0.0236686	0.00591716	0.0473373	0.39645	0.402367
0.0862069	0.155172	0.0517241	0.0172414	0.517241	0.155172	0.0172414
0.117647	0.117647	0.0588235	0.0294118	0.588235	0.0294118	0.0588235
0.0416667	0.0833333	0.0833333	0.208333	0.458333	0.0416667	0.0833333
0.105263	0.0263158	0.368421	0.0263158	0.394737	0.0526316	0.0263158
0.24	0.04	0.04	0.08	0.08	0.4	0.12
0.00684932	0.0479452	0.123288	0.00684932	0.00684932	0.267123	0.541096
0.184211	0.0263158	0.0263158	0.0526316	0.131579	0.394737	0.184211
0.422222	0.0222222	0.0888889	0.0222222	0.0888889	0.244444	0.111111
0.234043	0.494681	0.117021	0.0425532	0.0531915	0.0425532	0.0159574
0.190476	0.0793651	0.047619	0.031746	0.492063	0.142857	0.015873
0.630137	0.0410959	0.0136986	0.0273973	0.0547945	0.191781	0.0410959
0.142857	0.392857	0.0357143	0.0357143	0.0357143	0.321429	0.0357143
0.0465116	0.168605	0.444767	0.0174419	0.113372	0.0930233	0.116279
0.0305344	0.0534351	0.0610687	0.0152672	0.603053	0.229008	0.00763359
0.276557	0.113553	0.00915751	0.00549451	0.00549451	0.322344	0.267399
0.0526316	0.0526316	0.0526316	0.105263	0.578947	0.105263	0.0526316
0.534483	0.0258621	0.0172414	0.103448	0.137931	0.172414	0.00862069
0.44	0.02	0.1	0.22	0.14	0.06	0.02
0.191489	0.106383	0.0425532	0.0212766	0.531915	0.0851064	0.0212766
0.133929	0.0892857	0.0178571	0.0446429	0.00892857	0.5	0.205357
0.107692	0.0564103	0.0564103	0.517949	0.107692	0.14359	0.0102564
0.432432	0.0810811	0.0540541	0.027027	0.0540541	0.297297	0.0540541
0.275862	0.0689655	0.0172414	0.327586	0.12069	0.172414	0.0172414
0.0344828	0.172414	0.103448	0.137931	0.0689655	0.241379	0.241379
0.00980392	0.0686275	0.848039	0.00490196	0.0245098	0.00980392	0.0343137
0.0416667	0.145833	0.0416667	0.0208333	0.0416667	0.395833	0.3125
0.363636	0.0909091	0.0909091	0.0909091	0.0909091	0.181818	0.0909091
0.236111	0.131944	0.00694444	0.0138889	0.0902778	0.444444	0.0763889
0.0277778	0.0277778	0.0833333	0.0277778	0.638889	0.166667	0.0277778
0.142857	0.142857	0.142857	0.142857	0.142857	0.142857	0.142857
0.047619	0.047619	0.285714	0.047619	0.380952	0.047619	0.142857
0.272727	0.0909091	0.0909091	0.0909091	0.0909091	0.272727	0.0909091
0.111111	0.222222	0.111111	0.111111	0.111111	0.222222	0.111111
0.111111	0.037037	0.111111	0.0740741	0.481481	0.148148	0.037037
0.0952381	0.0952381	0.0952381	0.047619	0.380952	0.190476	0.0952381
0.219512	0.0243902	0.170732	0.0243902	0.121951	0.365854	0.0731707
0.075	0.5	0.0625	0.025	0.0125	0.3125	0.0125
0.0409836	0.172131	0.286885	0.0245902	0.0983607	0.344262	0.0327869
0.020649	0.0353982	0.0147493	0.0147493	0.0147493	0.386431	0.513274
0.0555556	0.0555556	0.0555556	0.0555556	0.722222	0.0277778	0.0277778
0.215517	0.0948276	0.0172414	0.275862	0.0172414	0.353448	0.0258621
0.3125	0.0625	0.125	0.0625	0.0625	0.3125	0.0625
0.047619	0.0952381	0.0952381	0.047619	0.52381	0.142857	0.047619
0.181818	0.0909091	0.136364	0.181818	0.0454545	0.318182	0.0454545
0.174603	0.142857	0.206349	0.047619	0.222222	0.031746	0.174603
0.105263	0.0526316	0.157895	0.105263	0.157895	0.263158	0.157895
0.111111	0.171717	0.030303	0.010101	0.010101	0.20202	0.464646
0.2	0.1	0.1	0.1	0.1	0.2	0.2
0.105263	0.105263	0.0526316	0.157895	0.157895	0.210526	0.210526
0.217391	0.0434783	0.347826	0.0434783	0.0869565	0.217391	0.0434783
0.25	0.125	0.0625	0.125	0.25	0.125	0.0625
0.23913	0.0217391	0.0217391	0.0217391	0.0869565	0.369565	0.23913
0.025	0.0875	0.375	0.025	0.2875	0.15	0.05
0.142857	0.142857	0.142857	0.142857	0.142857	0.142857	0.142857
0.0454545	0.0113636	0.0227273	0.0227273	0.556818	0.306818	0.0340909
0.0573477	0.634409	0.0358423	0.0143369	0.0107527	0.243728	0.00358423
0.542857	0.0285714	0.0285714	0.0857143	0.257143	0.0285714	0.0285714
0.0550459	0.0183486	0.0733945	0.0275229	0.0642202	0.614679	0.146789
0.166667	0.208333	0.0833333	0.208333	0.0833333	0.208333	0.0416667
0.178571	0.392857	0.0357143	0.0357143	0.107143	0.214286	0.0357143
0.038961	0.025974	0.0909091	0.038961	0.012987	0.324675	0.467532
0.166667	0.166667	0.0833333	0.0833333	0.333333	0.0833333	0.0833333
0.043956	0.131868	0.010989	0.0659341	0.021978	0.714286	0.010989
0.473684	0.0526316	0.0526316	0.105263	0.0526316	0.0526316	0.210526
0.00990099	0.0759076	0.19802	0.00330033	0.0330033	0.30033	0.379538
0.025	0.025	0.125	0.05	0.2	0.55	0.025
0.0536481	0.0429185	0.00858369	0.00214592	0.0472103	0.248927	0.596567
0.0430108	0.0215054	0.0752688	0.0215054	0.505376	0.268817	0.0645161
0.0326087	0.576087	0.048913	0.0326087	0.0163043	0.288043	0.00543478
0.111111	0.0760234	0.0175439	0.0116959	0.0116959	0.146199	0.625731
0.571429	0.047619	0.047619	0.0952381	0.047619	0.047619	0.142857
0.0909091	0.0909091	0.0909091	0.0909091	0.0909091	0.454545	0.0909091
0.021978	0.010989	0.0879121	0.010989	0.483516	0.208791	0.175824
0.460674	0.0898876	0.0842697	0.0280899	0.0730337	0.247191	0.0168539
0.081308	0.0340256	0.729563	0.01635	0.0804242	0.0477243	0.0106054
0.0520833	0.5625	0.0729167	0.03125	0.0208333	0.239583	0.0208333
0.0133333	0.346667	0.106667	0.0133333	0.0133333	0.466667	0.04
0.034965	0.013986	0.146853	0.00699301	0.377622	0.363636	0.0559441
0.1	0.3	0.1	0.1	0.1	0.2	0.1
0.46875	0.125	0.03125	0.09375	0.09375	0.15625	0.03125
0.361111	0.111111	0.111111	0.166667	0.0277778	0.0833333	0.138889
0.131148	0.557377	0.0655738	0.0163934	0.0327869	0.0983607	0.0983607
0.0982659	0.017341	0.0231214	0.00578035	0.0231214	0.398844	0.433526
0.047619	0.047619	0.047619	0.0952381	0.571429	0.142857	0.047619
0.136364	0.0681818	0.267045	0.107955	0.323864	0.0454545	0.0511364
0.304348	0.0869565	0.217391	0.0434783	0.0434783	0.173913	0.130435
0.0759494	0.126582	0.0759494	0.0759494	0.0126582	0.455696	0.177215
0.05	0.2	0.1	0.05	0.2	0.25	0.15
0.0357143	0.0892857	0.0178571	0.0178571	0.660714	0.160714	0.0178571
0.258621	0.12069	0.0172414	0.0172414	0.0172414	0.431034	0.137931
0.0945946	0.135135	0.527027	0.027027	0.0540541	0.148649	0.0135135
0.0238095	0.0119048	0.0714286	0.0238095	0.0119048	0.761905	0.0952381
0.102041	0.0408163	0.163265	0.0816327	0.244898	0.306122	0.0612245
0.208333	0.0833333	0.0416667	0.0416667	0.416667	0.125	0.0833333
0.254902	0.27451	0.0196078	0.0392157	0.235294	0.0588235	0.117647
0.111111	0.155556	0.0666667	0.0888889	0.133333	0.422222	0.0222222
0.0625	0.708333	0.0416667	0.0833333	0.0625	0.0208333	0.0208333
0.111111	0.138889	0.416667	0.0277778	0.0277778	0.194444	0.0833333
0.296296	0.0740741	0.0185185	0.203704	0.0185185	0.37037	0.0185185
0.0488889	0.0566667	0.0111111	0.00555556	0.00888889	0.165556	0.703333
0.103175	0.595238	0.047619	0.00793651	0.047619	0.18254	0.015873
0.344828	0.0574713	0.126437	0.091954	0.206897	0.091954	0.0804598
0.0217391	0.0652174	0.0869565	0.0434783	0.543478	0.195652	0.0434783
0.0625	0.1875	0.0625	0.1875	0.125	0.3125	0.0625
0.384615	0.0769231	0.153846	0.153846	0.0769231	0.0769231	0.0769231
0.110063	0.100629	0.449686	0.0251572	0.0188679	0.27673	0.0188679
0.124011	0.100264	0.0131926	0.00791557	0.0448549	0.474934	0.234828
0.13253	0.0481928	0.0843373	0.0120482	0.0120482	0.313253	0.39759
0.296296	0.0740741	0.111111	0.148148	0.111111	0.037037	0.222222
0.0512821	0.0769231	0.0512821	0.025641	0.0512821	0.153846	0.589744
0.0150376	0.0601504	0.150376	0.0075188	0.0150376	0.518797	0.233083
0.0408163	0.0612245	0.22449	0.0816327	0.326531	0.163265	0.102041
0.0222222	0.111111	0.0222222	0.0444444	0.755556	0.0222222	0.0222222
0.148148	0.277778	0.148148	0.0185185	0.0555556	0.296296	0.0555556
0.204545	0.0681818	0.0227273	0.0454545	0.568182	0.0681818	0.0227273
0.0833333	0.0833333	0.305556	0.0833333	0.166667	0.25	0.0277778
0.186047	0.0232558	0.0232558	0.0697674	0.511628	0.139535	0.0465116
0.0294118	0.205882	0.147059	0.0294118	0.0588235	0.294118	0.235294
0.454545	0.0909091	0.0606061	0.0909091	0.030303	0.212121	0.0606061
0.234528	0.482085	0.0325733	0.00651466	0.0781759	0.159609	0.00651466
0.431818	0.0227273	0.113636	0.136364	0.159091	0.113636	0.0227273
0.361702	0.12766	0.0638298	0.0212766	0.0212766	0.234043	0.170213
0.0769231	0.0769231	0.0769231	0.153846	0.230769	0.230769	0.153846
0.0681818	0.113636	0.0227273	0.0454545	0.0454545	0.409091	0.295455
0.0625	0.125	0.375	0.0625	0.125	0.0625	0.1875
0.212121	0.0606061	0.0909091	0.121212	0.30303	0.181818	0.030303
0.297659	0.107023	0.0167224	0.00668896	0.107023	0.257525	0.207358
0.31746	0.0793651	0.047619	0.111111	0.333333	0.0952381	0.015873
0.418605	0.116279	0.0930233	0.0465116	0.0930233	0.209302	0.0232558
0.0517241	0.0517241	0.0172414	0.0172414	0.810345	0.0172414	0.0344828
0.121951	0.0894309	0.154472	0.0243902	0.528455	0.0731707	0.00813008
0.214286	0.107143	0.0357143	0.0357143	0.321429	0.25	0.0357143
0.0606061	0.020202	0.212121	0.30303	0.30303	0.0808081	0.020202
0.272727	0.436364	0.0181818	0.0363636	0.0363636	0.163636	0.0363636
0.0178571	0.0178571	0.196429	0.232143	0.357143	0.107143	0.0714286
0.407407	0.0740741	0.037037	0.148148	0.037037	0.259259	0.037037
0.1	0.0333333	0.0666667	0.233333	0.466667	0.0666667	0.0333333
0.0128205	0.134615	0.512821	0.00641026	0.0576923	0.224359	0.0512821
0.0714286	0.0714286	0.142857	0.142857	0.357143	0.142857	0.0714286
0.118421	0.0263158	0.0526316	0.0657895	0.671053	0.0526316	0.0131579
0.0932203	0.0169492	0.0169492	0.00847458	0.533898	0.322034	0.00847458
0.0869565	0.217391	0.0869565	0.130435	0.130435	0.304348	0.0434783
0.142857	0.457143	0.0571429	0.0285714	0.0571429	0.171429	0.0857143
0.333333	0.0289855	0.101449	0.275362	0.0289855	0.115942	0.115942
0.103448	0.0689655	0.0344828	0.0344828	0.517241	0.206897	0.0344828
0.764706	0.0392157	0.00980392	0.0392157	0.00980392	0.0980392	0.0392157
0.113208	0.471698	0.0943396	0.0188679	0.0188679	0.150943	0.132075
0.0238095	0.0238095	0.047619	0.047619	0.761905	0.0714286	0.0238095
0.0588235	0.45098	0.156863	0.0196078	0.0196078	0.27451	0.0196078
0.111111	0.619048	0.015873	0.015873	0.015873	0.206349	0.015873
0.0308642	0.0555556	0.111111	0.0123457	0.0432099	0.740741	0.00617284
0.0740741	0.0740741	0.037037	0.037037	0.62963	0.0740741	0.0740741
0.0333333	0.0333333	0.1	0.0333333	0.6	0.133333	0.0666667
0.166667	0.125	0.0416667	0.0833333	0.166667	0.333333	0.0833333
0.0333333	0.0333333	0.0333333	0.0333333	0.8	0.0333333	0.0333333
0.1	0.736364	0.0333333	0.0121212	0.00606061	0.0909091	0.0212121
0.444444	0.0555556	0.0555556	0.0416667	0.111111	0.25	0.0416667
0.0344828	0.724138	0.0344828	0.0344828	0.0344828	0.103448	0.0344828
0.0454545	0.0454545	0.0454545	0.0454545	0.181818	0.590909	0.0454545
0.109244	0.495798	0.0336134	0.0252101	0.0672269	0.260504	0.00840336
0.153846	0.0384615	0.0384615	0.153846	0.0384615	0.307692	0.269231
0.142857	0.142857	0.142857	0.142857	0.142857	0.142857	0.142857
0.0181818	0.0181818	0.0181818	0.0363636	0.836364	0.0545455	0.0181818
0.333333	0.357143	0.0952381	0.0238095	0.047619	0.0952381	0.047619
0.181818	0.0454545	0.136364	0.0454545	0.227273	0.136364	0.227273
0.142857	0.142857	0.142857	0.142857	0.142857	0.142857	0.142857
0.0446429	0.00892857	0.0625	0.0357143	0.571429	0.0982143	0.178571
0.0416667	0.0833333	0.0833333	0.0833333	0.0416667	0.625	0.0416667
0.311475	0.327869	0.0655738	0.0655738	0.0163934	0.147541	0.0655738
0.534884	0.0232558	0.0232558	0.0697674	0.162791	0.162791	0.0232558
0.0555556	0.0972222	0.166667	0.0138889	0.611111	0.0416667	0.0138889
0.0322581	0.0967742	0.0322581	0.0967742	0.225806	0.483871	0.0322581
0.0555556	0.111111	0.0277778	0.0833333	0.583333	0.0833333	0.0555556
0.0833333	0.0416667	0.0833333	0.166667	0.541667	0.0416667	0.0416667
0.112299	0.0855615	0.026738	0.00534759	0.593583	0.160428	0.0160428
0.130435	0.0434783	0.0869565	0.0434783	0.0434783	0.347826	0.304348
0.0666667	0.0222222	0.0222222	0.2	0.111111	0.533333	0.0444444
0.134328	0.0447761	0.447761	0.0149254	0.0298507	0.298507	0.0298507
0.255319	0.106383	0.170213	0.0212766	0.148936	0.0851064	0.212766
0.2	0.1	0.1	0.1	0.1	0.3	0.1
0.133333	0.0333333	0.0333333	0.0333333	0.1	0.5	0.166667
0.0277778	0.0833333	0.388889	0.0555556	0.25	0.138889	0.0555556
0.0882353	0.0882353	0.0294118	0.0294118	0.161765	0.588235	0.0147059
0.259259	0.0740741	0.259259	0.148148	0.037037	0.037037	0.185185
0.25	0.291667	0.125	0.0416667	0.0416667	0.208333	0.0416667
0.047619	0.142857	0.047619	0.047619	0.047619	0.52381	0.142857
0.0909091	0.204545	0.136364	0.0454545	0.204545	0.204545	0.113636
0.09375	0.0625	0.03125	0.03125	0.125	0.53125	0.125
0.214286	0.0714286	0.0714286	0.214286	0.214286	0.142857	0.0714286
0.0833333	0.0416667	0.0416667	0.0416667	0.5	0.25	0.0416667
0.0923077	0.0153846	0.0153846	0.0307692	0.661538	0.169231	0.0153846
0.208955	0.0597015	0.0298507	0.0149254	0.537313	0.134328	0.0149254
0.19469	0.00884956	0.0530973	0.230088	0.0176991	0.433628	0.0619469
0.1875	0.270833	0.0833333	0.0833333	0.166667	0.166667	0.0416667
0.047619	0.15873	0.0952381	0.015873	0.015873	0.412698	0.253968
0.367521	0.0512821	0.111111	0.0769231	0.128205	0.205128	0.0598291
0.0273224	0.0218579	0.0218579	0.0245902	0.00273224	0.306011	0.595628
0.0526316	0.0526316	0.0526316	0.0526316	0.631579	0.0526316	0.105263
0.1	0.35	0.1	0.1	0.05	0.1	0.2
0.142857	0.0714286	0.0714286	0.142857	0.0714286	0.428571	0.0714286
0.0238095	0.0238095	0.0952381	0.0952381	0.619048	0.119048	0.0238095
0.130435	0.0434783	0.0869565	0.0869565	0.347826	0.130435	0.173913
0.0833333	0.0277778	0.0555556	0.111111	0.416667	0.111111	0.194444
0.243902	0.146341	0.121951	0.0731707	0.0731707	0.195122	0.146341
0.16129	0.0322581	0.0645161	0.0967742	0.0322581	0.516129	0.0967742
0.0408163	0.0136054	0.0612245	0.00680272	0.0272109	0.829932	0.0204082
0.0543478	0.0869565	0.0652174	0.0108696	0.0108696	0.684783	0.0869565
0.0833333	0.0833333	0.166667	0.0833333	0.0833333	0.333333	0.166667
0.0238095	0.047619	0.0714286	0.0714286	0.119048	0.595238	0.0714286
0.0555556	0.222222	0.0833333	0.0555556	0.444444	0.111111	0.0277778
0.1	0.166667	0.0166667	0.0166667	0.0166667	0.583333	0.1
0.373737	0.0505051	0.0505051	0.10101	0.373737	0.020202	0.030303
0.0277778	0.111111	0.0833333	0.0555556	0.5	0.166667	0.0555556
0.0273973	0.513699	0.0547945	0.00342466	0.0205479	0.356164	0.0239726
0.0512821	0.017094	0.042735	0.042735	0.717949	0.0683761	0.0598291
0.25	0.03125	0.03125	0.0625	0.40625	0.0625	0.15625
0.0533333	0.04	0.106667	0.0266667	0.0133333	0.32	0.44
0.145455	0.0181818	0.0181818	0.0363636	0.563636	0.0181818	0.2
0.0294118	0.0294118	0.0294118	0.0294118	0.764706	0.0882353	0.0294118
0.0344828	0.172414	0.0689655	0.0344828	0.586207	0.0689655	0.0344828
0.0188679	0.113208	0.490566	0.132075	0.0377358	0.169811	0.0377358
0.02	0.02	0.04	0.06	0.78	0.06	0.02
0.047619	0.047619	0.047619	0.047619	0.52381	0.238095	0.047619
0.15	0.075	0.05	0.025	0.65	0.025	0.025
0.315789	0.0736842	0.0947368	0.0631579	0.231579	0.0210526	0.2
0.240741	0.037037	0.0185185	0.0555556	0.111111	0.388889	0.148148
0.0333333	0.05	0.183333	0.0333333	0.516667	0.166667	0.0166667
0.117647	0.0294118	0.0294118	0.0294118	0.352941	0.352941	0.0882353
0.142857	0.142857	0.142857	0.142857	0.142857	0.142857	0.142857
0.866667	0.0222222	0.0111111	0.0111111	0.0111111	0.0666667	0.0111111
0.0909091	0.0454545	0.0454545	0.227273	0.318182	0.227273	0.0454545
0.294118	0.0980392	0.0392157	0.156863	0.333333	0.0196078	0.0588235
0.0697674	0.0465116	0.0465116	0.0232558	0.116279	0.511628	0.186047
0.157143	0.0285714	0.0142857	0.0142857	0.614286	0.157143	0.0142857
0.183099	0.0633803	0.0211268	0.0211268	0.084507	0.471831	0.15493
0.0714286	0.102679	0.0669643	0.00446429	0.0223214	0.165179	0.566964
0.0397727	0.0170455	0.0340909	0.0340909	0.448864	0.409091	0.0170455
0.0985915	0.028169	0.309859	0.15493	0.338028	0.028169	0.0422535
0.12	0.16	0.04	0.04	0.56	0.04	0.04
0.272727	0.0909091	0.0909091	0.0909091	0.0909091	0.0909091	0.272727
0.0243902	0.121951	0.146341	0.146341	0.463415	0.0731707	0.0243902
0.0727273	0.363636	0.0363636	0.0545455	0.309091	0.127273	0.0363636
0.15493	0.056338	0.126761	0.0140845	0.183099	0.43662	0.028169
0.0789474	0.0263158	0.421053	0.0263158	0.184211	0.236842	0.0263158
0.0344828	0.137931	0.172414	0.0344828	0.482759	0.0344828	0.103448
0.0512821	0.0512821	0.102564	0.025641	0.692308	0.025641	0.0512821
0.117647	0.235294	0.0588235	0.0294118	0.0294118	0.205882	0.323529
0.0350877	0.0175439	0.122807	0.140351	0.350877	0.263158	0.0701754
0.105263	0.0175439	0.0526316	0.0350877	0.719298	0.0526316	0.0175439
0.290323	0.258065	0.129032	0.0322581	0.129032	0.0967742	0.0645161
0.153846	0.0769231	0.0769231	0.0769231	0.5	0.0769231	0.0384615
0.108696	0.130435	0.0434783	0.0217391	0.391304	0.282609	0.0217391
0.0117647	0.1	0.188235	0.382353	0.176471	0.129412	0.0117647
0.0606061	0.0454545	0.0606061	0.030303	0.030303	0.636364	0.136364
0.0625	0.09375	0.09375	0.0625	0.15625	0.4375	0.09375
0.0363636	0.0363636	0.0363636	0.109091	0.636364	0.127273	0.0181818
0.275862	0.0689655	0.137931	0.275862	0.0344828	0.172414	0.0344828
0.111111	0.0555556	0.166667	0.111111	0.111111	0.388889	0.0555556
0.357143	0.047619	0.0119048	0.190476	0.0238095	0.27381	0.0952381
0.0826772	0.0275591	0.0551181	0.00393701	0.011811	0.76378	0.0551181
0.125	0.125	0.125	0.125	0.125	0.25	0.125
0.0357143	0.0571429	0.0142857	0.392857	0.0285714	0.214286	0.257143
0.277778	0.194444	0.0555556	0.111111	0.305556	0.0277778	0.0277778
0.0348837	0.0465116	0.0232558	0.0116279	0.313953	0.546512	0.0232558
0.117647	0.0588235	0.0588235	0.117647	0.352941	0.235294	0.0588235
0.0416667	0.0416667	0.0833333	0.0416667	0.0833333	0.458333	0.25
0.179104	0.0746269	0.0447761	0.0298507	0.0746269	0.507463	0.0895522
0.354839	0.193548	0.016129	0.0645161	0.129032	0.177419	0.0645161
0.142857	0.142857	0.142857	0.142857	0.142857	0.142857	0.142857
0.238095	0.0238095	0.142857	0.0714286	0.357143	0.0952381	0.0714286
0.0833333	0.0833333	0.0166667	0.0666667	0.0333333	0.316667	0.4
0.025641	0.025641	0.025641	0.025641	0.025641	0.692308	0.179487
0.047619	0.142857	0.047619	0.285714	0.190476	0.238095	0.047619
0.0391645	0.0522193	0.0548303	0.0104439	0.00522193	0.749347	0.0887728
0.173913	0.0434783	0.130435	0.0434783	0.0869565	0.434783	0.0869565
0.0526316	0.0175439	0.157895	0.0350877	0.45614	0.245614	0.0350877
0.257143	0.142857	0.0285714	0.0285714	0.142857	0.314286	0.0857143
0.294118	0.0588235	0.0588235	0.0588235	0.294118	0.176471	0.0588235
0.2	0.18	0.08	0.22	0.02	0.18	0.12
0.0714286	0.285714	0.404762	0.0238095	0.0952381	0.0952381	0.0238095
0.387755	0.0204082	0.265306	0.0816327	0.0204082	0.102041	0.122449
0.235294	0.137255	0.0980392	0.0196078	0.0784314	0.137255	0.294118
0.295337	0.103627	0.111399	0.310881	0.0777202	0.0829016	0.0181347
0.513514	0.216216	0.027027	0.027027	0.108108	0.0810811	0.027027
0.0165289	0.0743802	0.0413223	0.0867769	0.00413223	0.123967	0.652893
0.346154	0.115385	0.0769231	0.0769231	0.307692	0.0384615	0.0384615
0.0601719	0.0229226	0.0974212	0.00573066	0.644699	0.0859599	0.0830946
0.0416667	0.0833333	0.0833333	0.0416667	0.625	0.0416667	0.0833333
0.0222405	0.731466	0.0988468	0.00205931	0.0164745	0.0815486	0.0473641
0.0285714	0.742857	0.0142857	0.0285714	0.0285714	0.114286	0.0428571
0.659091	0.0113636	0.113636	0.0113636	0.0568182	0.113636	0.0340909
0.291667	0.125	0.0416667	0.0833333	0.0833333	0.166667	0.208333
0.634921	0.047619	0.015873	0.015873	0.015873	0.222222	0.047619
0.0109489	0.0894161	0.0164234	0.00912409	0.0255474	0.755474	0.0930657
0.0322581	0.0322581	0.0645161	0.0645161	0.709677	0.0645161	0.0322581
0.0967742	0.0322581	0.0645161	0.0322581	0.0322581	0.516129	0.225806
0.0714286	0.047619	0.0238095	0.047619	0.0952381	0.380952	0.333333
0.0666667	0.0888889	0.0222222	0.0222222	0.711111	0.0444444	0.0444444
0.325	0.025	0.0125	0.2625	0.0375	0.25	0.0875
0.527273	0.145455	0.0363636	0.0181818	0.0363636	0.2	0.0363636
0.0815217	0.0815217	0.0244565	0.0516304	0.0380435	0.127717	0.595109
0.454545	0.0454545	0.136364	0.0909091	0.0454545	0.136364	0.0909091
0.0833333	0.166667	0.0833333	0.0833333	0.166667	0.333333	0.0833333
0.0592593	0.00740741	0.00740741	0.0148148	0.0222222	0.866667	0.0222222
0.0714286	0.142857	0.0714286	0.0357143	0.0357143	0.464286	0.178571
0.1	0.1	0.1	0.1	0.1	0.4	0.1
0.572727	0.0818182	0.0272727	0.0272727	0.1	0.181818	0.00909091
0.0555556	0.0555556	0.111111	0.0277778	0.111111	0.388889	0.25
0.0810811	0.027027	0.459459	0.0810811	0.108108	0.216216	0.027027
0.142857	0.0238095	0.0238095	0.0238095	0.404762	0.357143	0.0238095
0.25	0.0227273	0.0454545	0.318182	0.0681818	0.272727	0.0227273
0.0833333	0.25	0.0833333	0.0833333	0.166667	0.25	0.0833333
0.0555556	0.111111	0.166667	0.0555556	0.5	0.0555556	0.0555556
0.142857	0.214286	0.0714286	0.0357143	0.25	0.178571	0.107143
0.287129	0.257426	0.0693069	0.039604	0.0891089	0.0990099	0.158416
0.04	0.42	0.04	0.02	0.04	0.42	0.02
0.038961	0.025974	0.363636	0.0649351	0.155844	0.25974	0.0909091
0.0196721	0.111475	0.655738	0.00327869	0.0196721	0.104918	0.0852459
0.0666667	0.0444444	0.0222222	0.111111	0.688889	0.0444444	0.0222222
0.0337079	0.0898876	0.011236	0.0224719	0.011236	0.662921	0.168539
0.74359	0.0769231	0.0512821	0.025641	0.0512821	0.025641	0.025641
0.155039	0.0852713	0.410853	0.0155039	0.0697674	0.224806	0.0387597
0.0384615	0.0384615	0.00961538	0.00961538	0.00961538	0.875	0.0192308
0.52381	0.047619	0.047619	0.047619	0.047619	0.0952381	0.190476
0.0612245	0.0204082	0.0204082	0.0612245	0.122449	0.44898	0.265306
0.0645161	0.0322581	0.0645161	0.016129	0.629032	0.16129	0.0322581
0.0377358	0.0566038	0.0943396	0.00943396	0.679245	0.113208	0.00943396
0.346939	0.0612245	0.0204082	0.142857	0.0408163	0.367347	0.0204082
0.02	0.02	0.04	0.08	0.52	0.3	0.02
0.178404	0.00938967	0.028169	0.00469484	0.615023	0.131455	0.0328638
0.0338983	0.0169492	0.0169492	0.0169492	0.847458	0.0508475	0.0169492
0.170732	0.146341	0.170732	0.0487805	0.0243902	0.341463	0.097561
0.12	0.16	0.12	0.04	0.06	0.38	0.12
0.703704	0.0864198	0.0123457	0.037037	0.0246914	0.123457	0.0123457
0.133333	0.333333	0.0666667	0.0666667	0.2	0.133333	0.0666667
0.0625	0.0625	0.375	0.125	0.1875	0.0625	0.125
0.181818	0.0909091	0.0909091	0.0909091	0.272727	0.181818	0.0909091
0.0294118	0.0588235	0.117647	0.0588235	0.0588235	0.294118	0.382353
0.04	0.12	0.08	0.16	0.04	0.24	0.32
0.5	0.1	0.05	0.05	0.05	0.2	0.05
0.057971	0.376812	0.15942	0.0289855	0.0869565	0.275362	0.0144928
0.4	0.175	0.05	0.025	0.075	0.2	0.075
0.181818	0.0151515	0.121212	0.030303	0.469697	0.0454545	0.136364
0.0714286	0.107143	0.428571	0.0714286	0.0357143	0.142857	0.142857
0.0769231	0.153846	0.192308	0.115385	0.153846	0.269231	0.0384615
0.0566038	0.0943396	0.301887	0.0754717	0.358491	0.0943396	0.0188679
0.09375	0.140625	0.109375	0.03125	0.03125	0.46875	0.125
0.189189	0.0675676	0.0135135	0.0135135	0.567568	0.135135	0.0135135
0.048951	0.130536	0.648019	0.013986	0.13986	0.00699301	0.011655
0.0243902	0.0243902	0.0487805	0.146341	0.390244	0.317073	0.0487805
0.0517241	0.362069	0.0172414	0.0172414	0.0689655	0.465517	0.0172414
0.0340909	0.261364	0.340909	0.0113636	0.0227273	0.318182	0.0113636
0.075	0.025	0.1	0.025	0.025	0.675	0.075
0.0632911	0.0379747	0.151899	0.0506329	0.531646	0.0632911	0.101266
0.204225	0.0704225	0.112676	0.0422535	0.323944	0.197183	0.0492958
0.0357143	0.0714286	0.0714286	0.0714286	0.0357143	0.535714	0.178571
0.75	0.01875	0.025	0.0125	0.00625	0.0875	0.1
0.108108	0.297297	0.027027	0.027027	0.027027	0.486486	0.027027
0.05	0.075	0.05	0.075	0.4	0.325	0.025
0.0472973	0.0202703	0.0135135	0.0202703	0.851351	0.0337838	0.0135135
0.47619	0.0952381	0.047619	0.047619	0.047619	0.190476	0.0952381
0.037037	0.481481	0.0740741	0.0740741	0.037037	0.0740741	0.222222
0.0740741	0.222222	0.111111	0.037037	0.407407	0.111111	0.037037
0.16129	0.112903	0.387097	0.0322581	0.016129	0.209677	0.0806452
0.113208	0.0188679	0.0566038	0.0188679	0.0943396	0.641509	0.0566038
0.190476	0.142857	0.142857	0.142857	0.0952381	0.190476	0.0952381
0.0277778	0.555556	0.0277778	0.0277778	0.111111	0.194444	0.0555556
0.142857	0.0714286	0.0714286	0.0714286	0.0714286	0.5	0.0714286
0.333333	0.037037	0.037037	0.111111	0.111111	0.333333	0.037037
0.2	0.12	0.12	0.16	0.04	0.28	0.08
0.347826	0.173913	0.0869565	0.0434783	0.217391	0.0869565	0.0434783
0.594937	0.113924	0.0126582	0.0379747	0.0886076	0.126582	0.0253165
0.230769	0.128205	0.0512821	0.025641	0.0769231	0.384615	0.102564
0.0576923	0.0961538	0.346154	0.0384615	0.173077	0.269231	0.0192308
0.318966	0.0948276	0.206897	0.0172414	0.146552	0.12931	0.0862069
0.00833333	0.533333	0.0833333	0.025	0.075	0.241667	0.0333333
0.142857	0.0714286	0.214286	0.142857	0.142857	0.142857	0.142857
0.179104	0.0149254	0.0597015	0.208955	0.208955	0.313433	0.0149254
0.122449	0.122449	0.0204082	0.163265	0.0612245	0.22449	0.285714
0.176471	0.0294118	0.176471	0.117647	0.0294118	0.411765	0.0588235
0.152778	0.166667	0.0555556	0.194444	0.0555556	0.236111	0.138889
0.0689655	0.517241	0.0344828	0.0344828	0.103448	0.172414	0.0689655
0.0864198	0.160494	0.111111	0.271605	0.0740741	0.271605	0.0246914
0.303797	0.278481	0.0253165	0.0506329	0.0632911	0.21519	0.0632911
0.00952381	0.0904762	0.82381	0.0047619	0.0190476	0.0333333	0.0190476
0.76	0.01	0.01	0.04	0.01	0.12	0.05
0.35	0.05	0.2	0.15	0.15	0.05	0.05
0.0869565	0.0434783	0.0869565	0.0434783	0.608696	0.0869565	0.0434783
0.15	0.15	0.05	0.05	0.5	0.05	0.05
0.05	0.05	0.05	0.05	0.05	0.6	0.15
0.2	0.08	0.08	0.2	0.08	0.24	0.12
0.142857	0.0357143	0.25	0.0357143	0.25	0.25	0.0357143
0.222222	0.0833333	0.0555556	0.0833333	0.222222	0.25	0.0833333
0.0135135	0.135135	0.148649	0.0540541	0.0135135	0.337838	0.297297
0.238938	0.0619469	0.00884956	0.00884956	0.522124	0.132743	0.0265487
0.340426	0.0638298	0.0425532	0.0851064	0.255319	0.170213	0.0425532
0.232143	0.0535714	0.142857	0.0714286	0.0357143	0.267857	0.196429
0.125	0.125	0.25	0.125	0.125	0.125	0.125
0.0172414	0.534483	0.0862069	0.0172414	0.0862069	0.241379	0.0172414
0.037037	0.111111	0.037037	0.259259	0.148148	0.388889	0.0185185
0.272727	0.030303	0.151515	0.030303	0.212121	0.181818	0.121212
0.142857	0.0714286	0.214286	0.142857	0.214286	0.142857	0.0714286
0.0222222	0.0222222	0.0666667	0.0222222	0.822222	0.0222222	0.0222222
0.181818	0.272727	0.0454545	0.0909091	0.0454545	0.272727	0.0909091
0.0101523	0.152284	0.00253807	0.0101523	0.0583756	0.680203	0.0862944
0.0555556	0.333333	0.111111	0.111111	0.111111	0.222222	0.0555556
0.153846	0.230769	0.0769231	0.153846	0.153846	0.153846	0.0769231
0.285714	0.0285714	0.0285714	0.0285714	0.342857	0.228571	0.0571429
0.05	0.1	0.05	0.15	0.15	0.45	0.05
0.00502513	0.040201	0.0100503	0.00502513	0.0150754	0.864322	0.0603015
0.234568	0.0123457	0.450617	0.00617284	0.0555556	0.160494	0.0802469
0.457143	0.171429	0.0571429	0.0285714	0.0285714	0.171429	0.0857143
0.126761	0.0422535	0.105634	0.056338	0.112676	0.34507	0.211268
0.0136986	0.0136986	0.0273973	0.0136986	0.0410959	0.123288	0.767123
0.111111	0.222222	0.111111	0.111111	0.222222	0.111111	0.111111
0.0208333	0.03125	0.0104167	0.0104167	0.0104167	0.177083	0.739583
0.14	0.075	0.045	0.01	0.465	0.23	0.035
0.216216	0.162162	0.216216	0.027027	0.216216	0.027027	0.135135
0.609756	0.0487805	0.0487805	0.0121951	0.0243902	0.207317	0.0487805
0.142857	0.142857	0.142857	0.142857	0.142857	0.142857	0.142857
0.037037	0.296296	0.037037	0.111111	0.111111	0.296296	0.111111
0.162162	0.135135	0.0135135	0.391892	0.027027	0.256757	0.0135135
0.1	0.328571	0.0714286	0.0142857	0.0214286	0.3	0.164286
0.125	0.25	0.0416667	0.0416667	0.0833333	0.333333	0.125
0.0952381	0.0952381	0.0952381	0.571429	0.047619	0.047619	0.047619
0.056338	0.0985915	0.211268	0.0704225	0.0704225	0.253521	0.239437
0.2	0.05	0.1	0.25	0.1	0.2	0.1
0.428571	0.0714286	0.107143	0.0357143	0.0357143	0.25	0.0714286
0.192308	0.115385	0.0769231	0.115385	0.0384615	0.346154	0.115385
0.1125	0.2125	0.2875	0.0125	0.1	0.2625	0.0125
0.12766	0.276596	0.106383	0.0212766	0.106383	0.255319	0.106383
0.0333333	0.166667	0.0333333	0.0666667	0.0333333	0.433333	0.233333
0.0847458	0.135593	0.118644	0.0169492	0.254237	0.355932	0.0338983
0.132075	0.0943396	0.0566038	0.0188679	0.169811	0.169811	0.358491
0.277778	0.0277778	0.111111	0.0277778	0.333333	0.194444	0.0277778
0.222222	0.0555556	0.111111	0.111111	0.333333	0.111111	0.0555556
0.210526	0.0526316	0.105263	0.0526316	0.0526316	0.421053	0.105263
0.0714286	0.0714286	0.107143	0.0357143	0.0357143	0.642857	0.0357143
0.4	0.15	0.05	0.1	0.1	0.15	0.05
0.142857	0.142857	0.142857	0.142857	0.142857	0.142857	0.142857
0.114286	0.0857143	0.0571429	0.0571429	0.571429	0.0857143	0.0285714
0.126761	0.295775	0.0704225	0.0422535	0.0422535	0.28169	0.140845
0.115385	0.0384615	0.346154	0.0192308	0.346154	0.0576923	0.0769231
0.0652174	0.130435	0.0434783	0.0652174	0.173913	0.478261	0.0434783
0.522388	0.0149254	0.0298507	0.208955	0.164179	0.0149254	0.0447761
0.037037	0.0555556	0.0185185	0.12963	0.0185185	0.722222	0.0185185
0.0652174	0.108696	0.0434783	0.0434783	0.0652174	0.326087	0.347826
0.04	0.04	0.04	0.12	0.6	0.08	0.08
0.075	0.125	0.025	0.025	0.125	0.6	0.025
0.269231	0.0384615	0.0384615	0.0384615	0.0769231	0.5	0.0384615
0.025	0.0625	0.1625	0.0125	0.6625	0.0625	0.0125
0.333333	0.0952381	0.190476	0.047619	0.0952381	0.142857	0.0952381
0.263158	0.0394737	0.131579	0.197368	0.223684	0.131579	0.0131579
0.0785714	0.121429	0.0285714	0.00714286	0.0214286	0.535714	0.207143
0.0777778	0.244444	0.0333333	0.188889	0.0555556	0.322222	0.0777778
0.126582	0.0379747	0.0379747	0.126582	0.0632911	0.367089	0.240506
0.323529	0.0294118	0.264706	0.0294118	0.0294118	0.147059	0.176471
0.106145	0.26257	0.0111732	0.00558659	0.0167598	0.273743	0.324022
0.0416667	0.0416667	0.0416667	0.0416667	0.0416667	0.388889	0.402778
0.125	0.125	0.25	0.125	0.125	0.125	0.125
0.117647	0.117647	0.176471	0.0588235	0.352941	0.117647	0.0588235
0.142857	0.142857	0.142857	0.142857	0.142857	0.142857	0.142857
0.0517241	0.155172	0.00862069	0.0258621	0.0431034	0.534483	0.181034
0.293478	0.0543478	0.0108696	0.0217391	0.0217391	0.576087	0.0217391
0.205882	0.0294118	0.117647	0.176471	0.0294118	0.382353	0.0588235
0.291045	0.156716	0.0149254	0.149254	0.0746269	0.261194	0.0522388
0.114943	0.137931	0.0114943	0.0229885	0.045977	0.609195	0.0574713
0.047619	0.0714286	0.119048	0.119048	0.547619	0.0714286	0.0238095
0.05	0.525	0.05	0.025	0.1	0.225	0.025
0.25	0.0357143	0.589286	0.0357143	0.0357143	0.0178571	0.0357143
0.155556	0.0888889	0.0888889	0.0666667	0.0222222	0.488889	0.0888889
0.030303	0.348485	0.257576	0.030303	0.0454545	0.242424	0.0454545
0.0697674	0.0232558	0.0465116	0.0465116	0.0232558	0.697674	0.0930233
0.0434783	0.0869565	0.0434783	0.0434783	0.26087	0.0434783	0.478261
0.0243902	0.634146	0.0487805	0.0243902	0.0487805	0.121951	0.097561
0.00687285	0.0893471	0.0274914	0.024055	0.00687285	0.773196	0.0721649
0.2	0.0666667	0.133333	0.0666667	0.2	0.3	0.0333333
0.0416667	0.145833	0.125	0.0416667	0.145833	0.4375	0.0625
0.166667	0.0833333	0.5	0.0416667	0.0833333	0.0416667	0.0833333
0.05	0.15	0.05	0.05	0.6	0.05	0.05
0.0985915	0.0140845	0.0422535	0.084507	0.690141	0.0422535	0.028169
0.04	0.08	0.04	0.04	0.72	0.04	0.04
0.106164	0.229452	0.0171233	0.010274	0.0342466	0.35274	0.25
0.0714286	0.0714286	0.142857	0.0714286	0.285714	0.285714	0.0714286
0.255319	0.12766	0.0212766	0.0425532	0.0744681	0.159574	0.319149
0.266667	0.0666667	0.0666667	0.0666667	0.133333	0.333333	0.0666667
0.28125	0.0625	0.03125	0.125	0.03125	0.375	0.09375
0.0625	0.125	0.1875	0.0625	0.0625	0.375	0.125
0.222222	0.111111	0.0555556	0.0555556	0.388889	0.111111	0.0555556
0.15625	0.09375	0.046875	0.046875	0.4375	0.203125	0.015625
0.217949	0.0384615	0.0769231	0.269231	0.307692	0.0769231	0.0128205
0.116883	0.25974	0.272727	0.155844	0.025974	0.12987	0.038961
0.011811	0.0314961	0.019685	0.00787402	0.019685	0.846457	0.0629921
0.00869565	0.00869565	0.808696	0.00869565	0.0695652	0.0869565	0.00869565
0.4375	0.0625	0.125	0.0625	0.0625	0.0625	0.1875
0.413793	0.0402299	0.00574713	0.0114943	0.0402299	0.37931	0.109195
0.269231	0.0384615	0.115385	0.0384615	0.384615	0.115385	0.0384615
0.20904	0.20904	0.0225989	0.0225989	0.00564972	0.299435	0.231638
0.147059	0.0882353	0.117647	0.0588235	0.352941	0.176471	0.0588235
0.158879	0.0280374	0.121495	0.0186916	0.598131	0.0654206	0.00934579
0.123529	0.0588235	0.0882353	0.0882353	0.494118	0.0529412	0.0941176
0.727273	0.030303	0.030303	0.030303	0.030303	0.030303	0.121212
0.142857	0.142857	0.142857	0.142857	0.142857	0.142857	0.142857
0.0555556	0.0555556	0.0555556	0.0555556	0.166667	0.555556	0.0555556
0.526316	0.105263	0.0526316	0.0526316	0.0526316	0.0526316	0.157895
0.9125	0.01875	0.028125	0.00625	0.003125	0.028125	0.003125
0.125	0.0625	0.4375	0.0625	0.125	0.125	0.0625
0.0625	0.59375	0.03125	0.03125	0.09375	0.15625	0.03125
0.177419	0.0322581	0.387097	0.016129	0.0322581	0.306452	0.0483871
0.4375	0.0535714	0.0803571	0.116071	0.169643	0.0178571	0.125
0.422018	0.0458716	0.0183486	0.00917431	0.311927	0.174312	0.0183486
0.0517241	0.0517241	0.0517241	0.0172414	0.0344828	0.655172	0.137931
0.190476	0.0952381	0.047619	0.047619	0.0714286	0.238095	0.309524
0.011236	0.0449438	0.0224719	0.011236	0.668539	0.230337	0.011236
0.148148	0.148148	0.037037	0.037037	0.518519	0.0740741	0.037037
0.357895	0.126316	0.0105263	0.0631579	0.0105263	0.305263	0.126316
0.2	0.05	0.15	0.05	0.4	0.1	0.05
0.405063	0.0253165	0.00632911	0.0189873	0.0253165	0.5	0.0189873
0.142857	0.2	0.0285714	0.0285714	0.4	0.171429	0.0285714
0.0923077	0.2	0.107692	0.169231	0.261538	0.0923077	0.0769231
0.00735294	0.0147059	0.0220588	0.00735294	0.00735294	0.338235	0.602941
0.0384615	0.115385	0.0769231	0.0769231	0.153846	0.461538	0.0769231
0.142857	0.142857	0.142857	0.142857	0.142857	0.142857	0.142857
0.222222	0.244444	0.0666667	0.0222222	0.111111	0.288889	0.0444444
0.1	0.1	0.2	0.1	0.1	0.1	0.3
