0.113636	0.272727	0.159091	0.0681818	0.0681818	0.159091	0.159091
0.296296	0.0740741	0.185185	0.111111	0.037037	0.111111	0.185185
0.0283688	0.202128	0.120567	0.0815603	0.0070922	0.361702	0.198582
0.0769231	0.0384615	0.538462	0.0384615	0.0769231	0.153846	0.0769231
0.015873	0.015873	0.047619	0.468254	0.031746	0.126984	0.293651
0.15	0.1	0.05	0.25	0.05	0.05	0.35
0.62963	0.037037	0.0740741	0.0740741	0.0740741	0.037037	0.0740741
0.142857	0.142857	0.142857	0.142857	0.142857	0.142857	0.142857
0.403509	0.0175439	0.0701754	0.122807	0.0350877	0.105263	0.245614
0.0952381	0.0793651	0.015873	0.190476	0.031746	0.301587	0.285714
0.333333	0.0588235	0.294118	0.0196078	0.0196078	0.0196078	0.254902
0.0588235	0.411765	0.147059	0.0588235	0.0882353	0.147059	0.0882353
0.336957	0.0978261	0.195652	0.0108696	0.0217391	0.0869565	0.25
0.078125	0.0625	0.03125	0.125	0.015625	0.015625	0.671875
0.0357143	0.107143	0.175	0.0821429	0.0535714	0.225	0.321429
0.538462	0.013986	0.0979021	0.00699301	0.0559441	0.265734	0.020979
0.454545	0.0454545	0.0909091	0.0454545	0.0909091	0.0454545	0.227273
0.56	0.06	0.02	0.04	0.04	0.1	0.18
0.0888889	0.644444	0.0222222	0.0222222	0.0222222	0.0666667	0.133333
0.194444	0.138889	0.180556	0.0416667	0.152778	0.194444	0.0972222
0.0163934	0.0491803	0.0163934	0.311475	0.0327869	0.0163934	0.557377
0.0416667	0.104167	0.4375	0.0625	0.0625	0.25	0.0416667
0.04	0.04	0.02	0.16	0.02	0.02	0.7
0.125	0.125	0.25	0.125	0.125	0.125	0.125
0.0212766	0.12766	0.0212766	0.0851064	0.0638298	0.468085	0.212766
0.04	0.2	0.04	0.4	0.04	0.08	0.2
0.125	0.0833333	0.0416667	0.0416667	0.166667	0.333333	0.208333
0.230769	0.0769231	0.0769231	0.0769231	0.384615	0.0769231	0.0769231
0.0588235	0.235294	0.0588235	0.352941	0.0588235	0.176471	0.0588235
0.00409277	0.00545703	0.0095498	0.922237	0.00409277	0.0463847	0.00818554
0.290323	0.0322581	0.129032	0.0322581	0.0322581	0.16129	0.322581
0.0689655	0.137931	0.103448	0.0344828	0.0344828	0.0689655	0.551724
0.147541	0.393443	0.180328	0.147541	0.0819672	0.0163934	0.0327869
0.0634921	0.0793651	0.15873	0.031746	0.174603	0.206349	0.285714
0.045045	0.36036	0.0900901	0.0630631	0.018018	0.0630631	0.36036
0.00555556	0.00555556	0.0277778	0.666667	0.0111111	0.0166667	0.266667
0.5	0.0555556	0.0555556	0.0555556	0.111111	0.166667	0.0555556
0.535714	0.107143	0.0357143	0.0357143	0.0357143	0.142857	0.107143
0.0153846	0.123077	0.107692	0.0461538	0.261538	0.230769	0.215385
0.0417827	0.167131	0.70195	0.0250696	0.00278552	0.00557103	0.0557103
0.010989	0.0769231	0.010989	0.186813	0.010989	0.120879	0.582418
0.108696	0.0652174	0.0543478	0.173913	0.0434783	0.0869565	0.467391
0.05	0.15	0.3	0.25	0.05	0.05	0.15
0.161765	0.426471	0.0294118	0.0588235	0.0294118	0.205882	0.0882353
0.0221675	0.0541872	0.0492611	0.0985222	0.00738916	0.0960591	0.672414
0.00512821	0.0102564	0.0410256	0.0769231	0.841026	0.0153846	0.0102564
0.0571429	0.228571	0.0571429	0.2	0.0571429	0.285714	0.114286
0.104938	0.0432099	0.604938	0.0308642	0.0185185	0.0185185	0.179012
0.0277778	0.0277778	0.0277778	0.138889	0.0833333	0.166667	0.527778
0.781377	0.0566802	0.00404858	0.0121457	0.00809717	0.0566802	0.0809717
0.431373	0.0196078	0.0392157	0.0392157	0.0196078	0.196078	0.254902
0.625	0.03125	0.0625	0.03125	0.03125	0.1875	0.03125
0.1417	0.0121457	0.0607287	0.0161943	0.0283401	0.647773	0.0931174
0.663043	0.0217391	0.108696	0.0108696	0.0434783	0.141304	0.0108696
0.307692	0.115385	0.0384615	0.269231	0.0769231	0.115385	0.0769231
0.214286	0.0238095	0.142857	0.333333	0.047619	0.047619	0.190476
0.0266667	0.0266667	0.0266667	0.226667	0.0266667	0.0933333	0.573333
0.0857143	0.0142857	0.0428571	0.5	0.0142857	0.0142857	0.328571
0.185185	0.148148	0.148148	0.037037	0.259259	0.0740741	0.148148
0.0681818	0.5	0.0227273	0.0454545	0.0454545	0.113636	0.204545
0.0357143	0.0714286	0.0357143	0.0357143	0.0357143	0.678571	0.107143
0.08	0.06	0.02	0.14	0.02	0.24	0.44
0.113636	0.0681818	0.363636	0.136364	0.0909091	0.0681818	0.159091
0.0891089	0.643564	0.029703	0.019802	0.00990099	0.168317	0.039604
0.227273	0.0909091	0.272727	0.0227273	0.0681818	0.0454545	0.272727
0.0571429	0.457143	0.0571429	0.0285714	0.114286	0.0571429	0.228571
0.468085	0.0212766	0.148936	0.0425532	0.0212766	0.148936	0.148936
0.472222	0.0555556	0.138889	0.138889	0.0277778	0.0833333	0.0833333
0.0675676	0.0540541	0.027027	0.297297	0.162162	0.108108	0.283784
0.0416667	0.0625	0.125	0.0208333	0.208333	0.0833333	0.458333
0.464286	0.0357143	0.142857	0.107143	0.0714286	0.0357143	0.142857
0.1875	0.0625	0.1875	0.125	0.0625	0.1875	0.1875
0.142857	0.0952381	0.047619	0.047619	0.333333	0.285714	0.047619
0.44	0.08	0.08	0.08	0.08	0.12	0.12
0.0124224	0.0310559	0.0248447	0.447205	0.00621118	0.0310559	0.447205
0.581818	0.0181818	0.0181818	0.0363636	0.0363636	0.272727	0.0363636
0.0677966	0.0169492	0.0169492	0.0508475	0.135593	0.525424	0.186441
0.347826	0.0434783	0.0434783	0.0434783	0.130435	0.217391	0.173913
0.0153846	0.138462	0.0307692	0.338462	0.0153846	0.261538	0.2
0.272727	0.0454545	0.0454545	0.318182	0.0454545	0.181818	0.0909091
0.0625	0.1875	0.125	0.0625	0.125	0.25	0.1875
0.0434783	0.0217391	0.0434783	0.0217391	0.413043	0.369565	0.0869565
0.19697	0.106061	0.136364	0.212121	0.0454545	0.0454545	0.257576
0.0833333	0.0277778	0.0833333	0.0277778	0.194444	0.555556	0.0277778
0.0909091	0.0909091	0.0909091	0.272727	0.0909091	0.181818	0.181818
0.142857	0.142857	0.142857	0.142857	0.142857	0.142857	0.142857
0.125	0.0625	0.0625	0.0625	0.0625	0.5625	0.0625
0.142857	0.142857	0.142857	0.142857	0.142857	0.142857	0.142857
0.325581	0.0930233	0.325581	0.0697674	0.0232558	0.0465116	0.116279
0.113636	0.0454545	0.204545	0.0909091	0.113636	0.409091	0.0227273
0.148148	0.037037	0.222222	0.037037	0.111111	0.333333	0.111111
0.017094	0.034188	0.0128205	0.410256	0.0128205	0.119658	0.393162
0.571429	0.031746	0.031746	0.015873	0.015873	0.015873	0.31746
0.047619	0.309524	0.0238095	0.0238095	0.0952381	0.119048	0.380952
0.553191	0.0212766	0.0212766	0.0212766	0.148936	0.191489	0.0425532
0.0102041	0.0102041	0.0204082	0.755102	0.0102041	0.122449	0.0714286
0.428571	0.0952381	0.0952381	0.047619	0.047619	0.047619	0.238095
0.0153846	0.115385	0.00769231	0.5	0.0230769	0.00769231	0.330769
0.214286	0.142857	0.0714286	0.285714	0.142857	0.0714286	0.0714286
0.315789	0.0526316	0.0526316	0.0526316	0.157895	0.105263	0.263158
0.0666667	0.0666667	0.0666667	0.0666667	0.133333	0.266667	0.333333
0.491639	0.107023	0.00668896	0.0200669	0.00334448	0.173913	0.197324
0.531365	0.0495519	0.1903	0.0126516	0.00790722	0.156036	0.0521877
0.2	0.0666667	0.2	0.133333	0.133333	0.2	0.0666667
0.00833333	0.0916667	0.0166667	0.0333333	0.025	0.0833333	0.741667
0.0188679	0.0188679	0.0566038	0.0377358	0.0943396	0.584906	0.188679
0.135965	0.0328947	0.552632	0.00219298	0.00438596	0.0964912	0.175439
0.235294	0.176471	0.0588235	0.117647	0.0588235	0.235294	0.117647
0.0103615	0.0400645	0.00529588	0.192724	0.000230256	0.211144	0.54018
0.166667	0.166667	0.1	0.0666667	0.0333333	0.366667	0.1
0.242424	0.030303	0.212121	0.0909091	0.0606061	0.0606061	0.30303
0.0384615	0.307692	0.115385	0.0384615	0.0769231	0.115385	0.307692
0.0473373	0.0828402	0.00591716	0.390533	0.0118343	0.0710059	0.390533
0.482759	0.103448	0.155172	0.0344828	0.0172414	0.0517241	0.155172
0.705882	0.0882353	0.0588235	0.0588235	0.0294118	0.0294118	0.0294118
0.541667	0.0833333	0.0416667	0.0833333	0.125	0.0833333	0.0416667
0.0263158	0.131579	0.447368	0.0526316	0.263158	0.0526316	0.0263158
0.04	0.04	0.04	0.08	0.04	0.24	0.52
0.0205479	0.0753425	0.0342466	0.609589	0.0205479	0.0136986	0.226027
0.0526316	0.0263158	0.0263158	0.157895	0.0789474	0.184211	0.473684
0.0222222	0.0666667	0.0666667	0.0888889	0.0444444	0.4	0.311111
0.0212766	0.175532	0.0585106	0.00531915	0.00531915	0.691489	0.0425532
0.539683	0.126984	0.031746	0.031746	0.031746	0.0634921	0.174603
0.452055	0.0821918	0.0273973	0.0684932	0.0136986	0.150685	0.205479
0.0357143	0.321429	0.0714286	0.0357143	0.0357143	0.25	0.25
0.0261628	0.186047	0.252907	0.133721	0.125	0.194767	0.0813953
0.51145	0.0305344	0.114504	0.0152672	0.00763359	0.21374	0.10687
0.032967	0.0457875	0.003663	0.221612	0.014652	0.291209	0.39011
0.578947	0.0526316	0.105263	0.0526316	0.0526316	0.0526316	0.105263
0.0775862	0.0172414	0.00862069	0.0172414	0.00862069	0.715517	0.155172
0.18	0.02	0.06	0.02	0.08	0.56	0.08
0.659574	0.106383	0.0638298	0.0212766	0.0425532	0.0638298	0.0425532
0.0357143	0.116071	0.0178571	0.241071	0.00892857	0.0446429	0.535714
0.0410256	0.0512821	0.0564103	0.0102564	0.102564	0.676923	0.0615385
0.108108	0.0540541	0.027027	0.162162	0.0540541	0.135135	0.459459
0.137931	0.0862069	0.0862069	0.0172414	0.0517241	0.517241	0.103448
0.0344828	0.137931	0.137931	0.310345	0.137931	0.0689655	0.172414
0.0245098	0.166667	0.754902	0.0294118	0.00490196	0.00490196	0.0147059
0.0208333	0.125	0.0208333	0.333333	0.0208333	0.0208333	0.458333
0.363636	0.0909091	0.0909091	0.0909091	0.0909091	0.0909091	0.181818
0.0555556	0.138889	0.0555556	0.159722	0.0208333	0.152778	0.416667
0.527778	0.0277778	0.194444	0.0277778	0.0277778	0.0277778	0.166667
0.142857	0.142857	0.142857	0.142857	0.142857	0.142857	0.142857
0.333333	0.047619	0.285714	0.190476	0.047619	0.047619	0.047619
0.0909091	0.181818	0.0909091	0.0909091	0.0909091	0.0909091	0.363636
0.111111	0.222222	0.111111	0.222222	0.111111	0.111111	0.111111
0.407407	0.037037	0.222222	0.037037	0.037037	0.0740741	0.185185
0.380952	0.047619	0.142857	0.047619	0.047619	0.0952381	0.238095
0.268293	0.0243902	0.121951	0.0487805	0.0243902	0.0487805	0.463415
0.0125	0.45	0.0875	0.0375	0.025	0.1	0.2875
0.106557	0.213115	0.295082	0.0163934	0.0163934	0.0901639	0.262295
0.00884956	0.0294985	0.00294985	0.498525	0.00589971	0.0648968	0.389381
0.583333	0.0555556	0.111111	0.0277778	0.0555556	0.111111	0.0555556
0.00862069	0.0775862	0.0258621	0.0258621	0.0258621	0.612069	0.224138
0.0625	0.125	0.125	0.0625	0.0625	0.0625	0.5
0.333333	0.0952381	0.0952381	0.0952381	0.190476	0.0952381	0.0952381
0.0454545	0.0909091	0.136364	0.0454545	0.136364	0.318182	0.227273
0.15873	0.015873	0.253968	0.047619	0.0793651	0.380952	0.0634921
0.0526316	0.105263	0.210526	0.315789	0.0526316	0.157895	0.105263
0.020202	0.131313	0.010101	0.474747	0.010101	0.20202	0.151515
0.3	0.1	0.1	0.2	0.1	0.1	0.1
0.157895	0.105263	0.0526316	0.157895	0.0526316	0.157895	0.315789
0.130435	0.0434783	0.26087	0.0434783	0.0434783	0.347826	0.130435
0.375	0.0625	0.0625	0.0625	0.25	0.0625	0.125
0.0434783	0.0652174	0.0869565	0.108696	0.0217391	0.369565	0.304348
0.0875	0.0375	0.55	0.075	0.0375	0.1125	0.1
0.142857	0.142857	0.142857	0.142857	0.142857	0.142857	0.142857
0.488636	0.0340909	0.0909091	0.0454545	0.0454545	0.0909091	0.204545
0.046595	0.645161	0.0215054	0.00358423	0.0143369	0.0609319	0.207885
0.4	0.0285714	0.0571429	0.0285714	0.0571429	0.4	0.0285714
0.0458716	0.0550459	0.0183486	0.110092	0.00917431	0.0733945	0.688073
0.0416667	0.416667	0.166667	0.0416667	0.125	0.0416667	0.166667
0.178571	0.357143	0.0357143	0.0714286	0.0357143	0.0714286	0.25
0.025974	0.038961	0.12987	0.480519	0.012987	0.0519481	0.25974
0.166667	0.0833333	0.333333	0.0833333	0.166667	0.0833333	0.0833333
0.010989	0.0879121	0.010989	0.010989	0.032967	0.032967	0.813187
0.421053	0.0526316	0.0263158	0.342105	0.0526316	0.0789474	0.0263158
0.0363036	0.158416	0.171617	0.306931	0.00330033	0.0528053	0.270627
0.025	0.025	0.2	0.025	0.175	0.175	0.375
0.0536481	0.0450644	0.0107296	0.549356	0.00214592	0.0708155	0.26824
0.462366	0.0430108	0.0537634	0.0215054	0.0215054	0.172043	0.225806
0.0163043	0.559783	0.00543478	0.00543478	0.0326087	0.0923913	0.288043
0.00584795	0.0526316	0.0116959	0.649123	0.0175439	0.122807	0.140351
0.380952	0.142857	0.047619	0.142857	0.0952381	0.142857	0.047619
0.0909091	0.0909091	0.0909091	0.0909091	0.0909091	0.0909091	0.454545
0.32967	0.043956	0.21978	0.175824	0.010989	0.032967	0.186813
0.213483	0.0617978	0.0505618	0.0224719	0.0393258	0.404494	0.207865
0.0760053	0.0388864	0.723376	0.024304	0.0198851	0.0729121	0.044631
0.0625	0.552083	0.0625	0.03125	0.0104167	0.145833	0.135417
0.0533333	0.373333	0.04	0.0133333	0.04	0.0933333	0.386667
0.412587	0.104895	0.104895	0.034965	0.013986	0.0909091	0.237762
0.1	0.3	0.1	0.1	0.1	0.1	0.2
0.03125	0.125	0.03125	0.03125	0.0625	0.5625	0.15625
0.111111	0.0555556	0.277778	0.111111	0.0277778	0.222222	0.194444
0.0163934	0.508197	0.0163934	0.114754	0.0327869	0.229508	0.0819672
0.0115607	0.017341	0.0346821	0.445087	0.00578035	0.0462428	0.439306
0.52381	0.047619	0.0952381	0.0952381	0.0952381	0.0952381	0.047619
0.193182	0.0965909	0.159091	0.00568182	0.107955	0.420455	0.0170455
0.0869565	0.217391	0.130435	0.130435	0.130435	0.0434783	0.26087
0.0886076	0.101266	0.0126582	0.177215	0.0126582	0.151899	0.455696
0.05	0.25	0.05	0.15	0.1	0.15	0.25
0.535714	0.0178571	0.142857	0.0357143	0.0357143	0.0892857	0.142857
0.0172414	0.0172414	0.0172414	0.431034	0.0862069	0.0862069	0.344828
0.0810811	0.027027	0.459459	0.027027	0.027027	0.310811	0.0675676
0.0119048	0.0119048	0.0357143	0.047619	0.0119048	0.0238095	0.857143
0.204082	0.0816327	0.163265	0.0408163	0.102041	0.163265	0.244898
0.583333	0.0416667	0.0416667	0.0416667	0.0416667	0.125	0.125
0.156863	0.235294	0.0784314	0.0588235	0.0196078	0.352941	0.0980392
0.111111	0.2	0.0666667	0.0222222	0.0666667	0.0666667	0.466667
0.0208333	0.479167	0.0416667	0.0208333	0.0416667	0.375	0.0208333
0.138889	0.111111	0.444444	0.111111	0.0277778	0.0555556	0.111111
0.0185185	0.0925926	0.0185185	0.0185185	0.0555556	0.537037	0.259259
0.00333333	0.0544444	0.00777778	0.675556	0.00444444	0.124444	0.13
0.031746	0.349206	0.031746	0.00793651	0.015873	0.444444	0.119048
0.241379	0.103448	0.16092	0.206897	0.0344828	0.229885	0.0229885
0.565217	0.0217391	0.0434783	0.0434783	0.0652174	0.0217391	0.23913
0.0625	0.0625	0.125	0.125	0.1875	0.0625	0.375
0.0769231	0.0769231	0.0769231	0.153846	0.0769231	0.461538	0.0769231
0.081761	0.0974843	0.415094	0.0188679	0.0283019	0.157233	0.201258
0.102902	0.126649	0.0158311	0.218997	0.0158311	0.139842	0.379947
0.108434	0.060241	0.0120482	0.385542	0.0240964	0.13253	0.277108
0.333333	0.037037	0.111111	0.148148	0.0740741	0.222222	0.0740741
0.025641	0.230769	0.025641	0.410256	0.025641	0.0769231	0.205128
0.0225564	0.0451128	0.135338	0.240602	0.0225564	0.0300752	0.503759
0.183673	0.0816327	0.387755	0.0408163	0.122449	0.142857	0.0408163
0.488889	0.0444444	0.311111	0.0222222	0.0222222	0.0888889	0.0222222
0.0555556	0.148148	0.111111	0.037037	0.0185185	0.425926	0.203704
0.454545	0.0909091	0.0909091	0.0454545	0.0227273	0.113636	0.181818
0.0555556	0.0833333	0.305556	0.0277778	0.222222	0.111111	0.194444
0.162791	0.0232558	0.395349	0.0465116	0.0930233	0.162791	0.116279
0.0294118	0.147059	0.117647	0.205882	0.0882353	0.205882	0.205882
0.333333	0.121212	0.0606061	0.030303	0.030303	0.212121	0.212121
0.019544	0.319218	0.0358306	0.00325733	0.00325733	0.543974	0.0749186
0.0227273	0.0454545	0.0681818	0.0227273	0.318182	0.318182	0.204545
0.0212766	0.297872	0.0212766	0.148936	0.0425532	0.170213	0.297872
0.153846	0.0769231	0.0769231	0.0769231	0.153846	0.0769231	0.384615
0.0227273	0.0454545	0.0227273	0.25	0.0227273	0.136364	0.5
0.0625	0.0625	0.4375	0.25	0.0625	0.0625	0.0625
0.212121	0.0606061	0.0606061	0.030303	0.121212	0.212121	0.30303
0.0234114	0.107023	0.0401338	0.277592	0.0334448	0.341137	0.177258
0.555556	0.0793651	0.015873	0.031746	0.126984	0.0952381	0.0952381
0.0465116	0.116279	0.0930233	0.0697674	0.0232558	0.581395	0.0697674
0.706897	0.0689655	0.0517241	0.0172414	0.0172414	0.12069	0.0172414
0.406504	0.121951	0.325203	0.0243902	0.0243902	0.00813008	0.0894309
0.285714	0.178571	0.0357143	0.0357143	0.0357143	0.285714	0.142857
0.0909091	0.020202	0.444444	0.020202	0.191919	0.181818	0.0505051
0.0545455	0.381818	0.0363636	0.0363636	0.0363636	0.254545	0.2
0.125	0.0178571	0.464286	0.0357143	0.125	0.160714	0.0714286
0.111111	0.037037	0.0740741	0.037037	0.0740741	0.296296	0.37037
0.6	0.0666667	0.0333333	0.0333333	0.166667	0.0333333	0.0666667
0.0128205	0.0961538	0.467949	0.0705128	0.0128205	0.173077	0.166667
0.142857	0.142857	0.214286	0.0714286	0.142857	0.214286	0.0714286
0.776316	0.0131579	0.0131579	0.0921053	0.0263158	0.0657895	0.0131579
0.542373	0.059322	0.0254237	0.0169492	0.0254237	0.0847458	0.245763
0.0434783	0.130435	0.173913	0.0869565	0.173913	0.173913	0.217391
0.0571429	0.0857143	0.0857143	0.0571429	0.0571429	0.428571	0.228571
0.0144928	0.0144928	0.101449	0.0289855	0.0434783	0.652174	0.144928
0.137931	0.0689655	0.37931	0.0689655	0.0344828	0.0689655	0.241379
0.656863	0.0392157	0.00980392	0.0294118	0.0196078	0.107843	0.137255
0.0188679	0.54717	0.0377358	0.0188679	0.0566038	0.113208	0.207547
0.857143	0.0238095	0.0238095	0.0238095	0.0238095	0.0238095	0.0238095
0.0392157	0.196078	0.0392157	0.0588235	0.0196078	0.372549	0.27451
0.015873	0.650794	0.015873	0.031746	0.015873	0.047619	0.222222
0.0432099	0.037037	0.17284	0.0123457	0.0185185	0.0123457	0.703704
0.740741	0.037037	0.037037	0.0740741	0.037037	0.037037	0.037037
0.566667	0.0666667	0.2	0.0666667	0.0333333	0.0333333	0.0333333
0.25	0.125	0.0833333	0.0416667	0.0416667	0.0416667	0.416667
0.1	0.0333333	0.666667	0.0333333	0.0333333	0.1	0.0333333
0.030303	0.736364	0.0242424	0.0181818	0.0030303	0.112121	0.0757576
0.319444	0.125	0.0972222	0.0555556	0.0277778	0.263889	0.111111
0.103448	0.551724	0.0344828	0.0344828	0.0344828	0.137931	0.103448
0.0909091	0.0909091	0.0909091	0.0454545	0.0909091	0.0454545	0.545455
0.00840336	0.546218	0.092437	0.0336134	0.0252101	0.0840336	0.210084
0.0384615	0.230769	0.153846	0.115385	0.153846	0.0384615	0.269231
0.142857	0.142857	0.142857	0.142857	0.142857	0.142857	0.142857
0.690909	0.0545455	0.0909091	0.0363636	0.0545455	0.0181818	0.0545455
0.214286	0.333333	0.0238095	0.142857	0.047619	0.0238095	0.214286
0.0909091	0.0454545	0.227273	0.0454545	0.0454545	0.181818	0.363636
0.142857	0.142857	0.142857	0.142857	0.142857	0.142857	0.142857
0.0178571	0.0178571	0.116071	0.178571	0.0178571	0.535714	0.116071
0.0416667	0.0833333	0.0833333	0.0416667	0.125	0.0833333	0.541667
0.0819672	0.245902	0.0983607	0.0983607	0.0491803	0.311475	0.114754
0.209302	0.0232558	0.0465116	0.0465116	0.0697674	0.534884	0.0697674
0.597222	0.0972222	0.194444	0.0555556	0.0138889	0.0138889	0.0277778
0.0645161	0.193548	0.129032	0.0322581	0.193548	0.0645161	0.322581
0.611111	0.138889	0.0277778	0.0277778	0.0555556	0.0277778	0.111111
0.416667	0.0416667	0.0833333	0.0833333	0.125	0.166667	0.0833333
0.566845	0.0695187	0.0802139	0.0160428	0.0320856	0.117647	0.117647
0.0434783	0.0434783	0.0434783	0.173913	0.0434783	0.130435	0.521739
0.177778	0.0444444	0.0444444	0.0444444	0.111111	0.111111	0.466667
0.0298507	0.0746269	0.402985	0.0298507	0.0149254	0.208955	0.238806
0.12766	0.212766	0.191489	0.234043	0.0425532	0.106383	0.0851064
0.1	0.1	0.1	0.1	0.1	0.2	0.3
0.0666667	0.0666667	0.0333333	0.0666667	0.0666667	0.2	0.5
0.111111	0.166667	0.416667	0.0555556	0.0555556	0.111111	0.0833333
0.0294118	0.147059	0.264706	0.0147059	0.0147059	0.0441176	0.485294
0.185185	0.0740741	0.185185	0.148148	0.259259	0.037037	0.111111
0.125	0.125	0.166667	0.0416667	0.0833333	0.291667	0.166667
0.047619	0.0952381	0.0952381	0.0952381	0.047619	0.0952381	0.52381
0.159091	0.136364	0.272727	0.0681818	0.113636	0.0681818	0.181818
0.125	0.09375	0.09375	0.09375	0.03125	0.125	0.4375
0.214286	0.0714286	0.142857	0.0714286	0.285714	0.0714286	0.142857
0.541667	0.0833333	0.0416667	0.0416667	0.0416667	0.0416667	0.208333
0.523077	0.0153846	0.0615385	0.0153846	0.0307692	0.107692	0.246154
0.507463	0.0447761	0.0149254	0.0149254	0.0149254	0.298507	0.104478
0.0619469	0.0353982	0.0265487	0.115044	0.079646	0.300885	0.380531
0.0833333	0.270833	0.1875	0.0416667	0.0208333	0.375	0.0208333
0.0634921	0.238095	0.047619	0.126984	0.047619	0.047619	0.428571
0.239316	0.102564	0.0854701	0.0683761	0.034188	0.273504	0.196581
0.0163934	0.0218579	0.0245902	0.554645	0.0355191	0.0437158	0.303279
0.526316	0.0526316	0.105263	0.0526316	0.0526316	0.0526316	0.157895
0.05	0.15	0.05	0.1	0.05	0.45	0.15
0.0714286	0.142857	0.0714286	0.0714286	0.142857	0.142857	0.357143
0.261905	0.0238095	0.380952	0.0238095	0.0714286	0.214286	0.0238095
0.434783	0.130435	0.0869565	0.0434783	0.0869565	0.0869565	0.130435
0.333333	0.0277778	0.138889	0.0833333	0.0833333	0.194444	0.138889
0.146341	0.0487805	0.0243902	0.243902	0.0487805	0.243902	0.243902
0.0322581	0.0322581	0.0645161	0.0967742	0.0645161	0.193548	0.516129
0.0612245	0.0748299	0.0136054	0.0204082	0.00680272	0.00680272	0.816327
0.0326087	0.0543478	0.0434783	0.0652174	0.0108696	0.173913	0.619565
0.0833333	0.0833333	0.0833333	0.0833333	0.0833333	0.166667	0.416667
0.119048	0.0238095	0.142857	0.0714286	0.0952381	0.0952381	0.452381
0.388889	0.166667	0.0833333	0.0277778	0.0555556	0.0833333	0.194444
0.0666667	0.133333	0.0166667	0.133333	0.0166667	0.116667	0.516667
0.69697	0.0505051	0.0606061	0.0606061	0.10101	0.020202	0.010101
0.527778	0.0555556	0.0833333	0.0555556	0.0277778	0.138889	0.111111
0.0171233	0.523973	0.0582192	0.00684932	0.00684932	0.0239726	0.363014
0.589744	0.017094	0.230769	0.0512821	0.025641	0.0512821	0.034188
0.5625	0.03125	0.03125	0.15625	0.0625	0.09375	0.0625
0.04	0.0266667	0.0666667	0.48	0.0133333	0.08	0.293333
0.618182	0.0181818	0.0727273	0.0909091	0.0727273	0.0545455	0.0727273
0.0882353	0.0294118	0.558824	0.0294118	0.0294118	0.147059	0.117647
0.241379	0.0689655	0.413793	0.0344828	0.103448	0.103448	0.0344828
0.0188679	0.188679	0.283019	0.0566038	0.0566038	0.207547	0.188679
0.82	0.02	0.04	0.02	0.06	0.02	0.02
0.380952	0.047619	0.0952381	0.0952381	0.0952381	0.0952381	0.190476
0.475	0.025	0.125	0.025	0.025	0.275	0.05
0.105263	0.0315789	0.189474	0.168421	0.0105263	0.431579	0.0631579
0.444444	0.0185185	0.0185185	0.111111	0.0185185	0.12963	0.259259
0.383333	0.2	0.216667	0.0166667	0.0166667	0.0666667	0.1
0.411765	0.0294118	0.0294118	0.0294118	0.0882353	0.0588235	0.352941
0.142857	0.142857	0.142857	0.142857	0.142857	0.142857	0.142857
0.566667	0.0333333	0.0111111	0.0444444	0.0333333	0.244444	0.0666667
0.227273	0.136364	0.0454545	0.0909091	0.136364	0.227273	0.136364
0.372549	0.0392157	0.0196078	0.0196078	0.137255	0.372549	0.0392157
0.0930233	0.0465116	0.0465116	0.325581	0.0232558	0.0697674	0.395349
0.685714	0.0428571	0.0571429	0.0142857	0.0142857	0.0857143	0.1
0.028169	0.0633803	0.084507	0.0915493	0.00704225	0.169014	0.556338
0.00892857	0.0982143	0.0758929	0.629464	0.0133929	0.0267857	0.147321
0.0284091	0.0170455	0.0170455	0.0227273	0.0909091	0.602273	0.221591
0.112676	0.0422535	0.464789	0.056338	0.15493	0.112676	0.056338
0.48	0.12	0.04	0.08	0.12	0.12	0.04
0.272727	0.0909091	0.0909091	0.181818	0.0909091	0.181818	0.0909091
0.146341	0.0731707	0.439024	0.0487805	0.146341	0.121951	0.0243902
0.436364	0.145455	0.236364	0.0181818	0.0363636	0.0181818	0.109091
0.084507	0.0985915	0.0985915	0.0704225	0.0140845	0.394366	0.239437
0.157895	0.0526316	0.342105	0.105263	0.0263158	0.236842	0.0789474
0.310345	0.172414	0.275862	0.0689655	0.0344828	0.0689655	0.0689655
0.615385	0.025641	0.179487	0.0512821	0.025641	0.0512821	0.0512821
0.0588235	0.205882	0.0882353	0.352941	0.0294118	0.0588235	0.205882
0.0701754	0.0175439	0.385965	0.0175439	0.175439	0.0701754	0.263158
0.368421	0.0175439	0.438596	0.0175439	0.0350877	0.105263	0.0175439
0.16129	0.387097	0.129032	0.0322581	0.0322581	0.129032	0.129032
0.5	0.0384615	0.0384615	0.0384615	0.0769231	0.230769	0.0769231
0.391304	0.0652174	0.0217391	0.0434783	0.0217391	0.326087	0.130435
0.141176	0.123529	0.147059	0.0294118	0.358824	0.123529	0.0764706
0.106061	0.0909091	0.0151515	0.121212	0.0454545	0.0909091	0.530303
0.21875	0.125	0.0625	0.03125	0.0625	0.0625	0.4375
0.636364	0.0727273	0.109091	0.0181818	0.0363636	0.0181818	0.109091
0.0344828	0.0689655	0.103448	0.0344828	0.103448	0.62069	0.0344828
0.111111	0.0555556	0.111111	0.0555556	0.111111	0.111111	0.444444
0.0238095	0.0119048	0.0119048	0.0595238	0.0952381	0.595238	0.202381
0.00787402	0.0551181	0.0393701	0.0511811	0.023622	0.0984252	0.724409
0.125	0.0625	0.0625	0.0625	0.0625	0.1875	0.4375
0.00714286	0.0428571	0.0357143	0.271429	0.442857	0.05	0.15
0.333333	0.166667	0.0555556	0.0277778	0.166667	0.138889	0.111111
0.337209	0.0581395	0.0232558	0.0465116	0.0116279	0.104651	0.418605
0.294118	0.0588235	0.0588235	0.176471	0.0588235	0.0588235	0.294118
0.0833333	0.0833333	0.0833333	0.25	0.0833333	0.0833333	0.333333
0.0597015	0.0746269	0.0298507	0.149254	0.0149254	0.104478	0.567164
0.258065	0.193548	0.0322581	0.0483871	0.112903	0.016129	0.33871
0.142857	0.142857	0.142857	0.142857	0.142857	0.142857	0.142857
0.452381	0.047619	0.142857	0.0714286	0.0714286	0.047619	0.166667
0.0166667	0.05	0.0166667	0.45	0.05	0.1	0.316667
0.025641	0.025641	0.025641	0.153846	0.0512821	0.0512821	0.666667
0.0952381	0.190476	0.142857	0.0952381	0.190476	0.142857	0.142857
0.0156658	0.0417755	0.0182768	0.0939948	0.00261097	0.117493	0.710183
0.0869565	0.0869565	0.130435	0.0869565	0.0434783	0.0434783	0.521739
0.508772	0.0526316	0.105263	0.0350877	0.105263	0.122807	0.0701754
0.142857	0.0857143	0.0285714	0.114286	0.0285714	0.285714	0.314286
0.294118	0.0588235	0.117647	0.0588235	0.0588235	0.235294	0.176471
0.08	0.14	0.06	0.08	0.24	0.28	0.12
0.047619	0.238095	0.357143	0.0952381	0.0238095	0.0952381	0.142857
0.0408163	0.0204082	0.102041	0.387755	0.102041	0.22449	0.122449
0.0588235	0.176471	0.0588235	0.196078	0.0196078	0.254902	0.235294
0.0906736	0.0621762	0.00777202	0.00777202	0.015544	0.720207	0.0958549
0.513514	0.27027	0.027027	0.027027	0.027027	0.0540541	0.0810811
0.00413223	0.0495868	0.0247934	0.615702	0.123967	0.0289256	0.152893
0.192308	0.0769231	0.115385	0.0769231	0.0384615	0.346154	0.153846
0.601719	0.0372493	0.126074	0.0802292	0.0315186	0.0458453	0.0773639
0.541667	0.0416667	0.0833333	0.0416667	0.125	0.125	0.0416667
0.00906096	0.766063	0.0700165	0.0461285	0.00164745	0.0210049	0.0860791
0.0142857	0.728571	0.0142857	0.0285714	0.0428571	0.0857143	0.0857143
0.375	0.0227273	0.125	0.0340909	0.0113636	0.340909	0.0909091
0.0833333	0.291667	0.0416667	0.0833333	0.0416667	0.125	0.333333
0.460317	0.047619	0.015873	0.047619	0.031746	0.285714	0.111111
0.0164234	0.0693431	0.0346715	0.0711679	0.0145985	0.0437956	0.75
0.516129	0.0322581	0.322581	0.0322581	0.0322581	0.0322581	0.0322581
0.0322581	0.0322581	0.129032	0.258065	0.0322581	0.0967742	0.419355
0.0714286	0.0714286	0.0238095	0.214286	0.047619	0.047619	0.52381
0.666667	0.133333	0.0666667	0.0444444	0.0444444	0.0222222	0.0222222
0.0125	0.025	0.0125	0.0625	0.025	0.7125	0.15
0.345455	0.127273	0.0181818	0.0545455	0.0363636	0.181818	0.236364
0.0190217	0.0842391	0.0407609	0.508152	0.0298913	0.130435	0.1875
0.5	0.0454545	0.0454545	0.0454545	0.0454545	0.0909091	0.227273
0.166667	0.166667	0.166667	0.0833333	0.0833333	0.0833333	0.25
0.00740741	0.0444444	0.0222222	0.0296296	0.00740741	0.0444444	0.844444
0.0357143	0.178571	0.107143	0.142857	0.0714286	0.0357143	0.428571
0.1	0.1	0.1	0.1	0.1	0.1	0.4
0.281818	0.1	0.00909091	0.0181818	0.0454545	0.263636	0.281818
0.0833333	0.138889	0.0277778	0.277778	0.0277778	0.0555556	0.388889
0.0540541	0.108108	0.432432	0.027027	0.0540541	0.189189	0.135135
0.333333	0.047619	0.0952381	0.0238095	0.0238095	0.0714286	0.404762
0.0227273	0.0227273	0.0227273	0.0227273	0.0227273	0.659091	0.227273
0.166667	0.25	0.0833333	0.0833333	0.0833333	0.166667	0.166667
0.333333	0.0555556	0.277778	0.0555556	0.0555556	0.111111	0.111111
0.321429	0.0714286	0.0357143	0.142857	0.0357143	0.178571	0.214286
0.128713	0.188119	0.049505	0.148515	0.039604	0.316832	0.128713
0.06	0.38	0.12	0.02	0.02	0.04	0.36
0.103896	0.012987	0.467532	0.103896	0.012987	0.103896	0.194805
0.0262295	0.209836	0.537705	0.15082	0.00327869	0.0196721	0.052459
0.488889	0.0222222	0.2	0.0444444	0.133333	0.0444444	0.0666667
0.0224719	0.0898876	0.011236	0.123596	0.0337079	0.134831	0.58427
0.384615	0.0512821	0.025641	0.102564	0.025641	0.358974	0.0512821
0.0387597	0.0542636	0.333333	0.0465116	0.0232558	0.294574	0.209302
0.00961538	0.00961538	0.0192308	0.00961538	0.0192308	0.0192308	0.913462
0.142857	0.047619	0.047619	0.0952381	0.047619	0.47619	0.142857
0.0816327	0.0408163	0.0204082	0.122449	0.0204082	0.22449	0.489796
0.596774	0.016129	0.0483871	0.016129	0.016129	0.112903	0.193548
0.641509	0.103774	0.0660377	0.00943396	0.0188679	0.0377358	0.122642
0.0408163	0.0408163	0.0612245	0.0204082	0.0408163	0.591837	0.204082
0.46	0.02	0.24	0.04	0.06	0.06	0.12
0.699531	0.0328638	0.0798122	0.0187793	0.00469484	0.0469484	0.117371
0.79661	0.0338983	0.0338983	0.0169492	0.0338983	0.0338983	0.0508475
0.0487805	0.146341	0.0487805	0.170732	0.0243902	0.243902	0.317073
0.1	0.12	0.08	0.1	0.02	0.08	0.5
0.654321	0.0617284	0.0246914	0.0123457	0.0246914	0.0864198	0.135802
0.133333	0.133333	0.0666667	0.0666667	0.0666667	0.333333	0.2
0.0625	0.1875	0.3125	0.1875	0.125	0.0625	0.0625
0.272727	0.0909091	0.0909091	0.0909091	0.0909091	0.0909091	0.272727
0.0294118	0.176471	0.0294118	0.323529	0.0588235	0.0882353	0.294118
0.16	0.08	0.04	0.32	0.04	0.08	0.28
0.4	0.1	0.05	0.05	0.05	0.05	0.3
0.057971	0.376812	0.144928	0.0289855	0.0144928	0.0434783	0.333333
0.1	0.1	0.025	0.35	0.025	0.15	0.25
0.409091	0.0151515	0.181818	0.0151515	0.0151515	0.287879	0.0757576
0.214286	0.0357143	0.321429	0.25	0.0714286	0.0357143	0.0714286
0.153846	0.0384615	0.269231	0.0769231	0.230769	0.153846	0.0769231
0.113208	0.0943396	0.490566	0.0188679	0.0377358	0.169811	0.0754717
0.0625	0.25	0.109375	0.078125	0.015625	0.03125	0.453125
0.608108	0.0540541	0.108108	0.027027	0.0135135	0.121622	0.0675676
0.100233	0.170163	0.526807	0.025641	0.02331	0.151515	0.002331
0.463415	0.0243902	0.0487805	0.097561	0.097561	0.097561	0.170732
0.0172414	0.293103	0.0517241	0.0172414	0.0344828	0.189655	0.396552
0.0454545	0.352273	0.261364	0.0340909	0.0113636	0.113636	0.181818
0.075	0.125	0.05	0.075	0.05	0.025	0.6
0.417722	0.0126582	0.113924	0.113924	0.0759494	0.189873	0.0759494
0.169014	0.0211268	0.0985915	0.056338	0.0140845	0.542254	0.0985915
0.0357143	0.0357143	0.0357143	0.214286	0.0714286	0.0714286	0.535714
0.66875	0.0625	0.03125	0.04375	0.00625	0.1125	0.075
0.027027	0.243243	0.027027	0.027027	0.027027	0.243243	0.405405
0.1	0.075	0.35	0.025	0.025	0.15	0.275
0.831081	0.0202703	0.0675676	0.00675676	0.00675676	0.0472973	0.0202703
0.428571	0.0952381	0.047619	0.047619	0.047619	0.0952381	0.238095
0.148148	0.481481	0.037037	0.148148	0.037037	0.037037	0.111111
0.0740741	0.185185	0.518519	0.037037	0.0740741	0.0740741	0.037037
0.0322581	0.112903	0.274194	0.0483871	0.0322581	0.274194	0.225806
0.207547	0.0377358	0.113208	0.150943	0.0188679	0.0754717	0.396226
0.0952381	0.047619	0.238095	0.0952381	0.0952381	0.047619	0.380952
0.0277778	0.555556	0.0555556	0.0277778	0.0277778	0.111111	0.194444
0.0714286	0.0714286	0.0714286	0.0714286	0.0714286	0.0714286	0.571429
0.148148	0.037037	0.0740741	0.111111	0.111111	0.0740741	0.444444
0.08	0.24	0.12	0.08	0.04	0.24	0.2
0.391304	0.130435	0.0434783	0.0869565	0.0434783	0.173913	0.130435
0.556962	0.227848	0.0126582	0.0759494	0.0253165	0.0379747	0.0632911
0.0512821	0.153846	0.0512821	0.153846	0.128205	0.102564	0.358974
0.25	0.0576923	0.384615	0.0192308	0.0576923	0.0192308	0.211538
0.112069	0.0517241	0.0689655	0.0948276	0.0431034	0.525862	0.103448
0.075	0.575	0.0416667	0.00833333	0.0166667	0.0416667	0.241667
0.214286	0.0714286	0.142857	0.0714286	0.0714286	0.214286	0.214286
0.149254	0.119403	0.0447761	0.0597015	0.0746269	0.41791	0.134328
0.0204082	0.265306	0.0612245	0.22449	0.102041	0.163265	0.163265
0.0294118	0.0294118	0.176471	0.0882353	0.147059	0.117647	0.411765
0.0138889	0.180556	0.0972222	0.0555556	0.208333	0.138889	0.305556
0.103448	0.482759	0.0689655	0.137931	0.0344828	0.0689655	0.103448
0.037037	0.0864198	0.135802	0.0246914	0.0864198	0.506173	0.123457
0.0759494	0.0506329	0.0126582	0.0632911	0.0379747	0.607595	0.151899
0.0285714	0.180952	0.733333	0.0047619	0.00952381	0.00952381	0.0333333
0.68	0.04	0.01	0.06	0.02	0.12	0.07
0.2	0.05	0.2	0.15	0.1	0.25	0.05
0.347826	0.0434783	0.304348	0.130435	0.0434783	0.0869565	0.0434783
0.45	0.1	0.15	0.05	0.05	0.15	0.05
0.05	0.05	0.05	0.15	0.05	0.05	0.6
0.08	0.16	0.04	0.16	0.08	0.32	0.16
0.142857	0.0714286	0.214286	0.0357143	0.0357143	0.142857	0.357143
0.0833333	0.111111	0.111111	0.0833333	0.0555556	0.166667	0.388889
0.0135135	0.148649	0.135135	0.351351	0.0135135	0.0945946	0.243243
0.610619	0.00884956	0.0176991	0.0265487	0.00884956	0.212389	0.115044
0.12766	0.0212766	0.0425532	0.0425532	0.0638298	0.361702	0.340426
0.0178571	0.0535714	0.267857	0.25	0.0714286	0.0357143	0.303571
0.125	0.125	0.25	0.125	0.125	0.125	0.125
0.103448	0.5	0.0172414	0.0172414	0.0344828	0.137931	0.189655
0.259259	0.0925926	0.0185185	0.037037	0.0185185	0.407407	0.166667
0.181818	0.030303	0.151515	0.181818	0.030303	0.272727	0.151515
0.0714286	0.0714286	0.428571	0.0714286	0.142857	0.0714286	0.142857
0.733333	0.0222222	0.111111	0.0222222	0.0222222	0.0444444	0.0444444
0.0454545	0.318182	0.0909091	0.0909091	0.0909091	0.0454545	0.318182
0.035533	0.101523	0.0152284	0.0761421	0.00507614	0.0558376	0.71066
0.0555556	0.166667	0.111111	0.111111	0.0555556	0.444444	0.0555556
0.0769231	0.153846	0.153846	0.0769231	0.0769231	0.153846	0.307692
0.428571	0.0285714	0.0285714	0.0285714	0.0285714	0.2	0.257143
0.1	0.05	0.1	0.05	0.15	0.15	0.4
0.0100503	0.0502513	0.0251256	0.040201	0.0100503	0.0150754	0.849246
0.117284	0.0679012	0.277778	0.0864198	0.0432099	0.259259	0.148148
0.228571	0.285714	0.0571429	0.0285714	0.0571429	0.257143	0.0857143
0.147887	0.0352113	0.0633803	0.169014	0.0140845	0.239437	0.330986
0.0136986	0.0136986	0.0136986	0.835616	0.0136986	0.0273973	0.0821918
0.111111	0.111111	0.222222	0.111111	0.222222	0.111111	0.111111
0.0416667	0.0104167	0.0104167	0.708333	0.0104167	0.0729167	0.145833
0.51	0.04	0.085	0.03	0.015	0.125	0.195
0.162162	0.0810811	0.378378	0.027027	0.027027	0.216216	0.108108
0.414634	0.0853659	0.0487805	0.0121951	0.0121951	0.219512	0.207317
0.142857	0.142857	0.142857	0.142857	0.142857	0.142857	0.142857
0.185185	0.222222	0.037037	0.037037	0.037037	0.296296	0.185185
0.0135135	0.027027	0.0135135	0.027027	0.0135135	0.783784	0.121622
0.0714286	0.378571	0.0285714	0.185714	0.0142857	0.0214286	0.3
0.25	0.25	0.0416667	0.0416667	0.0416667	0.166667	0.208333
0.0952381	0.047619	0.047619	0.047619	0.190476	0.47619	0.0952381
0.028169	0.112676	0.225352	0.253521	0.0140845	0.239437	0.126761
0.15	0.1	0.05	0.05	0.1	0.2	0.35
0.107143	0.0714286	0.142857	0.214286	0.107143	0.107143	0.25
0.0384615	0.115385	0.0769231	0.230769	0.0384615	0.0769231	0.423077
0.025	0.175	0.1625	0.0625	0.025	0.15	0.4
0.0425532	0.170213	0.0425532	0.0638298	0.106383	0.255319	0.319149
0.0333333	0.0333333	0.0333333	0.3	0.0666667	0.2	0.333333
0.186441	0.152542	0.152542	0.0508475	0.0169492	0.135593	0.305085
0.113208	0.0377358	0.132075	0.433962	0.0188679	0.0188679	0.245283
0.333333	0.0277778	0.222222	0.0555556	0.0833333	0.0555556	0.222222
0.388889	0.0555556	0.111111	0.111111	0.111111	0.111111	0.111111
0.0526316	0.0526316	0.0526316	0.157895	0.0526316	0.105263	0.526316
0.0357143	0.0714286	0.0714286	0.0357143	0.0714286	0.0714286	0.642857
0.2	0.05	0.05	0.05	0.1	0.4	0.15
0.142857	0.142857	0.142857	0.142857	0.142857	0.142857	0.142857
0.457143	0.114286	0.0857143	0.0285714	0.0857143	0.0857143	0.142857
0.169014	0.309859	0.0422535	0.15493	0.028169	0.028169	0.267606
0.192308	0.230769	0.326923	0.0192308	0.0576923	0.0576923	0.115385
0.0652174	0.0217391	0.130435	0.0652174	0.108696	0.0652174	0.543478
0.268657	0.0149254	0.0746269	0.0298507	0.0298507	0.567164	0.0149254
0.0185185	0.0555556	0.0185185	0.037037	0.111111	0.037037	0.722222
0.0217391	0.0434783	0.0217391	0.413043	0.0869565	0.0652174	0.347826
0.52	0.04	0.12	0.04	0.08	0.04	0.16
0.15	0.225	0.075	0.05	0.025	0.15	0.325
0.0384615	0.0769231	0.0769231	0.153846	0.0384615	0.461538	0.153846
0.45	0.1	0.2625	0.025	0.0125	0.0375	0.1125
0.142857	0.047619	0.190476	0.0952381	0.047619	0.0952381	0.380952
0.236842	0.0263158	0.131579	0.0263158	0.302632	0.144737	0.131579
0.0357143	0.0857143	0.00714286	0.178571	0.00714286	0.128571	0.557143
0.0777778	0.211111	0.0111111	0.0333333	0.111111	0.333333	0.222222
0.101266	0.0253165	0.0632911	0.177215	0.0632911	0.227848	0.341772
0.176471	0.0294118	0.117647	0.235294	0.0882353	0.205882	0.147059
0.027933	0.212291	0.0111732	0.391061	0.027933	0.106145	0.223464
0.0277778	0.0138889	0.0277778	0.416667	0.0277778	0.111111	0.375
0.125	0.25	0.125	0.125	0.125	0.125	0.125
0.294118	0.0588235	0.235294	0.117647	0.117647	0.0588235	0.117647
0.142857	0.142857	0.142857	0.142857	0.142857	0.142857	0.142857
0.0775862	0.0689655	0.00862069	0.336207	0.00862069	0.0775862	0.422414
0.0108696	0.0108696	0.0108696	0.0652174	0.0217391	0.391304	0.48913
0.0294118	0.0294118	0.117647	0.0588235	0.0294118	0.323529	0.411765
0.0597015	0.0820896	0.00746269	0.0223881	0.0746269	0.537313	0.216418
0.0114943	0.0804598	0.0114943	0.0574713	0.0114943	0.264368	0.563218
0.47619	0.047619	0.0952381	0.047619	0.047619	0.261905	0.0238095
0.025	0.55	0.025	0.025	0.025	0.1	0.25
0.0892857	0.0892857	0.607143	0.0535714	0.0178571	0.107143	0.0357143
0.0222222	0.0444444	0.0888889	0.0666667	0.0666667	0.0444444	0.666667
0.0454545	0.409091	0.166667	0.121212	0.0454545	0.0606061	0.151515
0.0697674	0.0232558	0.0930233	0.0697674	0.0232558	0.0930233	0.627907
0.130435	0.0434783	0.0434783	0.304348	0.391304	0.0434783	0.0434783
0.0243902	0.707317	0.0243902	0.0243902	0.0243902	0.0243902	0.170732
0.0618557	0.0893471	0.0446735	0.0584192	0.00687285	0.00687285	0.731959
0.433333	0.0333333	0.0666667	0.0333333	0.0333333	0.133333	0.266667
0.0416667	0.0625	0.0833333	0.0625	0.0208333	0.25	0.479167
0.125	0.0833333	0.458333	0.0833333	0.0416667	0.166667	0.0416667
0.5	0.05	0.05	0.1	0.1	0.15	0.05
0.732394	0.028169	0.0422535	0.0140845	0.112676	0.056338	0.0140845
0.72	0.04	0.04	0.04	0.04	0.08	0.04
0.0205479	0.19863	0.0376712	0.256849	0.0239726	0.133562	0.328767
0.0714286	0.0714286	0.285714	0.0714286	0.142857	0.142857	0.214286
0.0638298	0.159574	0.0957447	0.319149	0.0957447	0.159574	0.106383
0.133333	0.133333	0.133333	0.0666667	0.0666667	0.2	0.266667
0.09375	0.125	0.03125	0.03125	0.03125	0.15625	0.53125
0.0625	0.0625	0.125	0.0625	0.0625	0.25	0.375
0.5	0.0555556	0.0555556	0.0555556	0.0555556	0.111111	0.166667
0.5	0.03125	0.078125	0.015625	0.03125	0.265625	0.078125
0.320513	0.0512821	0.0897436	0.025641	0.230769	0.24359	0.0384615
0.0519481	0.168831	0.116883	0.038961	0.038961	0.454545	0.12987
0.011811	0.00787402	0.00787402	0.0590551	0.0275591	0.0472441	0.838583
0.0347826	0.00869565	0.765217	0.0173913	0.026087	0.0695652	0.0782609
0.125	0.0625	0.125	0.1875	0.0625	0.1875	0.25
0.0747126	0.0402299	0.0114943	0.045977	0.0229885	0.362069	0.442529
0.153846	0.0769231	0.346154	0.0384615	0.0384615	0.153846	0.192308
0.118644	0.20339	0.0112994	0.288136	0.0169492	0.129944	0.231638
0.176471	0.0294118	0.323529	0.0588235	0.0588235	0.117647	0.235294
0.579439	0.00934579	0.0841121	0.00934579	0.0280374	0.224299	0.0654206
0.494118	0.0588235	0.0705882	0.0176471	0.152941	0.123529	0.0823529
0.545455	0.030303	0.0606061	0.151515	0.030303	0.151515	0.030303
0.142857	0.142857	0.142857	0.142857	0.142857	0.142857	0.142857
0.166667	0.0555556	0.166667	0.0555556	0.111111	0.0555556	0.388889
0.105263	0.210526	0.105263	0.210526	0.0526316	0.263158	0.0526316
0.753125	0.015625	0.00625	0.00625	0.0125	0.16875	0.0375
0.0625	0.1875	0.375	0.0625	0.0625	0.125	0.125
0.03125	0.3125	0.03125	0.03125	0.34375	0.03125	0.21875
0.016129	0.0645161	0.33871	0.0645161	0.016129	0.241935	0.258065
0.0803571	0.0267857	0.0982143	0.0625	0.107143	0.571429	0.0535714
0.440367	0.12844	0.0642202	0.0183486	0.0183486	0.155963	0.174312
0.0344828	0.103448	0.0689655	0.137931	0.0172414	0.0344828	0.603448
0.190476	0.047619	0.0238095	0.285714	0.0238095	0.214286	0.214286
0.640449	0.0561798	0.0280899	0.00561798	0.00561798	0.151685	0.11236
0.518519	0.111111	0.111111	0.037037	0.037037	0.111111	0.0740741
0.0315789	0.0947368	0.0105263	0.136842	0.0736842	0.336842	0.315789
0.45	0.05	0.15	0.15	0.05	0.1	0.05
0.278481	0.0379747	0.0316456	0.0126582	0.0126582	0.0759494	0.550633
0.514286	0.0285714	0.142857	0.0285714	0.0571429	0.2	0.0285714
0.230769	0.0307692	0.138462	0.107692	0.169231	0.261538	0.0615385
0.00735294	0.0147059	0.0147059	0.595588	0.00735294	0.0882353	0.272059
0.192308	0.0769231	0.0769231	0.0384615	0.0769231	0.153846	0.384615
0.142857	0.142857	0.142857	0.142857	0.142857	0.142857	0.142857
0.177778	0.0444444	0.0888889	0.0888889	0.0888889	0.222222	0.288889
0.1	0.1	0.1	0.1	0.3	0.2	0.1
0.0434783	0.0652174	0.0217391	0.108696	0.0869565	0.0869565	0.586957
