0.0212766	0.148936	0.12766	0.0851064	0.0638298	0.0425532	0.297872	0.0638298	0.0212766	0.12766
0.0333333	0.0333333	0.166667	0.233333	0.3	0.0333333	0.0666667	0.0333333	0.0333333	0.0666667
0.00350877	0.045614	0.0245614	0.182456	0.0210526	0.00350877	0.438596	0.129825	0.0807018	0.0701754
0.0344828	0.0344828	0.0689655	0.0344828	0.0344828	0.0344828	0.551724	0.0689655	0.0689655	0.0689655
0.0387597	0.00775194	0.0232558	0.0930233	0.00775194	0.0387597	0.0310078	0.100775	0.465116	0.193798
0.0434783	0.130435	0.0434783	0.130435	0.0869565	0.0434783	0.0869565	0.0434783	0.26087	0.130435
0.0333333	0.0333333	0.0333333	0.0666667	0.5	0.0666667	0.1	0.0666667	0.0333333	0.0666667
0.1	0.1	0.1	0.1	0.1	0.1	0.1	0.1	0.1	0.1
0.0333333	0.0666667	0.0333333	0.0833333	0.466667	0.0166667	0.1	0.0166667	0.133333	0.05
0.0909091	0.166667	0.0454545	0.0909091	0.0454545	0.030303	0.0454545	0.181818	0.0757576	0.227273
0.037037	0.0925926	0.0185185	0.0740741	0.185185	0.037037	0.407407	0.0185185	0.0185185	0.111111
0.027027	0.162162	0.0540541	0.027027	0.027027	0.027027	0.324324	0.0540541	0.108108	0.189189
0.0421053	0.0736842	0.0105263	0.126316	0.0947368	0.0210526	0.326316	0.0105263	0.0210526	0.273684
0.119403	0.0149254	0.0149254	0.119403	0.0597015	0.0298507	0.134328	0.0149254	0.328358	0.164179
0.04947	0.130742	0.169611	0.24735	0.00353357	0.0176678	0.0353357	0.0353357	0.0671378	0.243816
0.0547945	0.00684932	0.123288	0.00684932	0.561644	0.0136986	0.143836	0.0205479	0.0136986	0.0547945
0.16	0.04	0.04	0.04	0.4	0.04	0.12	0.04	0.04	0.08
0.0566038	0.132075	0.0188679	0.0566038	0.528302	0.0188679	0.0566038	0.0188679	0.0188679	0.0943396
0.0416667	0.520833	0.0208333	0.0416667	0.1875	0.0208333	0.0208333	0.0416667	0.0416667	0.0625
0.08	0.0133333	0.0666667	0.0133333	0.28	0.0133333	0.173333	0.04	0.0666667	0.253333
0.015625	0.03125	0.015625	0.078125	0.015625	0.015625	0.015625	0.171875	0.453125	0.1875
0.0196078	0.0588235	0.431373	0.0784314	0.0392157	0.0196078	0.0784314	0.0980392	0.0196078	0.156863
0.0188679	0.113208	0.0188679	0.415094	0.0754717	0.0188679	0.0377358	0.0943396	0.0566038	0.150943
0.0909091	0.0909091	0.0909091	0.0909091	0.0909091	0.181818	0.0909091	0.0909091	0.0909091	0.0909091
0.1	0.12	0.02	0.06	0.02	0.08	0.02	0.04	0.02	0.52
0.0357143	0.0357143	0.0714286	0.214286	0.107143	0.0357143	0.0357143	0.25	0.178571	0.0357143
0.148148	0.148148	0.037037	0.111111	0.037037	0.037037	0.037037	0.0740741	0.0740741	0.296296
0.1875	0.0625	0.0625	0.0625	0.125	0.25	0.0625	0.0625	0.0625	0.0625
0.05	0.05	0.05	0.05	0.05	0.05	0.05	0.25	0.25	0.15
0.0108696	0.00951087	0.00543478	0.00679348	0.00543478	0.0013587	0.0149457	0.873641	0.0597826	0.0122283
0.0294118	0.0882353	0.0294118	0.235294	0.235294	0.0294118	0.0588235	0.0588235	0.0882353	0.147059
0.03125	0.125	0.03125	0.46875	0.09375	0.03125	0.0625	0.0625	0.03125	0.0625
0.09375	0.203125	0.046875	0.046875	0.171875	0.015625	0.0625	0.125	0.21875	0.015625
0.0151515	0.030303	0.136364	0.151515	0.0454545	0.151515	0.106061	0.0909091	0.0606061	0.212121
0.0701754	0.131579	0.114035	0.342105	0.00877193	0.00877193	0.105263	0.0350877	0.0350877	0.149123
0.0273224	0.010929	0.00546448	0.125683	0.00546448	0.010929	0.0218579	0.617486	0.010929	0.163934
0.142857	0.047619	0.190476	0.047619	0.333333	0.047619	0.047619	0.047619	0.047619	0.047619
0.0322581	0.0322581	0.129032	0.0967742	0.387097	0.0322581	0.0322581	0.0322581	0.0645161	0.16129
0.0588235	0.132353	0.0882353	0.191176	0.0588235	0.25	0.0441176	0.0147059	0.0294118	0.132353
0.00552486	0.0441989	0.174033	0.0469613	0.0220994	0.00276243	0.607735	0.0110497	0.0801105	0.00552486
0.0319149	0.0425532	0.0212766	0.223404	0.0106383	0.0212766	0.0212766	0.0851064	0.159574	0.382979
0.0736842	0.0315789	0.0210526	0.0526316	0.0526316	0.0105263	0.0315789	0.0315789	0.2	0.494737
0.0434783	0.0869565	0.130435	0.0434783	0.0434783	0.130435	0.130435	0.173913	0.0869565	0.130435
0.028169	0.394366	0.084507	0.056338	0.056338	0.0140845	0.112676	0.0140845	0.0985915	0.140845
0.0146699	0.0366748	0.0366748	0.601467	0.0171149	0.00977995	0.0122249	0.0709046	0.136919	0.0635697
0.00505051	0.00505051	0.020202	0.010101	0.00505051	0.878788	0.020202	0.030303	0.020202	0.00505051
0.0526316	0.157895	0.105263	0.0789474	0.0526316	0.0263158	0.0263158	0.0789474	0.315789	0.105263
0.0606061	0.0363636	0.424242	0.0484848	0.0363636	0.0121212	0.163636	0.0484848	0.0727273	0.0969697
0.128205	0.025641	0.025641	0.179487	0.025641	0.025641	0.0769231	0.205128	0.0769231	0.230769
0.8	0.008	0.004	0.048	0.008	0.004	0.004	0.008	0.04	0.076
0.574074	0.0185185	0.0185185	0.0925926	0.037037	0.037037	0.0185185	0.037037	0.037037	0.12963
0.0285714	0.0285714	0.0285714	0.0285714	0.628571	0.0285714	0.0285714	0.0285714	0.0285714	0.142857
0.036	0.04	0.064	0.012	0.212	0.024	0.008	0.016	0.036	0.552
0.0421053	0.0105263	0.0105263	0.0105263	0.736842	0.0105263	0.115789	0.0105263	0.0105263	0.0421053
0.551724	0.0344828	0.0344828	0.0344828	0.0689655	0.0344828	0.0344828	0.103448	0.0689655	0.0344828
0.355556	0.0222222	0.0666667	0.0888889	0.0666667	0.0444444	0.0444444	0.0666667	0.222222	0.0222222
0.025641	0.0512821	0.025641	0.307692	0.025641	0.0128205	0.025641	0.128205	0.166667	0.230769
0.0273973	0.0410959	0.0410959	0.232877	0.0684932	0.0136986	0.0136986	0.0821918	0.424658	0.0547945
0.233333	0.0666667	0.133333	0.1	0.0333333	0.1	0.133333	0.0333333	0.0333333	0.133333
0.0638298	0.361702	0.0212766	0.106383	0.0212766	0.0212766	0.0212766	0.0638298	0.106383	0.212766
0.0645161	0.16129	0.0322581	0.0322581	0.0322581	0.0322581	0.0322581	0.0645161	0.0645161	0.483871
0.0188679	0.0566038	0.0377358	0.169811	0.0377358	0.0188679	0.0188679	0.0754717	0.169811	0.396226
0.0212766	0.0851064	0.0212766	0.0425532	0.0638298	0.0425532	0.425532	0.0851064	0.0425532	0.170213
0.0384615	0.625	0.0384615	0.00961538	0.0288462	0.0576923	0.0288462	0.00961538	0.0480769	0.115385
0.0425532	0.0425532	0.148936	0.148936	0.170213	0.106383	0.0851064	0.0212766	0.0425532	0.191489
0.0263158	0.184211	0.105263	0.184211	0.131579	0.0789474	0.0789474	0.0263158	0.0526316	0.131579
0.06	0.04	0.04	0.12	0.38	0.02	0.14	0.02	0.04	0.14
0.128205	0.0769231	0.025641	0.0769231	0.435897	0.025641	0.102564	0.0769231	0.025641	0.025641
0.012987	0.025974	0.012987	0.116883	0.116883	0.220779	0.0519481	0.012987	0.272727	0.155844
0.0196078	0.0784314	0.117647	0.294118	0.0196078	0.27451	0.0392157	0.0784314	0.0588235	0.0196078
0.0645161	0.129032	0.0645161	0.0322581	0.419355	0.0322581	0.0645161	0.0322581	0.0645161	0.0967742
0.263158	0.157895	0.0526316	0.0526316	0.0526316	0.0526316	0.210526	0.0526316	0.0526316	0.0526316
0.333333	0.0833333	0.0416667	0.0416667	0.0416667	0.0416667	0.0416667	0.0833333	0.0416667	0.25
0.25	0.178571	0.0357143	0.142857	0.0714286	0.142857	0.0714286	0.0357143	0.0357143	0.0357143
0.0304878	0.0304878	0.0304878	0.170732	0.00609756	0.0121951	0.00609756	0.390244	0.097561	0.22561
0.706897	0.0344828	0.0172414	0.0172414	0.0172414	0.0172414	0.0344828	0.0344828	0.0172414	0.103448
0.0483871	0.016129	0.016129	0.0645161	0.193548	0.145161	0.0483871	0.0645161	0.0645161	0.33871
0.0384615	0.0384615	0.115385	0.115385	0.307692	0.0384615	0.0384615	0.0384615	0.0384615	0.230769
0.0294118	0.0147059	0.0735294	0.0882353	0.0147059	0.0294118	0.0294118	0.0735294	0.397059	0.25
0.04	0.2	0.08	0.04	0.08	0.04	0.12	0.12	0.16	0.12
0.0526316	0.0526316	0.105263	0.105263	0.157895	0.0526316	0.0526316	0.0526316	0.0526316	0.315789
0.0408163	0.122449	0.0204082	0.0408163	0.122449	0.163265	0.163265	0.0408163	0.0408163	0.244898
0.0144928	0.0724638	0.0869565	0.101449	0.130435	0.0434783	0.15942	0.0144928	0.246377	0.130435
0.25641	0.025641	0.153846	0.025641	0.0512821	0.153846	0.153846	0.025641	0.025641	0.128205
0.0714286	0.142857	0.0714286	0.0714286	0.142857	0.0714286	0.0714286	0.0714286	0.214286	0.0714286
0.1	0.1	0.1	0.1	0.1	0.1	0.1	0.1	0.1	0.1
0.105263	0.0526316	0.0526316	0.0526316	0.0526316	0.0526316	0.157895	0.0526316	0.0526316	0.368421
0.1	0.1	0.1	0.1	0.1	0.1	0.1	0.1	0.1	0.1
0.0434783	0.108696	0.0434783	0.0652174	0.173913	0.0217391	0.304348	0.0217391	0.0217391	0.195652
0.0212766	0.106383	0.0638298	0.0212766	0.170213	0.0212766	0.297872	0.0425532	0.0638298	0.191489
0.0666667	0.0666667	0.166667	0.0333333	0.2	0.0333333	0.0666667	0.0333333	0.0666667	0.266667
0.00421941	0.0168776	0.00843882	0.21097	0.0295359	0.00843882	0.00421941	0.0379747	0.57384	0.105485
0.409091	0.030303	0.0151515	0.136364	0.0151515	0.0151515	0.0151515	0.030303	0.0606061	0.272727
0.0444444	0.111111	0.0222222	0.333333	0.0444444	0.0444444	0.0222222	0.0222222	0.155556	0.2
0.06	0.02	0.02	0.02	0.46	0.2	0.02	0.06	0.02	0.12
0.019802	0.00990099	0.00990099	0.039604	0.019802	0.00990099	0.019802	0.60396	0.178218	0.0891089
0.333333	0.0416667	0.0416667	0.125	0.0416667	0.0833333	0.0833333	0.0416667	0.0833333	0.125
0.0075188	0.0676692	0.037594	0.218045	0.0075188	0.0225564	0.0075188	0.157895	0.443609	0.0300752
0.117647	0.117647	0.176471	0.0588235	0.117647	0.117647	0.117647	0.0588235	0.0588235	0.0588235
0.181818	0.0454545	0.0454545	0.0454545	0.0909091	0.0909091	0.136364	0.0454545	0.0454545	0.272727
0.111111	0.111111	0.0555556	0.222222	0.0555556	0.111111	0.0555556	0.0555556	0.0555556	0.166667
0.586093	0.0298013	0.0165563	0.178808	0.0264901	0.00331126	0.0165563	0.00331126	0.00993377	0.129139
0.0447368	0.0457895	0.0210526	0.0131579	0.516316	0.00315789	0.232632	0.00210526	0.0247368	0.0963158
0.222222	0.111111	0.111111	0.0555556	0.222222	0.0555556	0.0555556	0.0555556	0.0555556	0.0555556
0.121951	0.105691	0.00813008	0.593496	0.0325203	0.00813008	0.0162602	0.0243902	0.0243902	0.0650407
0.0535714	0.0178571	0.0714286	0.107143	0.0178571	0.0178571	0.0535714	0.125	0.0178571	0.517857
0.0130719	0.08061	0.0588235	0.115468	0.126362	0.00217865	0.503268	0.00653595	0.0043573	0.0893246
0.4	0.05	0.05	0.05	0.05	0.05	0.05	0.15	0.1	0.05
0.00644271	0.19029	0.00552232	0.0492407	0.00644271	0.000230097	0.00253106	0.205706	0.0303728	0.503221
0.151515	0.0909091	0.030303	0.0909091	0.181818	0.030303	0.030303	0.0606061	0.121212	0.212121
0.0277778	0.0555556	0.166667	0.25	0.138889	0.0555556	0.0833333	0.111111	0.0277778	0.0833333
0.206897	0.0344828	0.0344828	0.103448	0.0344828	0.0344828	0.241379	0.0344828	0.103448	0.172414
0.0116279	0.0406977	0.0174419	0.127907	0.0174419	0.0174419	0.00581395	0.267442	0.186047	0.30814
0.0327869	0.0491803	0.0491803	0.0983607	0.42623	0.0163934	0.196721	0.0327869	0.0327869	0.0655738
0.108108	0.0810811	0.027027	0.027027	0.432432	0.027027	0.135135	0.0540541	0.0540541	0.0540541
0.0740741	0.0740741	0.0740741	0.037037	0.481481	0.111111	0.037037	0.037037	0.037037	0.037037
0.0487805	0.121951	0.0243902	0.0243902	0.121951	0.0243902	0.512195	0.0487805	0.0487805	0.0243902
0.0357143	0.0357143	0.0357143	0.107143	0.0357143	0.0357143	0.178571	0.107143	0.0357143	0.392857
0.00671141	0.00671141	0.0604027	0.134228	0.0201342	0.00671141	0.00671141	0.14094	0.610738	0.00671141
0.097561	0.097561	0.0243902	0.0243902	0.0731707	0.0487805	0.0487805	0.0487805	0.0731707	0.463415
0.104167	0.0416667	0.0416667	0.0625	0.0208333	0.125	0.0625	0.104167	0.0833333	0.354167
0.0052356	0.120419	0.120419	0.026178	0.0732984	0.0052356	0.0471204	0.0104712	0.0052356	0.586387
0.0606061	0.0151515	0.0454545	0.0606061	0.515152	0.030303	0.0454545	0.0151515	0.0606061	0.151515
0.513158	0.0526316	0.0131579	0.144737	0.0394737	0.0131579	0.0394737	0.0394737	0.0263158	0.118421
0.129032	0.225806	0.0322581	0.0645161	0.0645161	0.0645161	0.0322581	0.0322581	0.0967742	0.258065
0.0432277	0.164265	0.0778098	0.037464	0.0662824	0.0144092	0.308357	0.236311	0.0172911	0.0345821
0.0223881	0.0298507	0.0373134	0.0298507	0.447761	0.0149254	0.11194	0.00746269	0.0223881	0.276119
0.0528233	0.120219	0.010929	0.0619308	0.0127505	0.010929	0.00364299	0.0947177	0.167577	0.464481
0.0454545	0.0454545	0.0454545	0.0454545	0.545455	0.0454545	0.0454545	0.0454545	0.0454545	0.0909091
0.0420168	0.0168067	0.0168067	0.0336134	0.184874	0.00840336	0.0168067	0.00840336	0.00840336	0.663866
0.226415	0.0188679	0.0943396	0.0377358	0.0377358	0.150943	0.0377358	0.0377358	0.0943396	0.264151
0.08	0.06	0.02	0.04	0.52	0.04	0.04	0.02	0.04	0.14
0.0173913	0.0608696	0.026087	0.33913	0.026087	0.00869565	0.0173913	0.026087	0.278261	0.2
0.00505051	0.0252525	0.0707071	0.0151515	0.00505051	0.010101	0.151515	0.020202	0.010101	0.686869
0.175	0.075	0.025	0.175	0.025	0.025	0.1	0.025	0.225	0.15
0.0491803	0.0327869	0.0163934	0.147541	0.262295	0.0163934	0.0655738	0.0163934	0.0327869	0.360656
0.03125	0.09375	0.09375	0.0625	0.03125	0.125	0.03125	0.0625	0.34375	0.125
0.0144928	0.00483092	0.729469	0.00966184	0.00966184	0.00483092	0.0434783	0.00966184	0.169082	0.00483092
0.0392157	0.0980392	0.0392157	0.0392157	0.0196078	0.0392157	0.0392157	0.117647	0.333333	0.235294
0.285714	0.0714286	0.0714286	0.0714286	0.0714286	0.0714286	0.0714286	0.0714286	0.0714286	0.142857
0.0204082	0.0612245	0.00680272	0.319728	0.0204082	0.00680272	0.0612245	0.0204082	0.360544	0.122449
0.025641	0.025641	0.0512821	0.205128	0.461538	0.025641	0.0769231	0.025641	0.0512821	0.0512821
0.1	0.1	0.1	0.1	0.1	0.1	0.1	0.1	0.1	0.1
0.0416667	0.0416667	0.166667	0.0416667	0.375	0.0416667	0.0416667	0.166667	0.0416667	0.0416667
0.0714286	0.214286	0.0714286	0.214286	0.0714286	0.0714286	0.0714286	0.0714286	0.0714286	0.0714286
0.0833333	0.166667	0.0833333	0.0833333	0.0833333	0.0833333	0.0833333	0.166667	0.0833333	0.0833333
0.1	0.1	0.0333333	0.0333333	0.333333	0.0333333	0.1	0.0333333	0.0333333	0.2
0.0416667	0.0416667	0.0416667	0.166667	0.375	0.0416667	0.0833333	0.0416667	0.0416667	0.125
0.181818	0.0227273	0.136364	0.0681818	0.0454545	0.0227273	0.0227273	0.0227273	0.0909091	0.386364
0.0240964	0.457831	0.0361446	0.228916	0.0120482	0.0240964	0.0120482	0.0120482	0.060241	0.13253
0.064	0.064	0.312	0.136	0.104	0.008	0.016	0.024	0.04	0.232
0.0146199	0.00877193	0.00584795	0.19883	0.00877193	0.00292398	0.00292398	0.114035	0.447368	0.195906
0.025641	0.0512821	0.0512821	0.025641	0.564103	0.0512821	0.102564	0.025641	0.025641	0.0769231
0.00840336	0.0168067	0.00840336	0.252101	0.00840336	0.00840336	0.0252101	0.0168067	0.0504202	0.605042
0.0526316	0.0526316	0.0526316	0.0526316	0.0526316	0.0526316	0.105263	0.0526316	0.0526316	0.473684
0.0416667	0.0416667	0.0416667	0.0416667	0.458333	0.0833333	0.0833333	0.0416667	0.0416667	0.125
0.08	0.2	0.04	0.04	0.08	0.04	0.08	0.08	0.04	0.32
0.106061	0.0606061	0.151515	0.0151515	0.0606061	0.0454545	0.333333	0.0151515	0.030303	0.181818
0.0454545	0.0909091	0.0909091	0.0909091	0.0454545	0.0454545	0.0454545	0.227273	0.136364	0.181818
0.0294118	0.0392157	0.00980392	0.127451	0.00980392	0.00980392	0.00980392	0.137255	0.431373	0.196078
0.230769	0.0769231	0.0769231	0.0769231	0.0769231	0.0769231	0.0769231	0.153846	0.0769231	0.0769231
0.136364	0.0909091	0.0454545	0.0909091	0.0454545	0.0454545	0.0454545	0.0454545	0.272727	0.181818
0.0769231	0.115385	0.192308	0.0384615	0.0384615	0.0384615	0.115385	0.0384615	0.0384615	0.307692
0.263158	0.0526316	0.105263	0.105263	0.157895	0.105263	0.0526316	0.0526316	0.0526316	0.0526316
0.0612245	0.0612245	0.0408163	0.0408163	0.0408163	0.0204082	0.0408163	0.122449	0.0204082	0.55102
0.0120482	0.0843373	0.108434	0.0722892	0.0481928	0.0120482	0.385542	0.168675	0.0361446	0.0722892
0.1	0.1	0.1	0.1	0.1	0.1	0.1	0.1	0.1	0.1
0.010989	0.0659341	0.032967	0.0659341	0.472527	0.032967	0.142857	0.043956	0.032967	0.0989011
0.0177305	0.542553	0.0248227	0.0531915	0.070922	0.0248227	0.0319149	0.0035461	0.0177305	0.212766
0.184211	0.0526316	0.0526316	0.0263158	0.368421	0.0789474	0.105263	0.0526316	0.0526316	0.0263158
0.00892857	0.0357143	0.0357143	0.553571	0.0178571	0.0267857	0.00892857	0.0446429	0.0714286	0.196429
0.0740741	0.185185	0.037037	0.222222	0.037037	0.0740741	0.185185	0.037037	0.0740741	0.0740741
0.129032	0.129032	0.0322581	0.0645161	0.258065	0.0322581	0.0967742	0.0322581	0.129032	0.0967742
0.05	0.0375	0.1	0.15	0.0125	0.0125	0.025	0.2875	0.1625	0.1625
0.0666667	0.0666667	0.0666667	0.0666667	0.2	0.0666667	0.266667	0.0666667	0.0666667	0.0666667
0.0319149	0.0319149	0.0106383	0.56383	0.0106383	0.0531915	0.0106383	0.0106383	0.0744681	0.202128
0.439024	0.0731707	0.0487805	0.0243902	0.0243902	0.0243902	0.0487805	0.219512	0.0731707	0.0243902
0.00326797	0.0359477	0.130719	0.212418	0.0261438	0.00326797	0.0620915	0.27451	0.173203	0.0784314
0.0465116	0.0465116	0.0697674	0.418605	0.0232558	0.0465116	0.186047	0.0465116	0.0465116	0.0697674
0.0298507	0.0127932	0.00852878	0.119403	0.0319829	0.0021322	0.0127932	0.162047	0.464819	0.15565
0.0104167	0.0208333	0.0208333	0.104167	0.53125	0.03125	0.03125	0.0208333	0.0416667	0.1875
0.026738	0.486631	0.0160428	0.203209	0.0106952	0.0106952	0.0748663	0.0160428	0.0106952	0.144385
0.0574713	0.0287356	0.0114943	0.0574713	0.0172414	0.0114943	0.00574713	0.488506	0.172414	0.149425
0.458333	0.0416667	0.0416667	0.0416667	0.0416667	0.0416667	0.0416667	0.166667	0.0416667	0.0833333
0.0714286	0.0714286	0.0714286	0.357143	0.0714286	0.0714286	0.0714286	0.0714286	0.0714286	0.0714286
0.0106383	0.0531915	0.0531915	0.138298	0.329787	0.0106383	0.12766	0.12766	0.0957447	0.0531915
0.287293	0.0883978	0.0441989	0.0331492	0.0497238	0.0165746	0.0497238	0.0220994	0.0497238	0.359116
0.0525154	0.0119153	0.59797	0.0180936	0.0516328	0.011474	0.161959	0.0123566	0.0353045	0.0467785
0.0606061	0.252525	0.0606061	0.0606061	0.272727	0.010101	0.030303	0.020202	0.0606061	0.171717
0.0128205	0.128205	0.0641026	0.564103	0.0128205	0.025641	0.0897436	0.0128205	0.0512821	0.0384615
0.0684932	0.0410959	0.116438	0.150685	0.342466	0.0205479	0.0684932	0.0479452	0.0205479	0.123288
0.0769231	0.230769	0.0769231	0.0769231	0.0769231	0.0769231	0.0769231	0.0769231	0.0769231	0.153846
0.171429	0.142857	0.0285714	0.0285714	0.0571429	0.0285714	0.0285714	0.0285714	0.0571429	0.428571
0.153846	0.0769231	0.025641	0.102564	0.102564	0.153846	0.128205	0.0512821	0.153846	0.0512821
0.03125	0.140625	0.015625	0.046875	0.3125	0.046875	0.015625	0.1875	0.046875	0.15625
0.0625	0.0170455	0.0170455	0.181818	0.00568182	0.0113636	0.0170455	0.125	0.340909	0.221591
0.0416667	0.0416667	0.0833333	0.0416667	0.5	0.0833333	0.0416667	0.0416667	0.0416667	0.0833333
0.0391061	0.100559	0.195531	0.0391061	0.223464	0.0670391	0.122905	0.0111732	0.0391061	0.162011
0.115385	0.153846	0.0384615	0.192308	0.0769231	0.0384615	0.0769231	0.0384615	0.153846	0.115385
0.0243902	0.146341	0.0365854	0.182927	0.0609756	0.0121951	0.0121951	0.0243902	0.158537	0.341463
0.0434783	0.0434783	0.0869565	0.0434783	0.130435	0.0869565	0.0869565	0.173913	0.0434783	0.26087
0.0169492	0.0169492	0.0169492	0.169492	0.372881	0.0338983	0.186441	0.0169492	0.0169492	0.152542
0.0163934	0.0491803	0.0163934	0.131148	0.0163934	0.0655738	0.0163934	0.0327869	0.459016	0.196721
0.038961	0.038961	0.493506	0.0519481	0.038961	0.012987	0.038961	0.012987	0.0909091	0.181818
0.0229885	0.0344828	0.0229885	0.54023	0.0229885	0.0229885	0.0114943	0.114943	0.0689655	0.137931
0.0769231	0.0769231	0.0961538	0.115385	0.0769231	0.0961538	0.173077	0.0384615	0.0576923	0.192308
0.0740741	0.0740741	0.037037	0.037037	0.444444	0.0740741	0.037037	0.037037	0.037037	0.148148
0.425926	0.0185185	0.037037	0.0185185	0.037037	0.0185185	0.111111	0.037037	0.185185	0.111111
0.0416667	0.0625	0.0625	0.1875	0.145833	0.0208333	0.0208333	0.0625	0.0208333	0.375
0.0196078	0.607843	0.0196078	0.0196078	0.0588235	0.0392157	0.0196078	0.0196078	0.0196078	0.176471
0.025641	0.0512821	0.307692	0.0512821	0.102564	0.0769231	0.128205	0.0769231	0.025641	0.153846
0.0350877	0.0526316	0.0175439	0.140351	0.0350877	0.0526316	0.0350877	0.0175439	0.0175439	0.596491
0.00996678	0.0564784	0.00664452	0.0609081	0.00221484	0.00110742	0.0055371	0.662237	0.101883	0.0930233
0.0542636	0.527132	0.0232558	0.0697674	0.0232558	0.00775194	0.0465116	0.0155039	0.0232558	0.209302
0.144444	0.0111111	0.155556	0.0444444	0.0888889	0.0444444	0.144444	0.0333333	0.222222	0.111111
0.0204082	0.0204082	0.0204082	0.122449	0.530612	0.0204082	0.0204082	0.0204082	0.0612245	0.163265
0.105263	0.105263	0.0526316	0.0526316	0.0526316	0.0526316	0.157895	0.0526316	0.0526316	0.315789
0.0625	0.125	0.125	0.0625	0.0625	0.0625	0.0625	0.125	0.0625	0.25
0.0747664	0.0249221	0.457944	0.115265	0.0249221	0.0155763	0.0124611	0.00311526	0.0747664	0.196262
0.0366492	0.026178	0.0157068	0.183246	0.0366492	0.0052356	0.0157068	0.0732984	0.298429	0.308901
0.162791	0.0697674	0.0581395	0.162791	0.0465116	0.0116279	0.0116279	0.151163	0.27907	0.0465116
0.266667	0.0333333	0.1	0.0666667	0.166667	0.0333333	0.0666667	0.1	0.0333333	0.133333
0.190476	0.047619	0.0238095	0.0238095	0.047619	0.0238095	0.0238095	0.214286	0.333333	0.0714286
0.00735294	0.0882353	0.0588235	0.242647	0.0220588	0.00735294	0.0147059	0.0588235	0.301471	0.198529
0.0192308	0.0384615	0.115385	0.173077	0.134615	0.0576923	0.384615	0.0384615	0.0192308	0.0192308
0.0416667	0.0208333	0.0208333	0.0208333	0.375	0.0416667	0.291667	0.0416667	0.0833333	0.0625
0.0350877	0.263158	0.0701754	0.105263	0.0701754	0.0350877	0.0526316	0.0350877	0.0175439	0.315789
0.0638298	0.0425532	0.0212766	0.0851064	0.361702	0.0638298	0.148936	0.0638298	0.0425532	0.106383
0.0512821	0.0512821	0.282051	0.102564	0.0512821	0.025641	0.205128	0.0769231	0.025641	0.128205
0.0217391	0.0434783	0.0217391	0.0434783	0.108696	0.0434783	0.478261	0.0217391	0.0434783	0.173913
0.0810811	0.0810811	0.0540541	0.243243	0.0810811	0.027027	0.0540541	0.108108	0.135135	0.135135
0.305556	0.0277778	0.111111	0.0277778	0.0555556	0.0277778	0.0277778	0.0555556	0.166667	0.194444
0.00967742	0.448387	0.0548387	0.0322581	0.103226	0.0129032	0.0290323	0.00322581	0.0258065	0.280645
0.0638298	0.0425532	0.0212766	0.0638298	0.0638298	0.170213	0.106383	0.0212766	0.106383	0.340426
0.28	0.04	0.02	0.12	0.02	0.02	0.06	0.1	0.18	0.16
0.0625	0.0625	0.0625	0.0625	0.125	0.0625	0.0625	0.125	0.1875	0.1875
0.0212766	0.0425532	0.0425532	0.148936	0.0425532	0.0851064	0.106383	0.0212766	0.382979	0.106383
0.0526316	0.0526316	0.157895	0.105263	0.0526316	0.0526316	0.210526	0.0526316	0.210526	0.0526316
0.0555556	0.0277778	0.0555556	0.25	0.222222	0.0833333	0.0833333	0.0277778	0.0833333	0.111111
0.0331126	0.0662252	0.00331126	0.0529801	0.0364238	0.0165563	0.0629139	0.0827815	0.370861	0.274834
0.242424	0.0909091	0.0151515	0.030303	0.287879	0.136364	0.030303	0.0151515	0.121212	0.030303
0.26087	0.130435	0.0434783	0.0217391	0.0869565	0.0217391	0.0217391	0.0217391	0.0217391	0.369565
0.0327869	0.0327869	0.0327869	0.0327869	0.672131	0.0819672	0.0491803	0.0163934	0.0163934	0.0327869
0.0873016	0.00793651	0.0555556	0.0873016	0.150794	0.0396825	0.468254	0.00793651	0.0396825	0.0555556
0.0322581	0.258065	0.0322581	0.0645161	0.258065	0.0322581	0.0322581	0.0322581	0.0322581	0.225806
0.0490196	0.00980392	0.0196078	0.0686275	0.0196078	0.00980392	0.77451	0.0294118	0.00980392	0.00980392
0.0344828	0.431034	0.0172414	0.0344828	0.0517241	0.0344828	0.0344828	0.0172414	0.0344828	0.310345
0.0338983	0.0169492	0.0169492	0.0847458	0.0169492	0.0169492	0.745763	0.0338983	0.0169492	0.0169492
0.1	0.0666667	0.0333333	0.1	0.0333333	0.0333333	0.0666667	0.1	0.0666667	0.4
0.0606061	0.030303	0.030303	0.030303	0.484848	0.212121	0.030303	0.030303	0.030303	0.0606061
0.0251572	0.0188679	0.496855	0.232704	0.0188679	0.0125786	0.0691824	0.0251572	0.0440252	0.0566038
0.117647	0.0588235	0.0588235	0.0588235	0.117647	0.0588235	0.235294	0.0588235	0.117647	0.117647
0.0379747	0.0126582	0.0126582	0.0126582	0.708861	0.0126582	0.0886076	0.0126582	0.0759494	0.0253165
0.0330579	0.0413223	0.00826446	0.0826446	0.495868	0.00826446	0.0826446	0.0247934	0.0247934	0.198347
0.0769231	0.153846	0.0769231	0.192308	0.0769231	0.115385	0.0769231	0.0384615	0.0384615	0.153846
0.0263158	0.131579	0.0263158	0.0263158	0.0263158	0.0526316	0.0526316	0.0263158	0.0263158	0.605263
0.0277778	0.0277778	0.0555556	0.0138889	0.0138889	0.0694444	0.0972222	0.0555556	0.0416667	0.597222
0.03125	0.03125	0.03125	0.1875	0.09375	0.09375	0.375	0.03125	0.0625	0.0625
0.761905	0.0190476	0.00952381	0.0285714	0.00952381	0.0285714	0.00952381	0.0285714	0.0285714	0.0761905
0.142857	0.285714	0.0535714	0.196429	0.0357143	0.0178571	0.0535714	0.0178571	0.0178571	0.178571
0.0444444	0.0222222	0.0222222	0.0222222	0.755556	0.0222222	0.0444444	0.0222222	0.0222222	0.0222222
0.0740741	0.37037	0.0185185	0.0740741	0.0555556	0.0185185	0.0185185	0.0555556	0.148148	0.166667
0.030303	0.606061	0.0151515	0.151515	0.0151515	0.030303	0.0151515	0.030303	0.0454545	0.0606061
0.0181818	0.0181818	0.133333	0.4	0.0181818	0.0121212	0.0121212	0.00606061	0.115152	0.266667
0.0666667	0.0333333	0.0666667	0.0666667	0.566667	0.0333333	0.0333333	0.0333333	0.0666667	0.0333333
0.0606061	0.030303	0.0909091	0.0606061	0.424242	0.030303	0.121212	0.0909091	0.0606061	0.030303
0.0740741	0.0740741	0.037037	0.0740741	0.111111	0.037037	0.0740741	0.0740741	0.148148	0.296296
0.121212	0.030303	0.030303	0.030303	0.121212	0.0909091	0.484848	0.030303	0.030303	0.030303
0.015015	0.723724	0.048048	0.0720721	0.03003	0.003003	0.003003	0.003003	0.024024	0.0780781
0.36	0.0666667	0.0266667	0.133333	0.0266667	0.0266667	0.0666667	0.04	0.0133333	0.24
0.03125	0.03125	0.03125	0.09375	0.53125	0.0625	0.03125	0.03125	0.03125	0.125
0.12	0.04	0.04	0.36	0.04	0.12	0.08	0.04	0.08	0.08
0.0245902	0.47541	0.0245902	0.0655738	0.0163934	0.0245902	0.0491803	0.00819672	0.114754	0.196721
0.0689655	0.0689655	0.172414	0.206897	0.0689655	0.137931	0.0344828	0.103448	0.103448	0.0344828
0.1	0.1	0.1	0.1	0.1	0.1	0.1	0.1	0.1	0.1
0.0172414	0.0344828	0.0517241	0.0172414	0.689655	0.0862069	0.0517241	0.0172414	0.0172414	0.0172414
0.2	0.0666667	0.111111	0.0444444	0.0888889	0.0222222	0.133333	0.0222222	0.177778	0.133333
0.08	0.08	0.12	0.2	0.08	0.04	0.12	0.08	0.04	0.16
0.1	0.1	0.1	0.1	0.1	0.1	0.1	0.1	0.1	0.1
0.0695652	0.00869565	0.026087	0.0434783	0.0782609	0.0173913	0.513043	0.104348	0.0695652	0.0695652
0.037037	0.037037	0.111111	0.444444	0.037037	0.0740741	0.037037	0.0740741	0.037037	0.111111
0.140625	0.03125	0.046875	0.015625	0.0625	0.015625	0.046875	0.03125	0.3125	0.296875
0.26087	0.0217391	0.0217391	0.0217391	0.152174	0.108696	0.108696	0.0217391	0.0217391	0.26087
0.0666667	0.0133333	0.0133333	0.0266667	0.52	0.0133333	0.173333	0.0266667	0.133333	0.0133333
0.0294118	0.147059	0.0294118	0.176471	0.0588235	0.147059	0.117647	0.0294118	0.0588235	0.205882
0.0512821	0.025641	0.0512821	0.0512821	0.435897	0.0769231	0.0512821	0.025641	0.128205	0.102564
0.037037	0.037037	0.037037	0.037037	0.518519	0.0740741	0.111111	0.037037	0.037037	0.0740741
0.0263158	0.0736842	0.00526316	0.0105263	0.515789	0.0157895	0.105263	0.00526316	0.0421053	0.2
0.0769231	0.0384615	0.0384615	0.230769	0.0384615	0.0384615	0.0384615	0.0769231	0.230769	0.192308
0.125	0.0208333	0.0625	0.229167	0.0416667	0.0625	0.166667	0.0416667	0.145833	0.104167
0.0714286	0.0285714	0.471429	0.142857	0.0142857	0.0142857	0.0714286	0.0428571	0.0428571	0.1
0.22	0.04	0.14	0.02	0.1	0.04	0.12	0.06	0.2	0.06
0.153846	0.0769231	0.0769231	0.153846	0.0769231	0.0769231	0.0769231	0.0769231	0.0769231	0.153846
0.121212	0.030303	0.030303	0.181818	0.0909091	0.030303	0.030303	0.030303	0.272727	0.181818
0.0512821	0.128205	0.128205	0.0512821	0.025641	0.025641	0.282051	0.025641	0.179487	0.102564
0.056338	0.0140845	0.028169	0.225352	0.0422535	0.0140845	0.28169	0.0140845	0.0140845	0.309859
0.233333	0.1	0.0333333	0.0333333	0.1	0.1	0.1	0.166667	0.1	0.0333333
0.0740741	0.222222	0.148148	0.111111	0.037037	0.037037	0.037037	0.0740741	0.111111	0.148148
0.125	0.25	0.0416667	0.25	0.0416667	0.0416667	0.0416667	0.125	0.0416667	0.0416667
0.0851064	0.0212766	0.12766	0.12766	0.191489	0.106383	0.106383	0.0638298	0.106383	0.0638298
0.0285714	0.0571429	0.0571429	0.285714	0.0571429	0.0571429	0.0285714	0.0285714	0.228571	0.171429
0.117647	0.117647	0.0588235	0.0588235	0.117647	0.176471	0.0588235	0.0588235	0.0588235	0.176471
0.0740741	0.037037	0.037037	0.148148	0.481481	0.037037	0.037037	0.037037	0.037037	0.0740741
0.0147059	0.0147059	0.0147059	0.0294118	0.470588	0.0441176	0.132353	0.0294118	0.0294118	0.220588
0.0714286	0.0142857	0.0285714	0.0571429	0.471429	0.0142857	0.0142857	0.0142857	0.0285714	0.285714
0.0775862	0.0258621	0.0344828	0.181034	0.00862069	0.00862069	0.0431034	0.0689655	0.181034	0.37069
0.156863	0.196078	0.0196078	0.0196078	0.0392157	0.0392157	0.235294	0.0392157	0.0196078	0.235294
0.0757576	0.0454545	0.0454545	0.363636	0.030303	0.030303	0.0454545	0.166667	0.151515	0.0454545
0.25	0.0166667	0.00833333	0.025	0.025	0.0166667	0.391667	0.0583333	0.1	0.108333
0.0325203	0.0379404	0.0135501	0.230352	0.0162602	0.0189702	0.00813008	0.493225	0.097561	0.0514905
0.0454545	0.0909091	0.0454545	0.0454545	0.5	0.0454545	0.0454545	0.0909091	0.0454545	0.0454545
0.0434783	0.304348	0.0434783	0.0869565	0.0434783	0.0869565	0.0434783	0.0869565	0.0869565	0.173913
0.0588235	0.0588235	0.117647	0.117647	0.0588235	0.0588235	0.0588235	0.117647	0.176471	0.176471
0.0222222	0.0222222	0.0222222	0.0222222	0.111111	0.0444444	0.533333	0.0222222	0.0222222	0.177778
0.0769231	0.0384615	0.0384615	0.0384615	0.307692	0.0384615	0.153846	0.0384615	0.0384615	0.230769
0.153846	0.0769231	0.0512821	0.025641	0.358974	0.0769231	0.025641	0.102564	0.025641	0.102564
0.0454545	0.0454545	0.0909091	0.113636	0.0681818	0.0454545	0.0227273	0.113636	0.159091	0.295455
0.0294118	0.0294118	0.0294118	0.235294	0.0294118	0.0294118	0.0882353	0.147059	0.0588235	0.323529
0.0666667	0.0133333	0.0266667	0.653333	0.04	0.00666667	0.0133333	0.0333333	0.0466667	0.1
0.0421053	0.105263	0.0105263	0.494737	0.0210526	0.0105263	0.0210526	0.0105263	0.0631579	0.221053
0.0666667	0.0666667	0.0666667	0.2	0.0666667	0.0666667	0.0666667	0.0666667	0.0666667	0.266667
0.0444444	0.0888889	0.0888889	0.222222	0.0444444	0.0222222	0.0888889	0.0222222	0.0666667	0.311111
0.025641	0.0512821	0.0512821	0.025641	0.435897	0.025641	0.102564	0.025641	0.0512821	0.205128
0.0793651	0.0634921	0.015873	0.507937	0.015873	0.015873	0.015873	0.031746	0.142857	0.111111
0.205882	0.117647	0.0588235	0.00980392	0.333333	0.107843	0.0980392	0.00980392	0.0294118	0.0294118
0.025641	0.0769231	0.0769231	0.102564	0.461538	0.025641	0.0769231	0.025641	0.025641	0.102564
0.0305085	0.277966	0.020339	0.461017	0.0305085	0.0101695	0.0372881	0.00677966	0.0813559	0.0440678
0.05	0.0166667	0.0416667	0.0583333	0.5	0.00833333	0.175	0.0333333	0.0333333	0.0833333
0.114286	0.0285714	0.0285714	0.0285714	0.485714	0.0285714	0.0285714	0.171429	0.0285714	0.0571429
0.0641026	0.0128205	0.0384615	0.128205	0.0384615	0.0128205	0.0512821	0.179487	0.307692	0.166667
0.0862069	0.0344828	0.0344828	0.103448	0.568966	0.0172414	0.0172414	0.0862069	0.0172414	0.0344828
0.027027	0.027027	0.027027	0.0540541	0.135135	0.027027	0.405405	0.027027	0.0540541	0.216216
0.21875	0.03125	0.0625	0.03125	0.09375	0.03125	0.4375	0.03125	0.03125	0.03125
0.0178571	0.160714	0.285714	0.0535714	0.0535714	0.0714286	0.0357143	0.0892857	0.0178571	0.214286
0.0377358	0.0377358	0.0188679	0.0188679	0.716981	0.0377358	0.0377358	0.0188679	0.0566038	0.0188679
0.0416667	0.0833333	0.0833333	0.166667	0.333333	0.0416667	0.0416667	0.0416667	0.125	0.0416667
0.116279	0.0232558	0.0232558	0.0465116	0.488372	0.0232558	0.0930233	0.0232558	0.0232558	0.139535
0.0102041	0.183673	0.132653	0.0306122	0.0816327	0.0102041	0.142857	0.163265	0.132653	0.112245
0.245614	0.0701754	0.0175439	0.0701754	0.122807	0.0175439	0.0175439	0.0701754	0.0526316	0.315789
0.031746	0.142857	0.111111	0.0952381	0.428571	0.047619	0.0793651	0.015873	0.015873	0.031746
0.0540541	0.027027	0.027027	0.108108	0.351351	0.027027	0.0810811	0.0810811	0.0810811	0.162162
0.1	0.1	0.1	0.1	0.1	0.1	0.1	0.1	0.1	0.1
0.698925	0.0215054	0.0215054	0.0107527	0.0215054	0.0107527	0.0322581	0.0322581	0.0107527	0.139785
0.12	0.04	0.04	0.08	0.16	0.04	0.2	0.04	0.04	0.24
0.0740741	0.037037	0.0555556	0.0185185	0.388889	0.0740741	0.166667	0.0185185	0.0185185	0.148148
0.0217391	0.0217391	0.0217391	0.217391	0.0652174	0.0434783	0.0652174	0.0217391	0.26087	0.26087
0.0547945	0.0410959	0.0136986	0.0821918	0.589041	0.0136986	0.0958904	0.0136986	0.0136986	0.0821918
0.0413793	0.062069	0.0206897	0.165517	0.00689655	0.00689655	0.0896552	0.0689655	0.165517	0.372414
0.0484581	0.0572687	0.0572687	0.0484581	0.00440529	0.0176211	0.0572687	0.53304	0.114537	0.061674
0.0670391	0.0111732	0.0223464	0.620112	0.027933	0.0446927	0.173184	0.00558659	0.0167598	0.0111732
0.0675676	0.0675676	0.108108	0.0675676	0.0675676	0.0945946	0.310811	0.027027	0.108108	0.0810811
0.107143	0.0714286	0.0714286	0.0357143	0.357143	0.0714286	0.0714286	0.0357143	0.0357143	0.142857
0.285714	0.0714286	0.0714286	0.0714286	0.0714286	0.0714286	0.0714286	0.0714286	0.142857	0.0714286
0.0454545	0.0227273	0.0227273	0.0681818	0.0909091	0.0454545	0.545455	0.0227273	0.0454545	0.0909091
0.0862069	0.224138	0.0517241	0.0172414	0.241379	0.0517241	0.224138	0.0172414	0.0517241	0.0344828
0.0135135	0.027027	0.0810811	0.175676	0.162162	0.0135135	0.0810811	0.0675676	0.121622	0.256757
0.0243902	0.0487805	0.341463	0.0243902	0.219512	0.0243902	0.0243902	0.0243902	0.0731707	0.195122
0.125	0.09375	0.0625	0.03125	0.1875	0.09375	0.1875	0.03125	0.09375	0.09375
0.047619	0.0238095	0.0952381	0.047619	0.52381	0.0238095	0.142857	0.0238095	0.047619	0.0238095
0.108108	0.135135	0.027027	0.0810811	0.0540541	0.027027	0.027027	0.0540541	0.405405	0.0810811
0.0166667	0.0166667	0.0666667	0.283333	0.0666667	0.116667	0.35	0.0166667	0.0166667	0.05
0.0166667	0.0166667	0.0333333	0.0166667	0.416667	0.0333333	0.35	0.0166667	0.0166667	0.0833333
0.264706	0.0294118	0.117647	0.0588235	0.147059	0.0294118	0.0882353	0.147059	0.0294118	0.0882353
0.0689655	0.0344828	0.0344828	0.0344828	0.586207	0.0689655	0.0344828	0.0344828	0.0344828	0.0689655
0.0408163	0.102041	0.0204082	0.0408163	0.326531	0.0204082	0.0816327	0.0204082	0.0816327	0.265306
0.00578035	0.127168	0.156069	0.109827	0.138728	0.358382	0.0289017	0.00578035	0.0115607	0.0578035
0.057971	0.0144928	0.0144928	0.217391	0.0724638	0.0144928	0.0144928	0.115942	0.173913	0.304348
0.0285714	0.0571429	0.0571429	0.285714	0.0285714	0.0857143	0.2	0.114286	0.0571429	0.0857143
0.0172414	0.0862069	0.0172414	0.12069	0.534483	0.0862069	0.0862069	0.0172414	0.0172414	0.0172414
0.125	0.03125	0.0625	0.0625	0.09375	0.0625	0.03125	0.0625	0.03125	0.4375
0.047619	0.047619	0.0952381	0.428571	0.0952381	0.047619	0.047619	0.047619	0.0952381	0.047619
0.114943	0.0114943	0.0114943	0.0114943	0.0114943	0.0229885	0.0574713	0.0229885	0.103448	0.632184
0.0700389	0.0350195	0.0428016	0.552529	0.0155642	0.0116732	0.0116732	0.0350195	0.07393	0.151751
0.0526316	0.105263	0.0526316	0.210526	0.0526316	0.105263	0.0526316	0.0526316	0.0526316	0.263158
0.00699301	0.013986	0.00699301	0.111888	0.020979	0.244755	0.0769231	0.251748	0.216783	0.048951
0.282051	0.0512821	0.025641	0.025641	0.384615	0.025641	0.025641	0.025641	0.0512821	0.102564
0.0786517	0.011236	0.011236	0.224719	0.269663	0.0224719	0.0224719	0.0224719	0.0898876	0.247191
0.05	0.1	0.05	0.05	0.15	0.05	0.05	0.1	0.1	0.3
0.037037	0.037037	0.0740741	0.111111	0.0740741	0.037037	0.037037	0.037037	0.296296	0.259259
0.0857143	0.0285714	0.0428571	0.357143	0.0142857	0.0142857	0.0142857	0.114286	0.1	0.228571
0.338462	0.0307692	0.0153846	0.138462	0.0153846	0.0923077	0.123077	0.0615385	0.123077	0.0615385
0.1	0.1	0.1	0.1	0.1	0.1	0.1	0.1	0.1	0.1
0.0222222	0.0444444	0.0444444	0.0444444	0.288889	0.0222222	0.2	0.0222222	0.111111	0.2
0.031746	0.015873	0.015873	0.047619	0.031746	0.015873	0.015873	0.206349	0.444444	0.174603
0.047619	0.0714286	0.047619	0.214286	0.0238095	0.047619	0.047619	0.190476	0.0714286	0.238095
0.0416667	0.125	0.0416667	0.0416667	0.125	0.0416667	0.208333	0.0833333	0.0416667	0.25
0.0181347	0.00777202	0.00777202	0.670984	0.00777202	0.00777202	0.0414508	0.0569948	0.0699482	0.111399
0.0769231	0.0384615	0.115385	0.153846	0.0384615	0.0384615	0.0384615	0.0769231	0.0769231	0.346154
0.05	0.0166667	0.05	0.0666667	0.45	0.1	0.116667	0.0333333	0.0666667	0.05
0.0526316	0.0526316	0.0263158	0.0263158	0.0526316	0.0263158	0.0263158	0.0526316	0.157895	0.526316
0.15	0.05	0.05	0.1	0.15	0.05	0.15	0.05	0.05	0.2
0.283019	0.207547	0.0566038	0.0754717	0.0188679	0.0943396	0.0188679	0.0754717	0.0188679	0.150943
0.111111	0.111111	0.422222	0.111111	0.0222222	0.0222222	0.0444444	0.0444444	0.0444444	0.0666667
0.307692	0.0192308	0.0576923	0.0961538	0.0192308	0.0961538	0.0192308	0.0384615	0.153846	0.192308
0.0740741	0.0740741	0.0555556	0.0740741	0.0185185	0.0185185	0.0740741	0.0185185	0.462963	0.12963
0.0154242	0.0411311	0.0848329	0.0488432	0.143959	0.0154242	0.0411311	0.0128535	0.00771208	0.588689
0.45	0.175	0.025	0.075	0.05	0.025	0.025	0.025	0.05	0.1
0.00408163	0.0326531	0.0163265	0.0571429	0.00408163	0.0693878	0.0285714	0.6	0.114286	0.0734694
0.206897	0.0689655	0.0689655	0.103448	0.137931	0.0344828	0.0344828	0.0344828	0.103448	0.206897
0.0511364	0.0284091	0.0653409	0.0426136	0.164773	0.409091	0.0710227	0.09375	0.0426136	0.03125
0.111111	0.0740741	0.037037	0.037037	0.444444	0.0740741	0.0740741	0.037037	0.037037	0.0740741
0.0143974	0.68079	0.0674619	0.0423694	0.0061703	0.00287947	0.0300288	0.0275607	0.107363	0.020979
0.0273973	0.726027	0.0136986	0.0684932	0.0136986	0.0273973	0.0273973	0.0547945	0.0273973	0.0136986
0.494505	0.010989	0.0769231	0.010989	0.021978	0.010989	0.043956	0.021978	0.010989	0.296703
0.148148	0.0740741	0.148148	0.111111	0.148148	0.037037	0.0740741	0.037037	0.111111	0.111111
0.484848	0.0757576	0.0151515	0.0151515	0.0757576	0.030303	0.030303	0.0151515	0.0151515	0.242424
0.0199637	0.0362976	0.0127042	0.618875	0.0181488	0.00544465	0.0235935	0.0272232	0.123412	0.114338
0.0294118	0.0294118	0.0294118	0.0294118	0.235294	0.0294118	0.529412	0.0294118	0.0294118	0.0294118
0.0294118	0.0294118	0.0588235	0.235294	0.0294118	0.0294118	0.0294118	0.117647	0.235294	0.205882
0.133333	0.0222222	0.0222222	0.488889	0.0444444	0.0222222	0.0444444	0.155556	0.0222222	0.0444444
0.104167	0.0208333	0.0416667	0.0208333	0.541667	0.0208333	0.0625	0.0208333	0.0833333	0.0833333
0.0843373	0.0722892	0.0240964	0.0843373	0.0240964	0.0240964	0.0361446	0.0481928	0.0120482	0.590361
0.344828	0.241379	0.0344828	0.0689655	0.0344828	0.0172414	0.0172414	0.0172414	0.0172414	0.206897
0.0161725	0.0404313	0.00808625	0.0431267	0.0188679	0.00808625	0.0673854	0.396226	0.274933	0.126685
0.52	0.04	0.04	0.08	0.04	0.08	0.04	0.04	0.04	0.08
0.0666667	0.133333	0.0666667	0.133333	0.133333	0.0666667	0.133333	0.0666667	0.133333	0.0666667
0.0289855	0.0289855	0.00724638	0.717391	0.0217391	0.00724638	0.0507246	0.0217391	0.0144928	0.101449
0.0645161	0.16129	0.0645161	0.225806	0.0322581	0.0645161	0.0322581	0.0645161	0.16129	0.129032
0.0769231	0.153846	0.0769231	0.230769	0.0769231	0.0769231	0.0769231	0.0769231	0.0769231	0.0769231
0.185841	0.079646	0.0176991	0.106195	0.0530973	0.00884956	0.0265487	0.0530973	0.0265487	0.442478
0.0769231	0.102564	0.025641	0.0512821	0.025641	0.025641	0.025641	0.0512821	0.384615	0.230769
0.025	0.025	0.35	0.15	0.05	0.025	0.175	0.05	0.025	0.125
0.0222222	0.0222222	0.0222222	0.155556	0.333333	0.0222222	0.155556	0.0222222	0.133333	0.111111
0.0212766	0.0212766	0.0425532	0.0212766	0.212766	0.0212766	0.0425532	0.0212766	0.0425532	0.553191
0.0666667	0.0666667	0.133333	0.266667	0.133333	0.0666667	0.0666667	0.0666667	0.0666667	0.0666667
0.047619	0.047619	0.142857	0.047619	0.333333	0.047619	0.0952381	0.047619	0.0952381	0.0952381
0.0967742	0.0645161	0.0645161	0.0967742	0.0967742	0.0322581	0.16129	0.0967742	0.0645161	0.225806
0.0769231	0.0865385	0.0192308	0.0865385	0.163462	0.0480769	0.105769	0.0769231	0.211538	0.125
0.0188679	0.377358	0.0566038	0.113208	0.0754717	0.0188679	0.0943396	0.0188679	0.0188679	0.207547
0.05	0.0125	0.225	0.0625	0.1	0.0375	0.0875	0.0625	0.0625	0.3
0.038961	0.0422078	0.542208	0.0324675	0.012987	0.00324675	0.0616883	0.0194805	0.224026	0.0227273
0.0208333	0.0208333	0.0208333	0.0208333	0.541667	0.0625	0.166667	0.0208333	0.0416667	0.0833333
0.108696	0.0434783	0.0217391	0.423913	0.0217391	0.0217391	0.0108696	0.184783	0.0108696	0.152174
0.404762	0.0714286	0.047619	0.047619	0.047619	0.0238095	0.0238095	0.0238095	0.0238095	0.285714
0.030303	0.0227273	0.30303	0.113636	0.0681818	0.0227273	0.0454545	0.0227273	0.0227273	0.348485
0.00934579	0.0186916	0.00934579	0.757009	0.0280374	0.0186916	0.00934579	0.00934579	0.0186916	0.121495
0.208333	0.166667	0.0416667	0.125	0.0416667	0.0833333	0.0416667	0.0416667	0.0416667	0.208333
0.0192308	0.0576923	0.0384615	0.211538	0.0769231	0.0192308	0.0384615	0.115385	0.211538	0.211538
0.0153846	0.0153846	0.0153846	0.0461538	0.584615	0.0307692	0.123077	0.0153846	0.0153846	0.138462
