0.148936	0.12766	0.0212766	0.170213	0.0212766	0.170213	0.212766	0.0425532	0.0212766	0.0638298
0.0333333	0.0333333	0.133333	0.266667	0.0333333	0.0666667	0.3	0.0333333	0.0333333	0.0666667
0.0105263	0.115789	0.0561404	0.161404	0.0140351	0.101754	0.00701754	0.0596491	0.126316	0.347368
0.0344828	0.0689655	0.344828	0.0689655	0.0344828	0.0344828	0.275862	0.0689655	0.0344828	0.0344828
0.0620155	0.00775194	0.00775194	0.108527	0.00775194	0.162791	0.0232558	0.0852713	0.434109	0.100775
0.0869565	0.130435	0.0434783	0.0434783	0.0434783	0.26087	0.0434783	0.173913	0.130435	0.0434783
0.0666667	0.0666667	0.0333333	0.1	0.0333333	0.0666667	0.533333	0.0333333	0.0333333	0.0333333
0.1	0.1	0.1	0.1	0.1	0.1	0.1	0.1	0.1	0.1
0.0166667	0.0333333	0.0166667	0.133333	0.0333333	0.15	0.416667	0.05	0.0166667	0.133333
0.0606061	0.0151515	0.030303	0.166667	0.030303	0.318182	0.030303	0.0909091	0.151515	0.106061
0.037037	0.0555556	0.111111	0.12963	0.0185185	0.203704	0.351852	0.0185185	0.0185185	0.0555556
0.108108	0.27027	0.108108	0.027027	0.027027	0.135135	0.0540541	0.0540541	0.162162	0.0540541
0.105263	0.0105263	0.0421053	0.126316	0.0210526	0.157895	0.484211	0.0105263	0.0210526	0.0210526
0.0298507	0.0298507	0.0149254	0.134328	0.0298507	0.208955	0.0447761	0.0746269	0.373134	0.0597015
0.0176678	0.0459364	0.137809	0.190813	0.0176678	0.243816	0.024735	0.0459364	0.113074	0.162544
0.0273973	0.00684932	0.0890411	0.0273973	0.0342466	0.0410959	0.541096	0.0205479	0.00684932	0.205479
0.08	0.04	0.04	0.04	0.04	0.04	0.6	0.04	0.04	0.04
0.0754717	0.0377358	0.0188679	0.0566038	0.0188679	0.150943	0.528302	0.0188679	0.0377358	0.0566038
0.0416667	0.5	0.0208333	0.0833333	0.0208333	0.0625	0.145833	0.0208333	0.0625	0.0416667
0.0133333	0.0933333	0.0533333	0.0133333	0.0266667	0.24	0.226667	0.0266667	0.0266667	0.28
0.015625	0.046875	0.03125	0.234375	0.015625	0.1875	0.03125	0.28125	0.140625	0.015625
0.0196078	0.0196078	0.490196	0.0196078	0.0196078	0.215686	0.0392157	0.0784314	0.0784314	0.0196078
0.0188679	0.0754717	0.0188679	0.433962	0.0188679	0.264151	0.0566038	0.0754717	0.0188679	0.0188679
0.0909091	0.0909091	0.0909091	0.0909091	0.0909091	0.0909091	0.0909091	0.0909091	0.181818	0.0909091
0.12	0.04	0.02	0.08	0.04	0.42	0.06	0.02	0.12	0.08
0.0714286	0.107143	0.0357143	0.214286	0.0357143	0.0714286	0.0357143	0.285714	0.0357143	0.107143
0.222222	0.037037	0.037037	0.111111	0.037037	0.037037	0.037037	0.037037	0.111111	0.333333
0.25	0.0625	0.125	0.0625	0.1875	0.0625	0.0625	0.0625	0.0625	0.0625
0.05	0.1	0.05	0.05	0.05	0.05	0.1	0.2	0.25	0.1
0.0149457	0.0149457	0.00543478	0.00543478	0.0013587	0.0557065	0.00271739	0.869565	0.0258152	0.00407609
0.0294118	0.0588235	0.0294118	0.264706	0.0588235	0.205882	0.235294	0.0294118	0.0588235	0.0294118
0.03125	0.0625	0.0625	0.53125	0.03125	0.03125	0.03125	0.03125	0.15625	0.03125
0.0625	0.390625	0.140625	0.015625	0.046875	0.015625	0.171875	0.09375	0.046875	0.015625
0.030303	0.0151515	0.0757576	0.257576	0.106061	0.151515	0.0454545	0.0454545	0.0909091	0.181818
0.140351	0.210526	0.105263	0.219298	0.00877193	0.192982	0.00877193	0.00877193	0.0964912	0.00877193
0.00546448	0.00546448	0.00546448	0.103825	0.00546448	0.218579	0.00546448	0.612022	0.0273224	0.010929
0.142857	0.047619	0.0952381	0.047619	0.047619	0.047619	0.285714	0.047619	0.047619	0.190476
0.0322581	0.0322581	0.0322581	0.0967742	0.0322581	0.258065	0.354839	0.0322581	0.0645161	0.0645161
0.0441176	0.132353	0.117647	0.191176	0.205882	0.132353	0.0441176	0.0441176	0.0294118	0.0588235
0.00552486	0.0718232	0.527624	0.019337	0.00276243	0.0331492	0.187845	0.00552486	0.140884	0.00552486
0.0425532	0.0212766	0.0212766	0.170213	0.0106383	0.37234	0.0106383	0.0851064	0.244681	0.0212766
0.0631579	0.0105263	0.0105263	0.105263	0.0105263	0.347368	0.0631579	0.0421053	0.252632	0.0947368
0.0434783	0.0869565	0.304348	0.130435	0.0434783	0.0434783	0.0434783	0.217391	0.0434783	0.0434783
0.0704225	0.309859	0.084507	0.084507	0.0140845	0.126761	0.056338	0.0140845	0.211268	0.028169
0.0268949	0.0342298	0.0317848	0.557457	0.00733496	0.105134	0.00733496	0.0733496	0.141809	0.0146699
0.010101	0.010101	0.020202	0.0151515	0.853535	0.00505051	0.0151515	0.0555556	0.010101	0.00505051
0.0263158	0.210526	0.0526316	0.0789474	0.0526316	0.131579	0.0263158	0.0526316	0.184211	0.184211
0.0424242	0.0545455	0.442424	0.0424242	0.0181818	0.109091	0.0606061	0.0121212	0.212121	0.00606061
0.128205	0.025641	0.0512821	0.025641	0.025641	0.538462	0.025641	0.0512821	0.102564	0.025641
0.848	0.032	0.004	0.044	0.004	0.008	0.016	0.004	0.024	0.016
0.481481	0.0185185	0.0740741	0.037037	0.0185185	0.240741	0.0185185	0.037037	0.037037	0.037037
0.0285714	0.0285714	0.0285714	0.0571429	0.0285714	0.0285714	0.628571	0.0285714	0.0285714	0.114286
0.1	0.028	0.072	0.028	0.012	0.152	0.108	0.004	0.024	0.472
0.0105263	0.0105263	0.0210526	0.0315789	0.0526316	0.0947368	0.694737	0.0105263	0.0105263	0.0631579
0.517241	0.0344828	0.0344828	0.0344828	0.0344828	0.0344828	0.0344828	0.137931	0.103448	0.0344828
0.244444	0.0888889	0.0222222	0.111111	0.0444444	0.0444444	0.0666667	0.0666667	0.288889	0.0222222
0.025641	0.0384615	0.025641	0.320513	0.0384615	0.282051	0.025641	0.0641026	0.141026	0.0384615
0.0273973	0.0136986	0.0136986	0.191781	0.0136986	0.0684932	0.0547945	0.0273973	0.561644	0.0273973
0.133333	0.0333333	0.0333333	0.233333	0.0333333	0.0666667	0.2	0.0333333	0.133333	0.1
0.106383	0.255319	0.0425532	0.12766	0.0425532	0.234043	0.0212766	0.0425532	0.106383	0.0212766
0.0322581	0.0645161	0.0645161	0.0322581	0.0322581	0.290323	0.0322581	0.0645161	0.0322581	0.354839
0.0188679	0.0377358	0.0377358	0.113208	0.0377358	0.283019	0.0188679	0.0754717	0.339623	0.0377358
0.0212766	0.106383	0.0851064	0.0212766	0.0212766	0.191489	0.319149	0.0638298	0.12766	0.0425532
0.0769231	0.576923	0.0288462	0.0673077	0.0192308	0.0865385	0.0384615	0.00961538	0.0576923	0.0384615
0.0425532	0.0638298	0.0851064	0.148936	0.0851064	0.276596	0.148936	0.0212766	0.0425532	0.0851064
0.0263158	0.342105	0.0789474	0.157895	0.0263158	0.157895	0.0526316	0.0263158	0.105263	0.0263158
0.04	0.02	0.04	0.1	0.02	0.14	0.48	0.04	0.02	0.1
0.0512821	0.102564	0.0512821	0.025641	0.025641	0.0769231	0.461538	0.025641	0.153846	0.025641
0.0649351	0.025974	0.038961	0.012987	0.12987	0.155844	0.025974	0.0519481	0.454545	0.038961
0.0196078	0.0588235	0.0196078	0.27451	0.235294	0.137255	0.0588235	0.0588235	0.0196078	0.117647
0.0967742	0.0645161	0.0967742	0.0322581	0.0322581	0.193548	0.387097	0.0322581	0.0322581	0.0322581
0.157895	0.0526316	0.0526316	0.0526316	0.0526316	0.210526	0.157895	0.105263	0.105263	0.0526316
0.291667	0.0416667	0.0416667	0.0833333	0.125	0.0833333	0.0833333	0.166667	0.0416667	0.0416667
0.392857	0.0714286	0.0714286	0.107143	0.0714286	0.0357143	0.0714286	0.0714286	0.0714286	0.0357143
0.0182927	0.00609756	0.0243902	0.243902	0.0182927	0.207317	0.00609756	0.384146	0.0731707	0.0182927
0.775862	0.0344828	0.0172414	0.0172414	0.0172414	0.0517241	0.0172414	0.0172414	0.0172414	0.0344828
0.0645161	0.0483871	0.016129	0.0483871	0.016129	0.193548	0.016129	0.016129	0.0322581	0.548387
0.0384615	0.0384615	0.0384615	0.115385	0.0384615	0.0384615	0.307692	0.0384615	0.0384615	0.307692
0.0588235	0.0441176	0.0588235	0.0882353	0.0147059	0.0294118	0.0147059	0.102941	0.485294	0.102941
0.16	0.2	0.04	0.04	0.04	0.08	0.12	0.16	0.12	0.04
0.105263	0.157895	0.0526316	0.0526316	0.0526316	0.210526	0.0526316	0.0526316	0.105263	0.157895
0.0408163	0.0204082	0.0612245	0.0204082	0.0408163	0.244898	0.0204082	0.0204082	0.0204082	0.510204
0.0434783	0.0724638	0.101449	0.115942	0.0434783	0.130435	0.057971	0.0289855	0.362319	0.0434783
0.179487	0.025641	0.0512821	0.0512821	0.179487	0.179487	0.128205	0.025641	0.025641	0.153846
0.142857	0.142857	0.0714286	0.0714286	0.0714286	0.0714286	0.0714286	0.0714286	0.214286	0.0714286
0.1	0.1	0.1	0.1	0.1	0.1	0.1	0.1	0.1	0.1
0.105263	0.0526316	0.0526316	0.0526316	0.0526316	0.0526316	0.105263	0.0526316	0.0526316	0.421053
0.1	0.1	0.1	0.1	0.1	0.1	0.1	0.1	0.1	0.1
0.0652174	0.0869565	0.0434783	0.0217391	0.0217391	0.217391	0.26087	0.0217391	0.0652174	0.195652
0.0212766	0.0212766	0.148936	0.0425532	0.0212766	0.0638298	0.0851064	0.0212766	0.106383	0.468085
0.166667	0.1	0.0333333	0.1	0.0333333	0.166667	0.2	0.0333333	0.0333333	0.133333
0.0464135	0.0168776	0.0126582	0.164557	0.00421941	0.092827	0.00843882	0.0168776	0.603376	0.0337553
0.424242	0.030303	0.0151515	0.0454545	0.0151515	0.363636	0.0151515	0.030303	0.030303	0.030303
0.0222222	0.244444	0.0222222	0.177778	0.0444444	0.244444	0.0222222	0.0444444	0.155556	0.0222222
0.08	0.02	0.02	0.02	0.2	0.16	0.28	0.02	0.02	0.18
0.019802	0.00990099	0.00990099	0.019802	0.00990099	0.049505	0.00990099	0.782178	0.0693069	0.019802
0.333333	0.125	0.0416667	0.0416667	0.0416667	0.0833333	0.125	0.0416667	0.0833333	0.0833333
0.0300752	0.0150376	0.0300752	0.157895	0.0075188	0.180451	0.0075188	0.488722	0.0676692	0.0150376
0.0588235	0.235294	0.117647	0.0588235	0.0588235	0.0588235	0.0588235	0.117647	0.0588235	0.176471
0.227273	0.0909091	0.0454545	0.0454545	0.0909091	0.227273	0.0909091	0.0454545	0.0909091	0.0454545
0.0555556	0.0555556	0.0555556	0.166667	0.111111	0.166667	0.111111	0.0555556	0.0555556	0.166667
0.639073	0.0331126	0.00662252	0.145695	0.00331126	0.142384	0.00331126	0.00331126	0.0198675	0.00331126
0.0631579	0.0342105	0.0647368	0.0336842	0.00526316	0.0605263	0.631579	0.00421053	0.0510526	0.0515789
0.0555556	0.0555556	0.111111	0.0555556	0.0555556	0.0555556	0.166667	0.0555556	0.0555556	0.333333
0.0162602	0.0487805	0.0162602	0.593496	0.0162602	0.138211	0.0162602	0.0243902	0.0731707	0.0569106
0.0357143	0.0357143	0.0535714	0.0178571	0.0178571	0.196429	0.0357143	0.0535714	0.0357143	0.517857
0.0087146	0.0392157	0.102397	0.139434	0.0043573	0.0893246	0.522876	0.0043573	0.087146	0.00217865
0.4	0.1	0.05	0.05	0.05	0.05	0.05	0.1	0.05	0.1
0.00782329	0.0269213	0.00230097	0.0266912	0.000230097	0.755637	0.00437184	0.112977	0.045329	0.0177174
0.121212	0.242424	0.0606061	0.121212	0.030303	0.0909091	0.151515	0.030303	0.030303	0.121212
0.0277778	0.0555556	0.138889	0.305556	0.0277778	0.166667	0.111111	0.0277778	0.0833333	0.0555556
0.37931	0.0344828	0.0344828	0.137931	0.0344828	0.0344828	0.0344828	0.0344828	0.103448	0.172414
0.0174419	0.0406977	0.00581395	0.168605	0.00581395	0.267442	0.0174419	0.331395	0.110465	0.0348837
0.0491803	0.114754	0.0327869	0.0163934	0.0163934	0.0819672	0.508197	0.0163934	0.0819672	0.0819672
0.135135	0.0810811	0.027027	0.027027	0.027027	0.027027	0.567568	0.0540541	0.027027	0.027027
0.037037	0.037037	0.037037	0.037037	0.148148	0.037037	0.407407	0.037037	0.0740741	0.148148
0.121951	0.0243902	0.243902	0.0487805	0.0487805	0.0243902	0.195122	0.0243902	0.195122	0.0731707
0.142857	0.107143	0.0357143	0.0357143	0.0357143	0.25	0.107143	0.178571	0.0357143	0.0714286
0.00671141	0.033557	0.0469799	0.120805	0.00671141	0.033557	0.00671141	0.342282	0.395973	0.00671141
0.0731707	0.0243902	0.0243902	0.0243902	0.0487805	0.414634	0.0487805	0.097561	0.0731707	0.170732
0.145833	0.0208333	0.104167	0.104167	0.0208333	0.395833	0.0208333	0.0833333	0.0625	0.0416667
0.026178	0.115183	0.109948	0.026178	0.0104712	0.0418848	0.026178	0.0157068	0.0052356	0.623037
0.166667	0.0606061	0.0454545	0.136364	0.030303	0.106061	0.409091	0.0151515	0.0151515	0.0151515
0.486842	0.0263158	0.0131579	0.0921053	0.0394737	0.184211	0.0657895	0.0263158	0.0394737	0.0263158
0.0322581	0.290323	0.0322581	0.0645161	0.0322581	0.322581	0.0322581	0.0322581	0.0645161	0.0967742
0.0576369	0.106628	0.198847	0.0288184	0.0345821	0.0634006	0.0259366	0.106628	0.100865	0.276657
0.0298507	0.0298507	0.0597015	0.0223881	0.00746269	0.134328	0.537313	0.0223881	0.0298507	0.126866
0.107468	0.0710383	0.00182149	0.0510018	0.00728597	0.500911	0.0163934	0.162113	0.0728597	0.00910747
0.0454545	0.0454545	0.0454545	0.0909091	0.0454545	0.0454545	0.545455	0.0454545	0.0454545	0.0454545
0.0756303	0.00840336	0.0252101	0.00840336	0.00840336	0.361345	0.0504202	0.00840336	0.0336134	0.420168
0.188679	0.0188679	0.0943396	0.0377358	0.0566038	0.283019	0.0377358	0.0188679	0.0188679	0.245283
0.12	0.08	0.02	0.02	0.02	0.14	0.52	0.02	0.04	0.02
0.0521739	0.026087	0.0173913	0.313043	0.00869565	0.156522	0.00869565	0.0956522	0.269565	0.0521739
0.0707071	0.020202	0.0353535	0.030303	0.00505051	0.121212	0.010101	0.0151515	0.040404	0.651515
0.15	0.05	0.025	0.175	0.05	0.175	0.025	0.05	0.25	0.05
0.0163934	0.0491803	0.0163934	0.196721	0.0491803	0.114754	0.0983607	0.0163934	0.0327869	0.409836
0.03125	0.09375	0.0625	0.0625	0.1875	0.0625	0.03125	0.0625	0.3125	0.09375
0.00483092	0.00483092	0.463768	0.00483092	0.00483092	0.00483092	0.0144928	0.00966184	0.483092	0.00483092
0.0196078	0.0392157	0.0196078	0.0980392	0.0196078	0.215686	0.0392157	0.176471	0.352941	0.0196078
0.285714	0.0714286	0.0714286	0.142857	0.0714286	0.0714286	0.0714286	0.0714286	0.0714286	0.0714286
0.0136054	0.115646	0.00680272	0.292517	0.00680272	0.136054	0.0408163	0.047619	0.292517	0.047619
0.025641	0.025641	0.0769231	0.230769	0.025641	0.025641	0.512821	0.025641	0.025641	0.025641
0.1	0.1	0.1	0.1	0.1	0.1	0.1	0.1	0.1	0.1
0.0416667	0.0416667	0.0416667	0.125	0.0833333	0.0833333	0.375	0.125	0.0416667	0.0416667
0.214286	0.0714286	0.0714286	0.142857	0.0714286	0.142857	0.0714286	0.0714286	0.0714286	0.0714286
0.166667	0.0833333	0.0833333	0.0833333	0.0833333	0.0833333	0.0833333	0.0833333	0.166667	0.0833333
0.0666667	0.0333333	0.1	0.166667	0.0333333	0.166667	0.266667	0.0333333	0.0666667	0.0666667
0.0416667	0.0833333	0.0416667	0.0416667	0.0416667	0.125	0.333333	0.0416667	0.125	0.125
0.136364	0.0454545	0.159091	0.0227273	0.0227273	0.409091	0.0681818	0.0454545	0.0454545	0.0454545
0.0120482	0.445783	0.060241	0.192771	0.0120482	0.0722892	0.0240964	0.0481928	0.0722892	0.060241
0.128	0.04	0.272	0.152	0.016	0.176	0.08	0.032	0.024	0.08
0.00292398	0.00877193	0.00584795	0.116959	0.00584795	0.245614	0.0116959	0.426901	0.157895	0.0175439
0.025641	0.0512821	0.025641	0.0769231	0.0512821	0.025641	0.589744	0.025641	0.0512821	0.0769231
0.00840336	0.0420168	0.0168067	0.184874	0.00840336	0.176471	0.0168067	0.00840336	0.092437	0.445378
0.105263	0.0526316	0.0526316	0.0526316	0.0526316	0.263158	0.0526316	0.0526316	0.210526	0.105263
0.0416667	0.0416667	0.0833333	0.0833333	0.0416667	0.0833333	0.458333	0.0416667	0.0833333	0.0416667
0.04	0.12	0.08	0.04	0.04	0.4	0.04	0.04	0.04	0.16
0.136364	0.0606061	0.242424	0.0151515	0.0454545	0.121212	0.19697	0.0606061	0.0454545	0.0757576
0.0454545	0.0454545	0.0454545	0.181818	0.0454545	0.0909091	0.0909091	0.181818	0.181818	0.0909091
0.0196078	0.0784314	0.0196078	0.127451	0.00980392	0.215686	0.0490196	0.411765	0.0490196	0.0196078
0.153846	0.0769231	0.0769231	0.153846	0.0769231	0.0769231	0.0769231	0.153846	0.0769231	0.0769231
0.0454545	0.0909091	0.0454545	0.136364	0.136364	0.0909091	0.0454545	0.0909091	0.272727	0.0454545
0.115385	0.0769231	0.269231	0.0769231	0.0384615	0.153846	0.0384615	0.0769231	0.0384615	0.115385
0.157895	0.0526316	0.0526316	0.157895	0.210526	0.0526316	0.157895	0.0526316	0.0526316	0.0526316
0.0816327	0.0204082	0.0408163	0.0204082	0.0204082	0.591837	0.0816327	0.0204082	0.0816327	0.0408163
0.0481928	0.0240964	0.216867	0.0361446	0.060241	0.0481928	0.168675	0.108434	0.180723	0.108434
0.1	0.1	0.1	0.1	0.1	0.1	0.1	0.1	0.1	0.1
0.032967	0.010989	0.032967	0.021978	0.010989	0.197802	0.483516	0.021978	0.021978	0.164835
0.0106383	0.539007	0.0141844	0.0496454	0.0035461	0.255319	0.0283688	0.0035461	0.0744681	0.0212766
0.0789474	0.0526316	0.0526316	0.0263158	0.0263158	0.0526316	0.184211	0.0263158	0.0526316	0.447368
0.0178571	0.0178571	0.00892857	0.348214	0.0357143	0.294643	0.0446429	0.0535714	0.0982143	0.0803571
0.037037	0.296296	0.185185	0.148148	0.037037	0.0740741	0.037037	0.037037	0.0740741	0.0740741
0.0967742	0.290323	0.0645161	0.0645161	0.0645161	0.129032	0.0645161	0.0322581	0.16129	0.0322581
0.0125	0.0125	0.0125	0.3	0.0125	0.05	0.0125	0.475	0.0125	0.1
0.0666667	0.2	0.0666667	0.0666667	0.0666667	0.0666667	0.266667	0.0666667	0.0666667	0.0666667
0.0319149	0.0531915	0.0106383	0.574468	0.0106383	0.180851	0.0106383	0.0212766	0.0957447	0.0106383
0.414634	0.0487805	0.0731707	0.0243902	0.0487805	0.0731707	0.0243902	0.146341	0.097561	0.0487805
0.00653595	0.0228758	0.114379	0.166667	0.00653595	0.153595	0.0490196	0.339869	0.130719	0.00980392
0.0232558	0.0232558	0.116279	0.418605	0.0232558	0.116279	0.139535	0.0465116	0.0697674	0.0232558
0.00639659	0.00852878	0.0021322	0.08742	0.0021322	0.236674	0.0298507	0.533049	0.0788913	0.0149254
0.0208333	0.0104167	0.0833333	0.0416667	0.0208333	0.270833	0.46875	0.0104167	0.0520833	0.0208333
0.0106952	0.374332	0.00534759	0.304813	0.00534759	0.106952	0.0106952	0.0160428	0.0374332	0.128342
0.0344828	0.045977	0.0172414	0.0114943	0.0172414	0.224138	0.00574713	0.545977	0.091954	0.00574713
0.5	0.0416667	0.0416667	0.0416667	0.0416667	0.0416667	0.0416667	0.125	0.0416667	0.0833333
0.0714286	0.0714286	0.0714286	0.285714	0.0714286	0.0714286	0.0714286	0.0714286	0.0714286	0.142857
0.0106383	0.0106383	0.0106383	0.148936	0.0106383	0.0957447	0.521277	0.0957447	0.0851064	0.0106383
0.270718	0.0441989	0.0497238	0.0939227	0.038674	0.176796	0.0718232	0.0110497	0.0165746	0.226519
0.0485437	0.0123566	0.689762	0.0172109	0.0132392	0.037511	0.0657546	0.00970874	0.0666372	0.0392763
0.0606061	0.414141	0.030303	0.141414	0.010101	0.151515	0.020202	0.040404	0.0808081	0.0505051
0.0128205	0.141026	0.0384615	0.525641	0.0128205	0.0769231	0.0128205	0.0128205	0.153846	0.0128205
0.0410959	0.00684932	0.171233	0.335616	0.0136986	0.212329	0.0753425	0.0410959	0.0547945	0.0479452
0.0769231	0.230769	0.0769231	0.0769231	0.0769231	0.153846	0.0769231	0.0769231	0.0769231	0.0769231
0.228571	0.0571429	0.0285714	0.142857	0.0285714	0.2	0.0571429	0.0571429	0.114286	0.0857143
0.0769231	0.0512821	0.128205	0.0769231	0.102564	0.0769231	0.025641	0.0769231	0.230769	0.153846
0.046875	0.40625	0.015625	0.171875	0.015625	0.203125	0.015625	0.0625	0.046875	0.015625
0.0284091	0.00568182	0.00568182	0.170455	0.00568182	0.25	0.0113636	0.392045	0.113636	0.0170455
0.0416667	0.0416667	0.0833333	0.0416667	0.0833333	0.0833333	0.5	0.0416667	0.0416667	0.0416667
0.0446927	0.0446927	0.162011	0.0111732	0.0335196	0.0502793	0.217877	0.00558659	0.139665	0.290503
0.192308	0.115385	0.115385	0.153846	0.0769231	0.115385	0.0384615	0.0769231	0.0384615	0.0769231
0.0487805	0.0609756	0.0121951	0.121951	0.0243902	0.341463	0.0121951	0.0853659	0.243902	0.0487805
0.0434783	0.173913	0.0869565	0.0434783	0.0434783	0.304348	0.0434783	0.173913	0.0434783	0.0434783
0.0169492	0.0169492	0.0169492	0.135593	0.0169492	0.20339	0.542373	0.0169492	0.0169492	0.0169492
0.0491803	0.0327869	0.0163934	0.0983607	0.0491803	0.278689	0.0327869	0.0163934	0.409836	0.0163934
0.025974	0.038961	0.558442	0.103896	0.012987	0.0779221	0.0779221	0.012987	0.025974	0.0649351
0.0344828	0.0114943	0.0114943	0.551724	0.0229885	0.218391	0.0114943	0.0804598	0.0114943	0.045977
0.0961538	0.0384615	0.0961538	0.211538	0.0384615	0.0384615	0.25	0.0192308	0.0961538	0.115385
0.0740741	0.037037	0.037037	0.111111	0.037037	0.0740741	0.37037	0.0740741	0.0740741	0.111111
0.037037	0.111111	0.0185185	0.0185185	0.0185185	0.148148	0.148148	0.0185185	0.148148	0.333333
0.0625	0.104167	0.0833333	0.0416667	0.0416667	0.375	0.145833	0.0208333	0.0208333	0.104167
0.0196078	0.588235	0.0392157	0.0196078	0.0392157	0.0980392	0.0196078	0.0196078	0.0196078	0.137255
0.102564	0.128205	0.358974	0.0512821	0.025641	0.0769231	0.0769231	0.0769231	0.0769231	0.025641
0.0350877	0.0350877	0.0350877	0.192982	0.0175439	0.210526	0.0175439	0.0350877	0.0175439	0.403509
0.00664452	0.0332226	0.0155039	0.0586932	0.00332226	0.156146	0.00221484	0.644518	0.0642303	0.0155039
0.0232558	0.434109	0.0387597	0.124031	0.0310078	0.255814	0.00775194	0.00775194	0.00775194	0.0697674
0.122222	0.0444444	0.144444	0.0111111	0.0333333	0.1	0.1	0.0888889	0.1	0.255556
0.0204082	0.0204082	0.0408163	0.122449	0.0408163	0.204082	0.44898	0.0408163	0.0204082	0.0408163
0.0526316	0.0526316	0.0526316	0.105263	0.0526316	0.315789	0.0526316	0.0526316	0.0526316	0.210526
0.1875	0.125	0.0625	0.0625	0.0625	0.125	0.0625	0.0625	0.125	0.125
0.0685358	0.00934579	0.454829	0.0872274	0.0498442	0.196262	0.0311526	0.0186916	0.0436137	0.0404984
0.0287958	0.0497382	0.0209424	0.120419	0.0052356	0.384817	0.0287958	0.0549738	0.256545	0.0497382
0.0930233	0.0232558	0.0348837	0.127907	0.0348837	0.151163	0.0116279	0.267442	0.232558	0.0232558
0.133333	0.0333333	0.0333333	0.1	0.0333333	0.133333	0.2	0.1	0.0666667	0.166667
0.047619	0.0238095	0.0238095	0.0238095	0.047619	0.142857	0.047619	0.357143	0.238095	0.047619
0.00735294	0.0294118	0.132353	0.125	0.00735294	0.257353	0.00735294	0.0882353	0.338235	0.00735294
0.0384615	0.0384615	0.288462	0.211538	0.0576923	0.0384615	0.153846	0.0192308	0.0576923	0.0961538
0.0208333	0.0208333	0.0208333	0.0416667	0.0208333	0.0625	0.645833	0.0208333	0.0625	0.0833333
0.0175439	0.175439	0.0701754	0.210526	0.0175439	0.280702	0.0526316	0.0350877	0.0175439	0.122807
0.148936	0.0212766	0.0425532	0.0425532	0.0212766	0.12766	0.531915	0.0212766	0.0212766	0.0212766
0.0512821	0.0769231	0.282051	0.0512821	0.0512821	0.179487	0.128205	0.025641	0.025641	0.128205
0.0434783	0.0217391	0.0217391	0.0869565	0.0869565	0.152174	0.456522	0.0217391	0.0434783	0.0652174
0.027027	0.027027	0.108108	0.135135	0.0540541	0.27027	0.027027	0.0810811	0.162162	0.108108
0.361111	0.0833333	0.0555556	0.0277778	0.0555556	0.222222	0.0277778	0.0277778	0.0555556	0.0833333
0.00967742	0.312903	0.016129	0.0419355	0.00322581	0.374194	0.0645161	0.00322581	0.0129032	0.16129
0.0638298	0.0425532	0.0425532	0.0212766	0.0851064	0.297872	0.106383	0.0212766	0.106383	0.212766
0.14	0.08	0.1	0.08	0.02	0.18	0.02	0.12	0.16	0.1
0.0625	0.0625	0.0625	0.0625	0.125	0.25	0.0625	0.0625	0.125	0.125
0.0425532	0.0425532	0.0212766	0.0851064	0.0212766	0.212766	0.0638298	0.0638298	0.361702	0.0851064
0.0526316	0.105263	0.368421	0.105263	0.0526316	0.0526316	0.0526316	0.0526316	0.105263	0.0526316
0.166667	0.0833333	0.0277778	0.222222	0.0833333	0.0833333	0.194444	0.0833333	0.0277778	0.0277778
0.0430464	0.013245	0.00993377	0.0430464	0.00662252	0.278146	0.0430464	0.0794702	0.403974	0.0794702
0.30303	0.0606061	0.0151515	0.030303	0.0757576	0.030303	0.318182	0.0606061	0.0606061	0.0454545
0.108696	0.0217391	0.0434783	0.108696	0.0869565	0.173913	0.0217391	0.0434783	0.0869565	0.304348
0.0327869	0.0163934	0.0163934	0.0163934	0.0163934	0.0163934	0.491803	0.0163934	0.0163934	0.360656
0.047619	0.047619	0.126984	0.0555556	0.015873	0.0873016	0.436508	0.015873	0.0555556	0.111111
0.0322581	0.0645161	0.0322581	0.0322581	0.0322581	0.290323	0.258065	0.0322581	0.193548	0.0322581
0.0784314	0.0196078	0.117647	0.0588235	0.323529	0.00980392	0.235294	0.0294118	0.107843	0.0196078
0.0172414	0.431034	0.0689655	0.0689655	0.0344828	0.258621	0.0344828	0.0344828	0.0344828	0.0172414
0.0847458	0.0169492	0.0847458	0.152542	0.237288	0.0169492	0.254237	0.0677966	0.0508475	0.0338983
0.0666667	0.0666667	0.0333333	0.133333	0.0333333	0.4	0.0333333	0.0666667	0.0333333	0.133333
0.0606061	0.030303	0.0909091	0.030303	0.30303	0.0606061	0.333333	0.030303	0.030303	0.030303
0.0503145	0.0566038	0.402516	0.295597	0.00628931	0.0566038	0.0314465	0.0377358	0.0566038	0.00628931
0.0588235	0.0588235	0.117647	0.0588235	0.117647	0.176471	0.235294	0.0588235	0.0588235	0.0588235
0.126582	0.0126582	0.0126582	0.0379747	0.0253165	0.0506329	0.493671	0.0126582	0.0506329	0.177215
0.0247934	0.0165289	0.0247934	0.0991736	0.00826446	0.256198	0.429752	0.00826446	0.0578512	0.0743802
0.0384615	0.153846	0.153846	0.0384615	0.0384615	0.269231	0.0384615	0.0769231	0.115385	0.0769231
0.0526316	0.0526316	0.0263158	0.0263158	0.0526316	0.605263	0.0526316	0.0263158	0.0526316	0.0526316
0.0833333	0.0138889	0.125	0.0833333	0.0555556	0.166667	0.0277778	0.0555556	0.0694444	0.319444
0.0625	0.03125	0.0625	0.125	0.03125	0.0625	0.40625	0.0625	0.09375	0.0625
0.72381	0.00952381	0.00952381	0.0285714	0.0190476	0.12381	0.00952381	0.00952381	0.0571429	0.00952381
0.0714286	0.410714	0.0535714	0.0535714	0.0357143	0.125	0.0714286	0.0178571	0.0535714	0.107143
0.0222222	0.0222222	0.0444444	0.0222222	0.0222222	0.0222222	0.688889	0.0222222	0.0222222	0.111111
0.0185185	0.388889	0.0185185	0.148148	0.0185185	0.148148	0.037037	0.0185185	0.185185	0.0185185
0.0606061	0.545455	0.030303	0.166667	0.0151515	0.0909091	0.0151515	0.0151515	0.0454545	0.0151515
0.00606061	0.030303	0.0242424	0.515152	0.00606061	0.290909	0.0606061	0.00606061	0.0484848	0.0121212
0.0666667	0.0666667	0.0333333	0.0333333	0.0333333	0.0333333	0.566667	0.0666667	0.0333333	0.0666667
0.0909091	0.030303	0.0606061	0.0606061	0.030303	0.0606061	0.484848	0.0909091	0.030303	0.0606061
0.0740741	0.0740741	0.037037	0.111111	0.037037	0.333333	0.111111	0.0740741	0.111111	0.037037
0.030303	0.030303	0.030303	0.0606061	0.030303	0.030303	0.69697	0.030303	0.030303	0.030303
0.048048	0.636637	0.021021	0.0720721	0.003003	0.123123	0.012012	0.003003	0.045045	0.036036
0.373333	0.0533333	0.0533333	0.0666667	0.04	0.16	0.0533333	0.0533333	0.0133333	0.133333
0.03125	0.5	0.03125	0.09375	0.0625	0.15625	0.03125	0.03125	0.03125	0.03125
0.04	0.04	0.04	0.28	0.04	0.04	0.08	0.12	0.08	0.24
0.0163934	0.360656	0.0327869	0.0245902	0.0163934	0.221311	0.0491803	0.00819672	0.196721	0.0737705
0.103448	0.0344828	0.0689655	0.206897	0.103448	0.0344828	0.0344828	0.0689655	0.275862	0.0689655
0.1	0.1	0.1	0.1	0.1	0.1	0.1	0.1	0.1	0.1
0.0172414	0.0172414	0.0172414	0.0344828	0.0344828	0.0172414	0.724138	0.0172414	0.0344828	0.0862069
0.244444	0.155556	0.0666667	0.0666667	0.0222222	0.0888889	0.0444444	0.0222222	0.222222	0.0666667
0.08	0.04	0.12	0.08	0.08	0.28	0.12	0.04	0.04	0.12
0.1	0.1	0.1	0.1	0.1	0.1	0.1	0.1	0.1	0.1
0.0173913	0.026087	0.00869565	0.0521739	0.026087	0.156522	0.521739	0.104348	0.026087	0.0608696
0.037037	0.0740741	0.037037	0.333333	0.111111	0.259259	0.037037	0.037037	0.037037	0.037037
0.171875	0.015625	0.0625	0.015625	0.015625	0.15625	0.03125	0.03125	0.40625	0.09375
0.326087	0.0217391	0.0217391	0.0434783	0.0217391	0.0217391	0.152174	0.0217391	0.0652174	0.304348
0.04	0.0666667	0.04	0.08	0.0133333	0.08	0.546667	0.0133333	0.0933333	0.0266667
0.0294118	0.0588235	0.117647	0.0882353	0.0882353	0.235294	0.147059	0.0294118	0.176471	0.0294118
0.102564	0.025641	0.102564	0.025641	0.0769231	0.025641	0.564103	0.025641	0.025641	0.025641
0.037037	0.037037	0.0740741	0.037037	0.0740741	0.0740741	0.481481	0.037037	0.037037	0.111111
0.0105263	0.0473684	0.0157895	0.0210526	0.0263158	0.157895	0.605263	0.0105263	0.1	0.00526316
0.153846	0.0384615	0.115385	0.115385	0.0384615	0.153846	0.0384615	0.0769231	0.230769	0.0384615
0.0416667	0.0208333	0.0208333	0.25	0.104167	0.1875	0.0625	0.0416667	0.0625	0.208333
0.0857143	0.0142857	0.428571	0.142857	0.0142857	0.0428571	0.0285714	0.0428571	0.128571	0.0714286
0.2	0.02	0.2	0.04	0.04	0.1	0.12	0.2	0.06	0.02
0.0769231	0.0769231	0.0769231	0.230769	0.0769231	0.153846	0.0769231	0.0769231	0.0769231	0.0769231
0.121212	0.0606061	0.030303	0.181818	0.030303	0.212121	0.030303	0.0606061	0.242424	0.030303
0.025641	0.0512821	0.384615	0.025641	0.025641	0.0512821	0.153846	0.0512821	0.205128	0.025641
0.0985915	0.0140845	0.028169	0.239437	0.0140845	0.197183	0.15493	0.0704225	0.15493	0.028169
0.2	0.133333	0.2	0.0333333	0.0333333	0.0333333	0.0333333	0.2	0.1	0.0333333
0.259259	0.185185	0.111111	0.037037	0.0740741	0.185185	0.037037	0.037037	0.037037	0.037037
0.0416667	0.0833333	0.0416667	0.166667	0.0416667	0.291667	0.0416667	0.0416667	0.208333	0.0416667
0.106383	0.148936	0.0425532	0.0638298	0.0851064	0.12766	0.234043	0.0851064	0.0851064	0.0212766
0.114286	0.0285714	0.0285714	0.4	0.0285714	0.0571429	0.0857143	0.114286	0.0857143	0.0571429
0.117647	0.0588235	0.0588235	0.0588235	0.176471	0.117647	0.176471	0.0588235	0.117647	0.0588235
0.037037	0.037037	0.037037	0.037037	0.037037	0.185185	0.518519	0.037037	0.037037	0.037037
0.0147059	0.0147059	0.0147059	0.0588235	0.0294118	0.191176	0.617647	0.0147059	0.0147059	0.0294118
0.0285714	0.0285714	0.0142857	0.0285714	0.0142857	0.3	0.428571	0.0285714	0.0142857	0.114286
0.0775862	0.0172414	0.0258621	0.12069	0.00862069	0.301724	0.00862069	0.0603448	0.172414	0.206897
0.137255	0.215686	0.0784314	0.0392157	0.0588235	0.196078	0.0784314	0.0392157	0.0196078	0.137255
0.0151515	0.121212	0.0606061	0.348485	0.0151515	0.0606061	0.0151515	0.121212	0.227273	0.0151515
0.266667	0.0583333	0.00833333	0.0166667	0.00833333	0.166667	0.0583333	0.00833333	0.208333	0.2
0.0135501	0.00813008	0.0162602	0.233062	0.0135501	0.0569106	0.00271003	0.525745	0.102981	0.0271003
0.0454545	0.0454545	0.0454545	0.0454545	0.0454545	0.0454545	0.545455	0.0454545	0.0909091	0.0454545
0.0434783	0.217391	0.130435	0.0869565	0.0434783	0.0869565	0.0869565	0.0869565	0.0434783	0.173913
0.0588235	0.0588235	0.0588235	0.176471	0.0588235	0.176471	0.0588235	0.117647	0.0588235	0.176471
0.0222222	0.0222222	0.0222222	0.0222222	0.0444444	0.111111	0.622222	0.0666667	0.0444444	0.0222222
0.115385	0.0384615	0.0769231	0.0769231	0.0384615	0.115385	0.269231	0.0384615	0.0769231	0.153846
0.0769231	0.025641	0.0769231	0.025641	0.0512821	0.153846	0.282051	0.102564	0.102564	0.102564
0.0227273	0.0681818	0.0454545	0.0909091	0.0681818	0.227273	0.0909091	0.0227273	0.318182	0.0454545
0.0294118	0.0882353	0.0588235	0.176471	0.0588235	0.323529	0.0294118	0.117647	0.0882353	0.0294118
0.0266667	0.00666667	0.0133333	0.72	0.00666667	0.146667	0.00666667	0.0133333	0.0533333	0.00666667
0.0736842	0.0631579	0.0421053	0.4	0.0105263	0.305263	0.0210526	0.0105263	0.0631579	0.0105263
0.0666667	0.0666667	0.0666667	0.133333	0.0666667	0.2	0.0666667	0.0666667	0.2	0.0666667
0.0222222	0.0666667	0.0666667	0.111111	0.0444444	0.4	0.0888889	0.0222222	0.0666667	0.111111
0.025641	0.0769231	0.0512821	0.102564	0.0769231	0.102564	0.461538	0.025641	0.0512821	0.025641
0.0634921	0.0634921	0.015873	0.428571	0.015873	0.190476	0.0634921	0.015873	0.111111	0.031746
0.362745	0.0294118	0.0490196	0.00980392	0.0588235	0.0490196	0.333333	0.0392157	0.0294118	0.0392157
0.025641	0.0769231	0.025641	0.0769231	0.025641	0.128205	0.461538	0.0512821	0.0512821	0.0769231
0.040678	0.352542	0.0101695	0.416949	0.00338983	0.0779661	0.0101695	0.0101695	0.0644068	0.0135593
0.0333333	0.00833333	0.05	0.05	0.00833333	0.0333333	0.608333	0.025	0.0916667	0.0916667
0.0571429	0.0571429	0.0571429	0.0285714	0.0285714	0.0285714	0.257143	0.114286	0.171429	0.2
0.0384615	0.0128205	0.0512821	0.0512821	0.0128205	0.320513	0.0128205	0.217949	0.205128	0.0769231
0.0862069	0.0172414	0.0172414	0.137931	0.0344828	0.0172414	0.431034	0.0862069	0.0172414	0.155172
0.027027	0.027027	0.027027	0.0540541	0.027027	0.0810811	0.567568	0.027027	0.0540541	0.108108
0.0625	0.0625	0.1875	0.125	0.03125	0.03125	0.375	0.03125	0.0625	0.03125
0.0892857	0.0535714	0.285714	0.0892857	0.0357143	0.142857	0.0178571	0.0714286	0.0892857	0.125
0.0188679	0.0188679	0.0188679	0.0188679	0.0377358	0.0188679	0.735849	0.0188679	0.0943396	0.0188679
0.0833333	0.0833333	0.0416667	0.0416667	0.0416667	0.166667	0.333333	0.0416667	0.125	0.0416667
0.0465116	0.0232558	0.0232558	0.0930233	0.0232558	0.139535	0.511628	0.0232558	0.0232558	0.0930233
0.0204082	0.0102041	0.214286	0.0510204	0.0102041	0.122449	0.0612245	0.122449	0.102041	0.285714
0.22807	0.0175439	0.0526316	0.0175439	0.0175439	0.438596	0.0350877	0.140351	0.0175439	0.0350877
0.015873	0.0952381	0.111111	0.222222	0.031746	0.015873	0.396825	0.015873	0.0634921	0.031746
0.0540541	0.027027	0.027027	0.189189	0.027027	0.243243	0.324324	0.0540541	0.027027	0.027027
0.1	0.1	0.1	0.1	0.1	0.1	0.1	0.1	0.1	0.1
0.763441	0.0215054	0.0107527	0.0215054	0.0107527	0.107527	0.0107527	0.0215054	0.0215054	0.0107527
0.04	0.12	0.04	0.12	0.08	0.08	0.04	0.04	0.08	0.36
0.0185185	0.0185185	0.0185185	0.0185185	0.0925926	0.0185185	0.277778	0.0185185	0.0185185	0.5
0.0434783	0.0652174	0.0217391	0.195652	0.0434783	0.369565	0.0217391	0.0217391	0.152174	0.0652174
0.0684932	0.0136986	0.0273973	0.0684932	0.0136986	0.123288	0.589041	0.0136986	0.0136986	0.0684932
0.0275862	0.0137931	0.0206897	0.172414	0.00689655	0.282759	0.0689655	0.0551724	0.275862	0.0758621
0.0396476	0.0528634	0.0484581	0.0484581	0.00440529	0.0837004	0.0264317	0.577093	0.110132	0.00881057
0.027933	0.0223464	0.0446927	0.547486	0.0782123	0.00558659	0.184358	0.0223464	0.0167598	0.0502793
0.0810811	0.027027	0.27027	0.0405405	0.108108	0.0675676	0.243243	0.027027	0.0675676	0.0675676
0.142857	0.0714286	0.0357143	0.0357143	0.0357143	0.0357143	0.464286	0.0357143	0.0714286	0.0714286
0.214286	0.0714286	0.0714286	0.0714286	0.0714286	0.0714286	0.0714286	0.214286	0.0714286	0.0714286
0.0227273	0.0227273	0.25	0.0227273	0.159091	0.0681818	0.159091	0.0681818	0.0909091	0.136364
0.0172414	0.293103	0.0517241	0.103448	0.0172414	0.0862069	0.293103	0.0172414	0.0344828	0.0862069
0.0540541	0.027027	0.0810811	0.0945946	0.027027	0.337838	0.121622	0.0405405	0.162162	0.0540541
0.0487805	0.0243902	0.341463	0.097561	0.0243902	0.121951	0.243902	0.0243902	0.0487805	0.0243902
0.03125	0.03125	0.0625	0.125	0.0625	0.15625	0.28125	0.0625	0.09375	0.09375
0.0238095	0.047619	0.119048	0.0238095	0.0238095	0.0238095	0.595238	0.0238095	0.0238095	0.0952381
0.0540541	0.108108	0.0540541	0.162162	0.027027	0.108108	0.027027	0.0540541	0.378378	0.027027
0.0166667	0.0166667	0.116667	0.15	0.0666667	0.0833333	0.366667	0.0333333	0.05	0.1
0.0166667	0.0333333	0.05	0.0166667	0.0333333	0.1	0.65	0.0333333	0.0333333	0.0333333
0.205882	0.117647	0.147059	0.0588235	0.0294118	0.176471	0.0882353	0.0588235	0.0294118	0.0882353
0.103448	0.0344828	0.0344828	0.0344828	0.103448	0.0689655	0.482759	0.0344828	0.0344828	0.0689655
0.0408163	0.0612245	0.0408163	0.0408163	0.0204082	0.204082	0.387755	0.0204082	0.0612245	0.122449
0.0115607	0.0635838	0.0751445	0.127168	0.375723	0.0520231	0.132948	0.0115607	0.0462428	0.104046
0.0434783	0.0724638	0.0144928	0.101449	0.0144928	0.449275	0.0434783	0.0434783	0.202899	0.0144928
0.0571429	0.0857143	0.0571429	0.228571	0.0571429	0.142857	0.114286	0.0857143	0.114286	0.0571429
0.0344828	0.137931	0.0517241	0.0689655	0.103448	0.0689655	0.448276	0.0172414	0.0172414	0.0517241
0.0625	0.03125	0.03125	0.03125	0.0625	0.21875	0.0625	0.03125	0.0625	0.40625
0.047619	0.047619	0.047619	0.47619	0.047619	0.047619	0.0952381	0.047619	0.047619	0.0952381
0.114943	0.0114943	0.0114943	0.0114943	0.0574713	0.356322	0.0114943	0.0344828	0.0689655	0.321839
0.0505837	0.0233463	0.0194553	0.529183	0.00389105	0.237354	0.0116732	0.0350195	0.0544747	0.0350195
0.157895	0.0526316	0.0526316	0.157895	0.0526316	0.157895	0.0526316	0.0526316	0.105263	0.157895
0.00699301	0.041958	0.027972	0.0979021	0.363636	0.0839161	0.013986	0.167832	0.153846	0.041958
0.179487	0.0769231	0.025641	0.102564	0.025641	0.0512821	0.179487	0.025641	0.153846	0.179487
0.0337079	0.0224719	0.011236	0.168539	0.0337079	0.359551	0.168539	0.0449438	0.0449438	0.11236
0.1	0.05	0.05	0.05	0.1	0.15	0.25	0.05	0.1	0.1
0.0740741	0.037037	0.037037	0.185185	0.037037	0.111111	0.0740741	0.148148	0.259259	0.037037
0.1	0.0714286	0.0142857	0.314286	0.0285714	0.2	0.0142857	0.0714286	0.171429	0.0142857
0.215385	0.0461538	0.0461538	0.0769231	0.0153846	0.215385	0.0153846	0.0153846	0.276923	0.0769231
0.1	0.1	0.1	0.1	0.1	0.1	0.1	0.1	0.1	0.1
0.0222222	0.0666667	0.155556	0.0444444	0.0222222	0.177778	0.311111	0.0444444	0.0444444	0.111111
0.031746	0.015873	0.031746	0.126984	0.0793651	0.15873	0.015873	0.15873	0.365079	0.015873
0.0238095	0.0238095	0.0238095	0.333333	0.0238095	0.357143	0.0238095	0.119048	0.0238095	0.047619
0.0416667	0.125	0.0416667	0.0416667	0.0833333	0.25	0.0416667	0.0416667	0.125	0.208333
0.0103627	0.0207254	0.0233161	0.559585	0.00259067	0.158031	0.00518135	0.0362694	0.0777202	0.106218
0.0384615	0.0384615	0.115385	0.230769	0.0384615	0.346154	0.0384615	0.0769231	0.0384615	0.0384615
0.0666667	0.0166667	0.0333333	0.1	0.0333333	0.05	0.4	0.0333333	0.133333	0.133333
0.0789474	0.0526316	0.0263158	0.0263158	0.0263158	0.5	0.0526316	0.0789474	0.0789474	0.0789474
0.15	0.05	0.05	0.15	0.05	0.05	0.2	0.05	0.05	0.2
0.150943	0.150943	0.0943396	0.113208	0.169811	0.132075	0.0188679	0.0566038	0.0377358	0.0754717
0.133333	0.155556	0.377778	0.0888889	0.0222222	0.0666667	0.0888889	0.0222222	0.0222222	0.0222222
0.115385	0.0192308	0.134615	0.0192308	0.0384615	0.153846	0.0192308	0.0192308	0.442308	0.0384615
0.037037	0.0740741	0.111111	0.0925926	0.0185185	0.148148	0.0185185	0.0185185	0.407407	0.0740741
0.0411311	0.0437018	0.0154242	0.0771208	0.00514139	0.092545	0.0488432	0.00257069	0.00257069	0.670951
0.475	0.175	0.025	0.075	0.025	0.125	0.025	0.025	0.025	0.025
0.0122449	0.0571429	0.0367347	0.0367347	0.0816327	0.106122	0.00408163	0.587755	0.0612245	0.0163265
0.0344828	0.0344828	0.0689655	0.0344828	0.0689655	0.0689655	0.0689655	0.0344828	0.0689655	0.517241
0.0568182	0.0142045	0.0625	0.0340909	0.00852273	0.0681818	0.579545	0.0340909	0.107955	0.0340909
0.037037	0.0740741	0.037037	0.037037	0.0740741	0.037037	0.481481	0.037037	0.037037	0.148148
0.0160428	0.698889	0.0752777	0.0403126	0.000822707	0.0497738	0.012752	0.0304401	0.0719868	0.00370218
0.0136986	0.643836	0.0136986	0.0958904	0.0136986	0.0410959	0.0410959	0.0410959	0.0684932	0.0273973
0.494505	0.010989	0.0659341	0.010989	0.010989	0.340659	0.021978	0.010989	0.010989	0.021978
0.185185	0.111111	0.037037	0.111111	0.037037	0.0740741	0.0740741	0.037037	0.222222	0.111111
0.575758	0.0606061	0.0151515	0.0151515	0.0151515	0.121212	0.0151515	0.0454545	0.0757576	0.0606061
0.00907441	0.0344828	0.00907441	0.624319	0.00725953	0.125227	0.0181488	0.0362976	0.105263	0.030853
0.0294118	0.0294118	0.0882353	0.0294118	0.0294118	0.0294118	0.588235	0.0294118	0.0588235	0.0882353
0.0294118	0.0294118	0.0588235	0.264706	0.0294118	0.264706	0.0294118	0.117647	0.147059	0.0294118
0.0888889	0.0222222	0.0222222	0.311111	0.0888889	0.0888889	0.0444444	0.155556	0.111111	0.0666667
0.0416667	0.0625	0.0208333	0.0208333	0.0208333	0.0833333	0.604167	0.0208333	0.0833333	0.0416667
0.0843373	0.0120482	0.0120482	0.120482	0.0120482	0.277108	0.0120482	0.0361446	0.0120482	0.421687
0.448276	0.137931	0.0344828	0.103448	0.0172414	0.155172	0.0172414	0.0172414	0.0344828	0.0344828
0.0107817	0.0404313	0.032345	0.06469	0.0188679	0.153639	0.0242588	0.458221	0.134771	0.0619946
0.52	0.04	0.04	0.04	0.08	0.08	0.04	0.08	0.04	0.04
0.0666667	0.133333	0.0666667	0.0666667	0.0666667	0.133333	0.133333	0.0666667	0.133333	0.133333
0.0217391	0.0144928	0.00724638	0.782609	0.00724638	0.0869565	0.00724638	0.0144928	0.0144928	0.0434783
0.0322581	0.0645161	0.0322581	0.193548	0.0322581	0.16129	0.0322581	0.0967742	0.290323	0.0645161
0.0769231	0.0769231	0.0769231	0.153846	0.0769231	0.153846	0.0769231	0.0769231	0.153846	0.0769231
0.327434	0.0265487	0.0176991	0.079646	0.00884956	0.300885	0.0353982	0.00884956	0.0442478	0.150442
0.0769231	0.0512821	0.025641	0.153846	0.0512821	0.179487	0.0769231	0.205128	0.153846	0.025641
0.075	0.025	0.375	0.05	0.025	0.1	0.075	0.05	0.1	0.125
0.0222222	0.0222222	0.0444444	0.0222222	0.0222222	0.422222	0.311111	0.0222222	0.0888889	0.0222222
0.0212766	0.0212766	0.0425532	0.106383	0.0212766	0.255319	0.0212766	0.0212766	0.0212766	0.468085
0.0666667	0.0666667	0.0666667	0.266667	0.0666667	0.0666667	0.133333	0.0666667	0.133333	0.0666667
0.047619	0.047619	0.047619	0.0952381	0.047619	0.047619	0.47619	0.047619	0.0952381	0.047619
0.0322581	0.0967742	0.0967742	0.0645161	0.0322581	0.322581	0.225806	0.0322581	0.0322581	0.0645161
0.0673077	0.163462	0.0673077	0.0673077	0.0192308	0.105769	0.0288462	0.0288462	0.394231	0.0576923
0.0188679	0.358491	0.0566038	0.0754717	0.0188679	0.245283	0.0943396	0.0188679	0.0943396	0.0188679
0.025	0.0125	0.3125	0.0125	0.025	0.1875	0.1125	0.075	0.0625	0.175
0.0292208	0.0194805	0.587662	0.0194805	0.00324675	0.0422078	0.0292208	0.0649351	0.191558	0.012987
0.0416667	0.0208333	0.0416667	0.0208333	0.125	0.0625	0.520833	0.0208333	0.0833333	0.0625
0.0434783	0.0108696	0.0326087	0.619565	0.0326087	0.0978261	0.0108696	0.0978261	0.0217391	0.0326087
0.619048	0.119048	0.0238095	0.047619	0.0238095	0.0714286	0.0238095	0.0238095	0.0238095	0.0238095
0.0909091	0.00757576	0.280303	0.0833333	0.0227273	0.151515	0.0530303	0.0151515	0.0606061	0.234848
0.0280374	0.00934579	0.0280374	0.682243	0.0186916	0.186916	0.00934579	0.00934579	0.0186916	0.00934579
0.416667	0.0416667	0.0416667	0.0416667	0.0416667	0.25	0.0416667	0.0416667	0.0416667	0.0416667
0.0192308	0.0384615	0.0192308	0.346154	0.0192308	0.25	0.0192308	0.0576923	0.192308	0.0384615
