0.209302	0.232558	0.186047	0.0930233	0.0697674	0.209302
0.346154	0.0769231	0.192308	0.115385	0.0384615	0.230769
0.0604982	0.188612	0.13879	0.149466	0.270463	0.192171
0.08	0.04	0.68	0.08	0.04	0.08
0.024	0.032	0.064	0.272	0.032	0.576
0.210526	0.0526316	0.0526316	0.210526	0.0526316	0.421053
0.653846	0.0769231	0.0384615	0.0769231	0.0769231	0.0769231
0.166667	0.166667	0.166667	0.166667	0.166667	0.166667
0.553571	0.0178571	0.0535714	0.107143	0.0178571	0.25
0.145161	0.177419	0.016129	0.0967742	0.0322581	0.532258
0.24	0.06	0.34	0.02	0.02	0.32
0.181818	0.424242	0.212121	0.0606061	0.0606061	0.0606061
0.32967	0.0769231	0.296703	0.010989	0.0549451	0.230769
0.0634921	0.0634921	0.0952381	0.111111	0.015873	0.650794
0.0537634	0.182796	0.164875	0.107527	0.078853	0.412186
0.612676	0.0492958	0.15493	0.00704225	0.126761	0.0492958
0.47619	0.047619	0.142857	0.047619	0.047619	0.238095
0.571429	0.0816327	0.0204082	0.0408163	0.0816327	0.204082
0.0681818	0.75	0.0227273	0.0227273	0.0227273	0.113636
0.323944	0.197183	0.126761	0.112676	0.0422535	0.197183
0.0166667	0.0666667	0.0166667	0.283333	0.0166667	0.6
0.0212766	0.12766	0.531915	0.0851064	0.0212766	0.212766
0.0408163	0.0612245	0.0204082	0.244898	0.0204082	0.612245
0.142857	0.142857	0.285714	0.142857	0.142857	0.142857
0.0434783	0.0652174	0.0217391	0.0434783	0.217391	0.608696
0.208333	0.0833333	0.0416667	0.458333	0.0416667	0.166667
0.130435	0.217391	0.0434783	0.0434783	0.26087	0.304348
0.25	0.0833333	0.0833333	0.0833333	0.416667	0.0833333
0.0625	0.1875	0.0625	0.25	0.125	0.3125
0.0122951	0.0314208	0.010929	0.904372	0.00409836	0.0368852
0.366667	0.0333333	0.133333	0.0333333	0.0666667	0.366667
0.0714286	0.178571	0.0357143	0.0357143	0.0357143	0.642857
0.166667	0.4	0.216667	0.133333	0.05	0.0333333
0.145161	0.129032	0.129032	0.0322581	0.241935	0.322581
0.0181818	0.4	0.1	0.0545455	0.00909091	0.418182
0.00558659	0.0111732	0.0223464	0.659218	0.00558659	0.296089
0.529412	0.0588235	0.117647	0.0588235	0.176471	0.0588235
0.666667	0.037037	0.037037	0.037037	0.037037	0.185185
0.0625	0.1875	0.09375	0.03125	0.296875	0.328125
0.0502793	0.178771	0.678771	0.0251397	0.0027933	0.0642458
0.0222222	0.122222	0.0111111	0.122222	0.0111111	0.711111
0.131868	0.0769231	0.043956	0.164835	0.010989	0.571429
0.0526316	0.315789	0.210526	0.210526	0.0526316	0.157895
0.0895522	0.537313	0.0447761	0.0746269	0.0149254	0.238806
0.037037	0.0691358	0.054321	0.165432	0.00246914	0.671605
0.00515464	0.0103093	0.0412371	0.0979381	0.835052	0.0103093
0.117647	0.294118	0.0588235	0.147059	0.0588235	0.323529
0.0993789	0.0434783	0.639752	0.0248447	0.0186335	0.173913
0.114286	0.0285714	0.0571429	0.171429	0.0285714	0.6
0.796748	0.0406504	0.00406504	0.00813008	0.00406504	0.146341
0.52	0.02	0.04	0.06	0.04	0.32
0.741935	0.0645161	0.0645161	0.0645161	0.0322581	0.0322581
0.292683	0.0650407	0.0731707	0.0203252	0.280488	0.268293
0.802198	0.021978	0.120879	0.021978	0.021978	0.010989
0.44	0.04	0.08	0.24	0.08	0.12
0.243902	0.0243902	0.121951	0.365854	0.0243902	0.219512
0.027027	0.0540541	0.0540541	0.148649	0.0135135	0.702703
0.0869565	0.0144928	0.0869565	0.202899	0.0724638	0.536232
0.230769	0.153846	0.153846	0.0769231	0.269231	0.115385
0.0930233	0.534884	0.0465116	0.0697674	0.0232558	0.232558
0.037037	0.111111	0.037037	0.037037	0.407407	0.37037
0.0816327	0.0204082	0.0204082	0.0408163	0.0204082	0.816327
0.0697674	0.0930233	0.395349	0.139535	0.0232558	0.27907
0.11	0.72	0.05	0.01	0.02	0.09
0.27907	0.0930233	0.27907	0.0232558	0.0465116	0.27907
0.0588235	0.382353	0.117647	0.0294118	0.117647	0.294118
0.521739	0.0869565	0.130435	0.0434783	0.0434783	0.173913
0.457143	0.114286	0.171429	0.114286	0.0285714	0.114286
0.0547945	0.0821918	0.0273973	0.0958904	0.205479	0.534247
0.0638298	0.106383	0.12766	0.0212766	0.255319	0.425532
0.555556	0.037037	0.111111	0.037037	0.0740741	0.185185
0.266667	0.0666667	0.2	0.133333	0.0666667	0.266667
0.15	0.1	0.1	0.05	0.45	0.15
0.375	0.0416667	0.125	0.125	0.166667	0.166667
0.0125	0.05625	0.03125	0.45625	0.00625	0.4375
0.740741	0.0740741	0.037037	0.0740741	0.037037	0.037037
0.137931	0.0689655	0.0517241	0.0517241	0.431034	0.258621
0.409091	0.0909091	0.0454545	0.0454545	0.181818	0.227273
0.03125	0.125	0.046875	0.25	0.046875	0.5
0.238095	0.047619	0.0952381	0.380952	0.047619	0.190476
0.0666667	0.333333	0.0666667	0.0666667	0.2	0.266667
0.0444444	0.0222222	0.0444444	0.0444444	0.555556	0.288889
0.153846	0.138462	0.153846	0.184615	0.0615385	0.307692
0.114286	0.0857143	0.142857	0.0571429	0.485714	0.114286
0.1	0.3	0.1	0.2	0.1	0.2
0.166667	0.166667	0.166667	0.166667	0.166667	0.166667
0.133333	0.0666667	0.133333	0.0666667	0.466667	0.133333
0.166667	0.166667	0.166667	0.166667	0.166667	0.166667
0.333333	0.119048	0.333333	0.0714286	0.047619	0.0952381
0.255814	0.116279	0.232558	0.0697674	0.27907	0.0465116
0.307692	0.0384615	0.153846	0.0384615	0.0384615	0.423077
0.0472103	0.055794	0.00858369	0.133047	0.00858369	0.746781
0.612903	0.0322581	0.016129	0.0483871	0.016129	0.274194
0.0487805	0.365854	0.0243902	0.146341	0.0731707	0.341463
0.717391	0.0217391	0.0217391	0.0217391	0.195652	0.0217391
0.0103093	0.0206186	0.0206186	0.804124	0.0412371	0.103093
0.45	0.1	0.15	0.05	0.05	0.2
0.0310078	0.131783	0.0155039	0.44186	0.0232558	0.356589
0.230769	0.153846	0.0769231	0.307692	0.153846	0.0769231
0.388889	0.0555556	0.0555556	0.0555556	0.0555556	0.388889
0.0714286	0.142857	0.142857	0.0714286	0.142857	0.428571
0.503356	0.147651	0.0134228	0.0234899	0.00671141	0.305369
0.595464	0.0743671	0.228903	0.0110759	0.0100211	0.0801688
0.214286	0.0714286	0.214286	0.142857	0.285714	0.0714286
0.0336134	0.210084	0.00840336	0.0336134	0.00840336	0.705882
0.0769231	0.0192308	0.0192308	0.0769231	0.423077	0.384615
0.206593	0.0571429	0.52967	0.00659341	0.0043956	0.195604
0.375	0.1875	0.0625	0.125	0.125	0.125
0.0237218	0.067941	0.00713957	0.200138	0.00115154	0.699908
0.172414	0.344828	0.103448	0.0344828	0.172414	0.172414
0.15625	0.125	0.21875	0.09375	0.0625	0.34375
0.08	0.36	0.08	0.12	0.04	0.32
0.0535714	0.107143	0.0119048	0.363095	0.00595238	0.458333
0.491228	0.0877193	0.175439	0.0175439	0.0350877	0.192982
0.727273	0.0909091	0.030303	0.0909091	0.030303	0.030303
0.652174	0.0869565	0.0434783	0.0869565	0.0869565	0.0434783
0.108108	0.108108	0.486486	0.027027	0.243243	0.027027
0.0416667	0.0416667	0.0416667	0.125	0.125	0.625
0.0206897	0.144828	0.0551724	0.503448	0.0137931	0.262069
0.108108	0.0540541	0.0540541	0.0540541	0.108108	0.621622
0.136364	0.113636	0.0909091	0.0681818	0.0227273	0.568182
0.0588235	0.385027	0.0962567	0.00534759	0.331551	0.122995
0.548387	0.145161	0.0483871	0.0322581	0.0322581	0.193548
0.541667	0.0694444	0.0138889	0.125	0.0138889	0.236111
0.037037	0.37037	0.0740741	0.037037	0.0740741	0.407407
0.0524781	0.227405	0.425656	0.0874636	0.122449	0.0845481
0.653846	0.0461538	0.130769	0.0307692	0.00769231	0.130769
0.0807339	0.0788991	0.00366972	0.284404	0.00733945	0.544954
0.611111	0.0555556	0.111111	0.0555556	0.0555556	0.111111
0.2	0.0956522	0.00869565	0.0347826	0.304348	0.356522
0.387755	0.0204082	0.163265	0.0204082	0.204082	0.204082
0.652174	0.108696	0.0869565	0.0434783	0.0217391	0.0869565
0.018018	0.117117	0.018018	0.117117	0.0540541	0.675676
0.0773196	0.0824742	0.0927835	0.0206186	0.57732	0.149485
0.166667	0.0833333	0.0277778	0.0555556	0.0833333	0.583333
0.140351	0.192982	0.0175439	0.0350877	0.403509	0.210526
0.0357143	0.214286	0.178571	0.142857	0.142857	0.285714
0.0147783	0.123153	0.802956	0.0197044	0.00492611	0.0344828
0.0212766	0.148936	0.0212766	0.276596	0.0212766	0.510638
0.4	0.1	0.1	0.1	0.1	0.2
0.0769231	0.202797	0.027972	0.0699301	0.020979	0.601399
0.514286	0.0571429	0.2	0.0285714	0.0285714	0.171429
0.166667	0.166667	0.166667	0.166667	0.166667	0.166667
0.3	0.05	0.35	0.2	0.05	0.05
0.1	0.2	0.1	0.1	0.1	0.4
0.125	0.25	0.25	0.125	0.125	0.125
0.423077	0.0384615	0.230769	0.0384615	0.0384615	0.230769
0.35	0.1	0.15	0.05	0.1	0.25
0.3	0.025	0.125	0.05	0.025	0.475
0.0126582	0.594937	0.0379747	0.0506329	0.0126582	0.291139
0.107438	0.239669	0.322314	0.0247934	0.0247934	0.280992
0.0236686	0.0502959	0.00887574	0.47929	0.00295858	0.434911
0.542857	0.0571429	0.171429	0.0571429	0.0571429	0.114286
0.00869565	0.147826	0.0608696	0.00869565	0.313043	0.46087
0.133333	0.0666667	0.0666667	0.0666667	0.133333	0.533333
0.7	0.05	0.05	0.05	0.05	0.1
0.047619	0.333333	0.142857	0.047619	0.190476	0.238095
0.209677	0.193548	0.322581	0.0806452	0.0806452	0.112903
0.166667	0.111111	0.166667	0.222222	0.0555556	0.277778
0.0102041	0.153061	0.0306122	0.5	0.0204082	0.285714
0.333333	0.111111	0.111111	0.222222	0.111111	0.111111
0.166667	0.111111	0.0555556	0.111111	0.0555556	0.5
0.136364	0.0454545	0.318182	0.0909091	0.0909091	0.318182
0.4	0.0666667	0.0666667	0.0666667	0.2	0.2
0.0444444	0.0888889	0.0888889	0.177778	0.0666667	0.533333
0.0886076	0.139241	0.556962	0.0379747	0.0379747	0.139241
0.166667	0.166667	0.166667	0.166667	0.166667	0.166667
0.62069	0.0804598	0.0344828	0.0229885	0.0114943	0.229885
0.0611511	0.672662	0.0323741	0.00359712	0.0107914	0.219424
0.647059	0.0588235	0.147059	0.0294118	0.0882353	0.0294118
0.0648148	0.00925926	0.0648148	0.111111	0.00925926	0.740741
0.0434783	0.434783	0.130435	0.0434783	0.130435	0.217391
0.148148	0.296296	0.037037	0.111111	0.111111	0.296296
0.0394737	0.0657895	0.0789474	0.486842	0.0131579	0.315789
0.363636	0.181818	0.181818	0.0909091	0.0909091	0.0909091
0.0111111	0.0888889	0.0111111	0.0222222	0.0222222	0.844444
0.459459	0.108108	0.0540541	0.324324	0.027027	0.027027
0.0463576	0.142384	0.168874	0.311258	0.00331126	0.327815
0.0512821	0.025641	0.205128	0.179487	0.102564	0.435897
0.0688172	0.0537634	0.0129032	0.548387	0.00215054	0.313978
0.554348	0.0217391	0.076087	0.0217391	0.0217391	0.304348
0.0163934	0.584699	0.0163934	0.00546448	0.0710383	0.306011
0.00588235	0.0647059	0.0176471	0.652941	0.00588235	0.252941
0.6	0.1	0.05	0.1	0.1	0.05
0.1	0.1	0.1	0.1	0.1	0.5
0.333333	0.0666667	0.211111	0.166667	0.0111111	0.211111
0.378531	0.152542	0.0508475	0.0338983	0.0225989	0.361582
0.0915119	0.0601238	0.753316	0.0313882	0.0119363	0.0517241
0.0631579	0.557895	0.0526316	0.0842105	0.0210526	0.221053
0.0135135	0.364865	0.027027	0.0135135	0.0675676	0.513514
0.415493	0.126761	0.147887	0.0211268	0.028169	0.260563
0.111111	0.333333	0.111111	0.111111	0.111111	0.222222
0.193548	0.0967742	0.0645161	0.0322581	0.129032	0.483871
0.228571	0.171429	0.171429	0.114286	0.171429	0.142857
0.0166667	0.583333	0.0166667	0.133333	0.0166667	0.233333
0.0232558	0.0406977	0.0348837	0.401163	0.00581395	0.494186
0.6	0.05	0.1	0.05	0.1	0.1
0.228571	0.12	0.257143	0.0342857	0.24	0.12
0.272727	0.0909091	0.0909091	0.181818	0.0454545	0.318182
0.102564	0.128205	0.0128205	0.205128	0.0512821	0.5
0.0526316	0.263158	0.0526316	0.210526	0.0526316	0.368421
0.581818	0.0181818	0.163636	0.0363636	0.0363636	0.163636
0.0175439	0.0526316	0.0175439	0.122807	0.0526316	0.736842
0.191781	0.150685	0.479452	0.0136986	0.0684932	0.0958904
0.0120482	0.0481928	0.0481928	0.0722892	0.0120482	0.807229
0.166667	0.145833	0.354167	0.0208333	0.0416667	0.270833
0.652174	0.0434783	0.0869565	0.0869565	0.0434783	0.0869565
0.36	0.24	0.06	0.04	0.06	0.24
0.181818	0.159091	0.0681818	0.0227273	0.0454545	0.522727
0.0851064	0.702128	0.0425532	0.0212766	0.106383	0.0425532
0.142857	0.142857	0.485714	0.0571429	0.0285714	0.142857
0.0188679	0.0943396	0.0188679	0.0188679	0.377358	0.471698
0.00444939	0.0812013	0.0189099	0.68743	0.0133482	0.194661
0.048	0.6	0.032	0.056	0.032	0.232
0.348837	0.116279	0.209302	0.232558	0.0581395	0.0348837
0.555556	0.0666667	0.0444444	0.0666667	0.0666667	0.2
0.0666667	0.133333	0.133333	0.0666667	0.2	0.4
0.0833333	0.25	0.0833333	0.166667	0.25	0.166667
0.0914826	0.167192	0.457413	0.0315457	0.0315457	0.22082
0.111111	0.174603	0.015873	0.134921	0.015873	0.547619
0.182927	0.109756	0.0609756	0.317073	0.0365854	0.292683
0.384615	0.0384615	0.115385	0.115385	0.115385	0.230769
0.0526316	0.236842	0.0263158	0.421053	0.0263158	0.236842
0.0227273	0.0378788	0.174242	0.212121	0.00757576	0.545455
0.166667	0.0416667	0.458333	0.1875	0.0833333	0.0625
0.477273	0.113636	0.340909	0.0227273	0.0227273	0.0227273
0.0943396	0.264151	0.0943396	0.0754717	0.0377358	0.433962
0.581395	0.209302	0.0930233	0.0232558	0.0465116	0.0465116
0.0571429	0.142857	0.342857	0.0857143	0.0857143	0.285714
0.142857	0.0238095	0.47619	0.047619	0.0952381	0.214286
0.151515	0.242424	0.121212	0.151515	0.030303	0.30303
0.4375	0.15625	0.0625	0.03125	0.03125	0.28125
0.143791	0.575163	0.0457516	0.00326797	0.0424837	0.189542
0.0465116	0.0930233	0.0930233	0.0232558	0.348837	0.395349
0.0217391	0.391304	0.0217391	0.152174	0.0434783	0.369565
0.166667	0.0833333	0.0833333	0.0833333	0.166667	0.416667
0.0232558	0.0465116	0.0465116	0.162791	0.0465116	0.674419
0.0666667	0.0666667	0.466667	0.266667	0.0666667	0.0666667
0.34375	0.03125	0.09375	0.125	0.09375	0.3125
0.0805369	0.191275	0.0536913	0.241611	0.0436242	0.389262
0.580645	0.112903	0.016129	0.0483871	0.129032	0.112903
0.142857	0.190476	0.0714286	0.190476	0.119048	0.285714
0.719298	0.105263	0.0526316	0.0175439	0.0877193	0.0175439
0.270492	0.163934	0.442623	0.00819672	0.0327869	0.0819672
0.37037	0.148148	0.037037	0.037037	0.037037	0.37037
0.132653	0.0102041	0.489796	0.0408163	0.244898	0.0816327
0.0740741	0.462963	0.0185185	0.0185185	0.037037	0.388889
0.163636	0.0181818	0.527273	0.0727273	0.163636	0.0545455
0.192308	0.0769231	0.115385	0.0384615	0.115385	0.461538
0.655172	0.0344828	0.0344828	0.0689655	0.137931	0.0689655
0.00645161	0.129032	0.535484	0.0709677	0.0258065	0.232258
0.153846	0.153846	0.230769	0.153846	0.0769231	0.230769
0.706667	0.106667	0.0133333	0.0266667	0.08	0.0666667
0.649573	0.0683761	0.025641	0.042735	0.017094	0.196581
0.181818	0.0909091	0.227273	0.0454545	0.227273	0.227273
0.0588235	0.558824	0.0588235	0.0294118	0.0294118	0.264706
0.0294118	0.0147059	0.102941	0.0294118	0.426471	0.397059
0.142857	0.142857	0.285714	0.0357143	0.0357143	0.357143
0.712871	0.0693069	0.00990099	0.00990099	0.029703	0.168317
0.115385	0.576923	0.0576923	0.0384615	0.0384615	0.173077
0.853659	0.0243902	0.0487805	0.0243902	0.0243902	0.0243902
0.04	0.54	0.04	0.04	0.02	0.32
0.016129	0.677419	0.016129	0.016129	0.016129	0.258065
0.0186335	0.068323	0.15528	0.0186335	0.0124224	0.726708
0.692308	0.0769231	0.0769231	0.0769231	0.0384615	0.0384615
0.586207	0.0344828	0.206897	0.103448	0.0344828	0.0344828
0.217391	0.217391	0.0869565	0.130435	0.0434783	0.304348
0.172414	0.0344828	0.689655	0.0344828	0.0344828	0.0344828
0.0516717	0.796353	0.0212766	0.00911854	0.0151976	0.106383
0.295775	0.15493	0.0985915	0.0422535	0.140845	0.267606
0.107143	0.678571	0.0357143	0.0357143	0.0357143	0.107143
0.190476	0.0952381	0.047619	0.047619	0.238095	0.380952
0.0423729	0.559322	0.0847458	0.0423729	0.0254237	0.245763
0.04	0.28	0.16	0.12	0.12	0.28
0.166667	0.166667	0.166667	0.166667	0.166667	0.166667
0.703704	0.0185185	0.148148	0.037037	0.037037	0.0555556
0.195122	0.390244	0.0731707	0.0243902	0.0487805	0.268293
0.190476	0.047619	0.285714	0.0952381	0.047619	0.333333
0.166667	0.166667	0.166667	0.166667	0.166667	0.166667
0.126126	0.00900901	0.198198	0.522523	0.00900901	0.135135
0.0434783	0.0869565	0.0869565	0.0434783	0.130435	0.608696
0.133333	0.383333	0.05	0.0833333	0.1	0.25
0.357143	0.0238095	0.0238095	0.047619	0.357143	0.190476
0.577465	0.112676	0.211268	0.056338	0.0140845	0.028169
0.0666667	0.166667	0.133333	0.0666667	0.2	0.366667
0.571429	0.228571	0.0571429	0.0285714	0.0571429	0.0571429
0.521739	0.0434783	0.130435	0.0869565	0.173913	0.0434783
0.629032	0.0806452	0.0860215	0.0215054	0.0268817	0.155914
0.0454545	0.0454545	0.0454545	0.0454545	0.0454545	0.772727
0.136364	0.0681818	0.0454545	0.0454545	0.159091	0.545455
0.0606061	0.0757576	0.469697	0.030303	0.030303	0.333333
0.173913	0.23913	0.195652	0.23913	0.0217391	0.130435
0.111111	0.111111	0.111111	0.111111	0.111111	0.444444
0.0689655	0.0689655	0.0344828	0.0689655	0.103448	0.655172
0.114286	0.171429	0.485714	0.0285714	0.0285714	0.171429
0.0298507	0.164179	0.313433	0.0149254	0.0149254	0.462687
0.192308	0.115385	0.0769231	0.346154	0.115385	0.153846
0.217391	0.173913	0.130435	0.0869565	0.0434783	0.347826
0.05	0.15	0.1	0.05	0.05	0.6
0.186047	0.302326	0.162791	0.0465116	0.116279	0.186047
0.129032	0.16129	0.0967742	0.0967742	0.0322581	0.483871
0.230769	0.0769231	0.153846	0.0769231	0.307692	0.153846
0.608696	0.0434783	0.0869565	0.0434783	0.0434783	0.173913
0.5625	0.015625	0.0625	0.03125	0.015625	0.3125
0.69697	0.0909091	0.030303	0.0151515	0.030303	0.136364
0.125	0.0357143	0.0357143	0.0892857	0.25	0.464286
0.106383	0.382979	0.106383	0.0425532	0.12766	0.234043
0.129032	0.0967742	0.0967742	0.209677	0.016129	0.451613
0.275862	0.155172	0.0689655	0.0431034	0.103448	0.353448
0.0136986	0.0438356	0.0191781	0.575342	0.0219178	0.326027
0.5	0.111111	0.166667	0.111111	0.0555556	0.0555556
0.0526316	0.473684	0.0526316	0.0526316	0.210526	0.157895
0.0769231	0.153846	0.0769231	0.0769231	0.153846	0.461538
0.219512	0.0243902	0.512195	0.0243902	0.121951	0.097561
0.409091	0.0454545	0.136364	0.0454545	0.0909091	0.272727
0.514286	0.0285714	0.142857	0.0571429	0.114286	0.142857
0.125	0.125	0.05	0.15	0.125	0.425
0.0333333	0.133333	0.0666667	0.166667	0.0666667	0.533333
0.0684932	0.0753425	0.0205479	0.0136986	0.00684932	0.815068
0.032967	0.0769231	0.021978	0.0659341	0.010989	0.791209
0.0909091	0.0909091	0.0909091	0.0909091	0.0909091	0.545455
0.097561	0.0487805	0.170732	0.0731707	0.0731707	0.536585
0.428571	0.0857143	0.171429	0.0285714	0.0571429	0.228571
0.0677966	0.135593	0.0169492	0.118644	0.0169492	0.644068
0.72449	0.0306122	0.0612245	0.0408163	0.122449	0.0204082
0.571429	0.142857	0.0285714	0.0571429	0.0571429	0.142857
0.0171821	0.560137	0.0446735	0.0206186	0.00343643	0.353952
0.568966	0.0517241	0.241379	0.0431034	0.0689655	0.0258621
0.580645	0.0322581	0.0322581	0.129032	0.16129	0.0645161
0.027027	0.027027	0.0540541	0.378378	0.027027	0.486486
0.685185	0.0185185	0.0740741	0.0925926	0.0555556	0.0740741
0.272727	0.0606061	0.484848	0.030303	0.030303	0.121212
0.25	0.107143	0.464286	0.107143	0.0357143	0.0357143
0.0384615	0.403846	0.211538	0.0769231	0.0576923	0.211538
0.836735	0.0204082	0.0408163	0.0204082	0.0612245	0.0204082
0.4	0.1	0.15	0.05	0.1	0.2
0.641026	0.025641	0.179487	0.025641	0.0512821	0.0769231
0.12766	0.0638298	0.361702	0.159574	0.148936	0.138298
0.490566	0.0188679	0.0188679	0.113208	0.0377358	0.320755
0.474576	0.118644	0.254237	0.0169492	0.0169492	0.118644
0.454545	0.030303	0.030303	0.030303	0.0909091	0.363636
0.166667	0.166667	0.166667	0.166667	0.166667	0.166667
0.640449	0.0674157	0.011236	0.0449438	0.011236	0.224719
0.333333	0.0952381	0.047619	0.142857	0.285714	0.0952381
0.42	0.04	0.04	0.02	0.46	0.02
0.047619	0.0714286	0.047619	0.214286	0.0238095	0.595238
0.710145	0.0289855	0.0724638	0.0289855	0.057971	0.101449
0.035461	0.0780142	0.141844	0.0992908	0.0212766	0.624113
0.0134529	0.143498	0.0627803	0.609865	0.00896861	0.161435
0.00571429	0.0342857	0.0857143	0.0114286	0.474286	0.388571
0.142857	0.0857143	0.528571	0.0428571	0.0857143	0.114286
0.5	0.0833333	0.0416667	0.0416667	0.291667	0.0416667
0.3	0.1	0.1	0.3	0.1	0.1
0.2	0.1	0.475	0.05	0.15	0.025
0.444444	0.148148	0.277778	0.037037	0.037037	0.0555556
0.228571	0.157143	0.171429	0.0428571	0.0428571	0.357143
0.162162	0.108108	0.378378	0.135135	0.027027	0.189189
0.428571	0.142857	0.25	0.0714286	0.0357143	0.0714286
0.605263	0.0263158	0.210526	0.0526316	0.0526316	0.0526316
0.030303	0.242424	0.0606061	0.0606061	0.0606061	0.545455
0.0892857	0.0178571	0.392857	0.0357143	0.178571	0.285714
0.392857	0.0357143	0.392857	0.0892857	0.0178571	0.0714286
0.233333	0.4	0.166667	0.0333333	0.0333333	0.133333
0.68	0.08	0.04	0.04	0.08	0.08
0.466667	0.0666667	0.0666667	0.0444444	0.0666667	0.288889
0.189349	0.159763	0.142012	0.0414201	0.360947	0.106509
0.0923077	0.123077	0.0307692	0.0923077	0.0153846	0.646154
0.16129	0.16129	0.0645161	0.0967742	0.0645161	0.451613
0.703704	0.0555556	0.111111	0.037037	0.0185185	0.0740741
0.0714286	0.214286	0.0714286	0.0714286	0.214286	0.357143
0.117647	0.0588235	0.117647	0.176471	0.0588235	0.470588
0.0963855	0.0120482	0.0120482	0.108434	0.349398	0.421687
0.00790514	0.0632411	0.0513834	0.0671937	0.0118577	0.798419
0.133333	0.133333	0.0666667	0.0666667	0.2	0.4
0.028777	0.0503597	0.0359712	0.294964	0.410072	0.179856
0.571429	0.142857	0.0857143	0.0285714	0.0571429	0.114286
0.376471	0.0705882	0.0117647	0.0705882	0.0117647	0.458824
0.3125	0.0625	0.0625	0.125	0.0625	0.375
0.0869565	0.0869565	0.130435	0.26087	0.0869565	0.347826
0.0606061	0.136364	0.0151515	0.106061	0.0151515	0.666667
0.344262	0.114754	0.0491803	0.0655738	0.0819672	0.344262
0.166667	0.166667	0.166667	0.166667	0.166667	0.166667
0.512195	0.0487805	0.219512	0.121951	0.0487805	0.0487805
0.0338983	0.0847458	0.0169492	0.355932	0.0338983	0.474576
0.0263158	0.0263158	0.0263158	0.184211	0.0263158	0.710526
0.25	0.1	0.2	0.05	0.2	0.2
0.039267	0.0471204	0.0340314	0.102094	0.0340314	0.743455
0.0454545	0.136364	0.136364	0.0454545	0.0454545	0.590909
0.571429	0.0178571	0.160714	0.0714286	0.0178571	0.160714
0.176471	0.117647	0.0294118	0.0882353	0.0294118	0.558824
0.3125	0.125	0.1875	0.0625	0.125	0.1875
0.163265	0.285714	0.122449	0.122449	0.0612245	0.244898
0.0487805	0.243902	0.463415	0.121951	0.0243902	0.097561
0.145833	0.0416667	0.125	0.3125	0.125	0.25
0.06	0.2	0.06	0.02	0.02	0.64
0.163636	0.155844	0.0415584	0.012987	0.433766	0.192208
0.472222	0.305556	0.0277778	0.0277778	0.0277778	0.138889
0.00829876	0.0414938	0.0207469	0.655602	0.136929	0.136929
0.32	0.08	0.12	0.04	0.24	0.2
0.609195	0.0316092	0.123563	0.146552	0.0143678	0.0747126
0.565217	0.0869565	0.0434783	0.173913	0.0869565	0.0434783
0.0115369	0.777091	0.0799341	0.0498558	0.000824063	0.0807581
0.0144928	0.811594	0.0144928	0.0434783	0.0289855	0.0869565
0.551724	0.0344828	0.091954	0.0229885	0.0114943	0.287356
0.130435	0.304348	0.0869565	0.0434783	0.0434783	0.391304
0.451613	0.129032	0.016129	0.0322581	0.016129	0.354839
0.0255941	0.0767824	0.0365631	0.0786106	0.0146252	0.767824
0.533333	0.0333333	0.333333	0.0333333	0.0333333	0.0333333
0.0333333	0.0333333	0.1	0.2	0.0333333	0.6
0.0731707	0.0487805	0.0487805	0.341463	0.0731707	0.414634
0.681818	0.113636	0.0681818	0.0227273	0.0454545	0.0681818
0.0506329	0.139241	0.0126582	0.0379747	0.316456	0.443038
0.388889	0.148148	0.0925926	0.0555556	0.0185185	0.296296
0.0190736	0.117166	0.0653951	0.550409	0.0435967	0.20436
0.52381	0.0952381	0.047619	0.047619	0.047619	0.238095
0.181818	0.181818	0.181818	0.0909091	0.0909091	0.272727
0.0447761	0.0597015	0.0149254	0.0223881	0.0149254	0.843284
0.037037	0.333333	0.037037	0.185185	0.111111	0.296296
0.111111	0.222222	0.111111	0.111111	0.222222	0.222222
0.376147	0.146789	0.00917431	0.0183486	0.0642202	0.385321
0.114286	0.0857143	0.0571429	0.257143	0.0285714	0.457143
0.194444	0.0833333	0.444444	0.0277778	0.111111	0.138889
0.414634	0.0731707	0.146341	0.0243902	0.0243902	0.317073
0.209302	0.0232558	0.0465116	0.0232558	0.372093	0.325581
0.181818	0.272727	0.0909091	0.0909091	0.0909091	0.272727
0.470588	0.0588235	0.176471	0.0588235	0.0588235	0.176471
0.333333	0.111111	0.0740741	0.148148	0.111111	0.222222
0.14	0.36	0.06	0.1	0.03	0.31
0.0816327	0.428571	0.0816327	0.0204082	0.0204082	0.367347
0.157895	0.0921053	0.434211	0.0657895	0.0131579	0.236842
0.0559211	0.177632	0.555921	0.148026	0.00328947	0.0592105
0.545455	0.0227273	0.204545	0.0681818	0.0909091	0.0681818
0.0454545	0.215909	0.0113636	0.113636	0.0227273	0.590909
0.421053	0.0789474	0.0526316	0.157895	0.0263158	0.263158
0.09375	0.15625	0.40625	0.0078125	0.0234375	0.3125
0.00970874	0.0194175	0.00970874	0.00970874	0.0194175	0.932039
0.15	0.1	0.1	0.05	0.05	0.55
0.104167	0.0833333	0.0208333	0.104167	0.0416667	0.645833
0.57377	0.0327869	0.131148	0.0163934	0.0163934	0.229508
0.695238	0.0857143	0.0666667	0.00952381	0.0190476	0.12381
0.0833333	0.0833333	0.0208333	0.104167	0.229167	0.479167
0.428571	0.0816327	0.204082	0.0408163	0.0612245	0.183673
0.731132	0.0283019	0.0801887	0.0188679	0.00943396	0.132075
0.793103	0.0172414	0.0689655	0.0517241	0.0172414	0.0517241
0.075	0.25	0.025	0.175	0.025	0.45
0.0408163	0.22449	0.0612245	0.102041	0.0408163	0.530612
0.6625	0.1	0.0125	0.0125	0.0125	0.2
0.285714	0.285714	0.0714286	0.0714286	0.0714286	0.214286
0.0666667	0.266667	0.266667	0.266667	0.0666667	0.0666667
0.3	0.1	0.1	0.1	0.1	0.3
0.030303	0.151515	0.030303	0.121212	0.030303	0.636364
0.166667	0.125	0.0416667	0.208333	0.0416667	0.416667
0.421053	0.157895	0.0526316	0.0526316	0.0526316	0.263158
0.0735294	0.441176	0.147059	0.0294118	0.0147059	0.294118
0.153846	0.0769231	0.0769231	0.307692	0.025641	0.358974
0.538462	0.0307692	0.184615	0.0615385	0.0307692	0.153846
0.259259	0.0740741	0.37037	0.111111	0.037037	0.148148
0.16	0.12	0.2	0.08	0.24	0.2
0.211538	0.173077	0.442308	0.0384615	0.0384615	0.0961538
0.047619	0.238095	0.126984	0.047619	0.015873	0.52381
0.671233	0.123288	0.0684932	0.0136986	0.0136986	0.109589
0.114486	0.310748	0.514019	0.0350467	0.0140187	0.0116822
0.5	0.025	0.075	0.075	0.1	0.225
0.0701754	0.385965	0.0701754	0.0175439	0.0175439	0.438596
0.0574713	0.425287	0.252874	0.0114943	0.0114943	0.241379
0.0769231	0.153846	0.102564	0.0769231	0.0769231	0.512821
0.423077	0.102564	0.128205	0.115385	0.0769231	0.153846
0.297872	0.0638298	0.0992908	0.0780142	0.340426	0.120567
0.037037	0.037037	0.037037	0.222222	0.0740741	0.592593
0.698113	0.0691824	0.00628931	0.0691824	0.00628931	0.150943
0.0277778	0.25	0.0833333	0.0555556	0.0277778	0.555556
0.0769231	0.153846	0.307692	0.025641	0.0769231	0.358974
0.857143	0.0136054	0.0816327	0.00680272	0.0204082	0.0204082
0.5	0.1	0.05	0.05	0.05	0.25
0.153846	0.576923	0.0384615	0.0769231	0.0384615	0.115385
0.0769231	0.192308	0.576923	0.0384615	0.0769231	0.0384615
0.0327869	0.163934	0.311475	0.0655738	0.0491803	0.377049
0.288462	0.0769231	0.0576923	0.134615	0.0192308	0.423077
0.05	0.1	0.35	0.1	0.05	0.35
0.0285714	0.657143	0.0571429	0.0285714	0.0285714	0.2
0.153846	0.0769231	0.0769231	0.0769231	0.153846	0.461538
0.0769231	0.0384615	0.0384615	0.115385	0.153846	0.576923
0.0833333	0.416667	0.125	0.0833333	0.0416667	0.25
0.454545	0.181818	0.0454545	0.0909091	0.0454545	0.181818
0.564103	0.192308	0.0384615	0.102564	0.025641	0.0769231
0.0789474	0.105263	0.0263158	0.131579	0.131579	0.526316
0.294118	0.0392157	0.392157	0.0196078	0.0392157	0.215686
0.182609	0.104348	0.0956522	0.0608696	0.321739	0.234783
0.092437	0.554622	0.0420168	0.0168067	0.0252101	0.268908
0.307692	0.0769231	0.153846	0.0769231	0.153846	0.230769
0.242424	0.181818	0.0606061	0.0606061	0.181818	0.272727
0.0208333	0.291667	0.0833333	0.25	0.166667	0.1875
0.030303	0.121212	0.121212	0.181818	0.181818	0.363636
0.0140845	0.183099	0.15493	0.295775	0.028169	0.323944
0.107143	0.464286	0.0714286	0.107143	0.0714286	0.178571
0.0375	0.275	0.125	0.025	0.2875	0.25
0.141026	0.371795	0.025641	0.025641	0.0384615	0.397436
0.00478469	0.148325	0.784689	0.00478469	0.00478469	0.0526316
0.79798	0.010101	0.010101	0.0707071	0.030303	0.0808081
0.368421	0.0526316	0.210526	0.157895	0.157895	0.0526316
0.409091	0.0909091	0.318182	0.0909091	0.0454545	0.0454545
0.473684	0.157895	0.157895	0.0526316	0.0526316	0.105263
0.0526316	0.0526316	0.0526316	0.210526	0.0526316	0.578947
0.166667	0.0833333	0.0416667	0.166667	0.25	0.291667
0.148148	0.0740741	0.333333	0.037037	0.037037	0.37037
0.142857	0.228571	0.2	0.142857	0.0857143	0.2
0.0136986	0.191781	0.0821918	0.410959	0.0136986	0.287671
0.732143	0.0357143	0.0714286	0.0178571	0.00892857	0.133929
0.304348	0.0217391	0.0434783	0.0652174	0.23913	0.326087
0.0181818	0.109091	0.145455	0.0545455	0.145455	0.527273
0.142857	0.142857	0.285714	0.142857	0.142857	0.142857
0.0526316	0.666667	0.0350877	0.0175439	0.0175439	0.210526
0.301887	0.0754717	0.0377358	0.0188679	0.245283	0.320755
0.21875	0.125	0.15625	0.28125	0.03125	0.1875
0.0769231	0.0769231	0.461538	0.0769231	0.153846	0.153846
0.795455	0.0227273	0.0909091	0.0227273	0.0227273	0.0454545
0.047619	0.285714	0.047619	0.0952381	0.047619	0.47619
0.0483461	0.117048	0.0178117	0.0839695	0.0152672	0.717557
0.0588235	0.529412	0.0588235	0.117647	0.0588235	0.176471
0.0833333	0.25	0.25	0.166667	0.0833333	0.166667
0.5	0.0294118	0.0588235	0.0294118	0.0294118	0.352941
0.105263	0.0526316	0.105263	0.0526316	0.210526	0.473684
0.0151515	0.0353535	0.020202	0.0454545	0.00505051	0.878788
0.186335	0.0931677	0.304348	0.173913	0.0496894	0.192547
0.352941	0.176471	0.0588235	0.0294118	0.0882353	0.294118
0.148936	0.035461	0.12766	0.12766	0.070922	0.489362
0.0138889	0.0277778	0.0138889	0.875	0.0277778	0.0416667
0.125	0.125	0.25	0.25	0.125	0.125
0.0421053	0.0105263	0.0105263	0.736842	0.0105263	0.189474
0.537688	0.0653266	0.0954774	0.0854271	0.0100503	0.20603
0.166667	0.194444	0.25	0.222222	0.0277778	0.138889
0.518519	0.037037	0.0493827	0.037037	0.0123457	0.345679
0.166667	0.166667	0.166667	0.166667	0.166667	0.166667
0.269231	0.269231	0.0384615	0.0384615	0.115385	0.269231
0.0136986	0.150685	0.0136986	0.0410959	0.410959	0.369863
0.0359712	0.410072	0.028777	0.122302	0.00719424	0.395683
0.26087	0.26087	0.0434783	0.0434783	0.0434783	0.347826
0.05	0.1	0.1	0.05	0.6	0.1
0.0285714	0.0857143	0.328571	0.257143	0.0857143	0.214286
0.263158	0.105263	0.0526316	0.0526316	0.157895	0.368421
0.111111	0.185185	0.185185	0.037037	0.0740741	0.407407
0.04	0.12	0.12	0.16	0.04	0.52
0.0886076	0.0759494	0.227848	0.0379747	0.0126582	0.556962
0.0652174	0.282609	0.0652174	0.108696	0.0217391	0.456522
0.0344828	0.0344828	0.0344828	0.241379	0.172414	0.482759
0.275862	0.155172	0.137931	0.0517241	0.0344828	0.344828
0.0961538	0.153846	0.153846	0.326923	0.0192308	0.25
0.314286	0.0285714	0.314286	0.0571429	0.0285714	0.257143
0.411765	0.117647	0.235294	0.0588235	0.0588235	0.117647
0.0555556	0.0555556	0.0555556	0.111111	0.111111	0.611111
0.037037	0.0740741	0.0740741	0.0740741	0.0740741	0.666667
0.263158	0.263158	0.0526316	0.0526316	0.0526316	0.315789
0.166667	0.166667	0.166667	0.166667	0.166667	0.166667
0.558824	0.117647	0.0882353	0.0294118	0.0588235	0.147059
0.171429	0.314286	0.0428571	0.171429	0.0285714	0.271429
0.215686	0.235294	0.352941	0.0196078	0.0392157	0.137255
0.0666667	0.0666667	0.155556	0.0888889	0.0444444	0.577778
0.545455	0.030303	0.106061	0.0151515	0.272727	0.030303
0.0188679	0.0566038	0.0188679	0.113208	0.0188679	0.773585
0.0222222	0.0888889	0.111111	0.355556	0.0666667	0.355556
0.666667	0.0416667	0.0416667	0.125	0.0833333	0.0416667
0.153846	0.282051	0.205128	0.0512821	0.025641	0.282051
0.04	0.28	0.08	0.08	0.04	0.48
0.493671	0.101266	0.278481	0.0126582	0.0126582	0.101266
0.15	0.05	0.2	0.05	0.05	0.5
0.2	0.0133333	0.24	0.0266667	0.333333	0.186667
0.0503597	0.151079	0.0143885	0.0863309	0.028777	0.669065
0.0898876	0.235955	0.0224719	0.0561798	0.292135	0.303371
0.166667	0.0512821	0.0512821	0.141026	0.0512821	0.538462
0.212121	0.030303	0.30303	0.272727	0.030303	0.151515
0.0449438	0.286517	0.0168539	0.185393	0.011236	0.455056
0.028169	0.028169	0.0422535	0.380282	0.0140845	0.507042
0.142857	0.285714	0.142857	0.142857	0.142857	0.142857
0.375	0.125	0.25	0.125	0.0625	0.0625
0.166667	0.166667	0.166667	0.166667	0.166667	0.166667
0.0782609	0.104348	0.00869565	0.121739	0.0173913	0.669565
0.010989	0.0769231	0.0549451	0.010989	0.021978	0.824176
0.0606061	0.212121	0.0606061	0.030303	0.121212	0.515152
0.105263	0.150376	0.0075188	0.0526316	0.278195	0.406015
0.0697674	0.151163	0.0116279	0.0697674	0.0232558	0.674419
0.463415	0.0731707	0.121951	0.097561	0.121951	0.121951
0.025641	0.589744	0.025641	0.025641	0.025641	0.307692
0.127273	0.181818	0.581818	0.0363636	0.0181818	0.0545455
0.0227273	0.0454545	0.113636	0.0681818	0.0227273	0.727273
0.107692	0.430769	0.184615	0.0769231	0.0153846	0.184615
0.0952381	0.142857	0.047619	0.0714286	0.0238095	0.619048
0.136364	0.0909091	0.0454545	0.454545	0.181818	0.0909091
0.025	0.625	0.025	0.025	0.025	0.275
0.0655172	0.1	0.0448276	0.0482759	0.0103448	0.731034
0.413793	0.0689655	0.0689655	0.0344828	0.137931	0.275862
0.0425532	0.170213	0.0851064	0.0851064	0.148936	0.468085
0.173913	0.0869565	0.478261	0.173913	0.0434783	0.0434783
0.631579	0.0526316	0.0526316	0.157895	0.0526316	0.0526316
0.785714	0.0428571	0.0571429	0.0142857	0.0857143	0.0142857
0.708333	0.0833333	0.0416667	0.0416667	0.0833333	0.0416667
0.0206186	0.213058	0.0343643	0.109966	0.00343643	0.618557
0.230769	0.0769231	0.230769	0.153846	0.0769231	0.230769
0.0860215	0.204301	0.129032	0.333333	0.0215054	0.225806
0.142857	0.142857	0.142857	0.0714286	0.0714286	0.428571
0.16129	0.129032	0.0322581	0.0322581	0.0645161	0.580645
0.0666667	0.0666667	0.2	0.0666667	0.0666667	0.533333
0.588235	0.0588235	0.0588235	0.0588235	0.0588235	0.176471
0.587302	0.126984	0.111111	0.015873	0.015873	0.142857
0.480519	0.025974	0.0909091	0.0649351	0.233766	0.103896
0.184211	0.315789	0.118421	0.0394737	0.223684	0.118421
0.0237154	0.0513834	0.0118577	0.0513834	0.00790514	0.853755
0.0175439	0.0350877	0.833333	0.0350877	0.0263158	0.0526316
0.2	0.0666667	0.133333	0.2	0.2	0.2
0.196532	0.0924855	0.017341	0.0520231	0.0231214	0.618497
0.24	0.08	0.36	0.04	0.04	0.24
0.0909091	0.255682	0.0397727	0.255682	0.0170455	0.340909
0.181818	0.030303	0.30303	0.0606061	0.121212	0.30303
0.641509	0.0754717	0.103774	0.00943396	0.0754717	0.0943396
0.585799	0.142012	0.0414201	0.0769231	0.0473373	0.106509
0.6875	0.0625	0.03125	0.125	0.03125	0.0625
0.166667	0.166667	0.166667	0.166667	0.166667	0.166667
0.117647	0.0588235	0.235294	0.0588235	0.117647	0.411765
0.5	0.111111	0.111111	0.111111	0.0555556	0.111111
0.811912	0.031348	0.015674	0.00626959	0.0188088	0.115987
0.133333	0.0666667	0.466667	0.0666667	0.133333	0.133333
0.0322581	0.354839	0.0322581	0.0322581	0.322581	0.225806
0.0163934	0.0983607	0.42623	0.0491803	0.0327869	0.377049
0.198198	0.0630631	0.126126	0.126126	0.306306	0.18018
0.555556	0.12963	0.0555556	0.0277778	0.00925926	0.222222
0.0350877	0.122807	0.0526316	0.105263	0.0175439	0.666667
0.268293	0.146341	0.0243902	0.292683	0.0731707	0.195122
0.734463	0.079096	0.039548	0.00564972	0.0112994	0.129944
0.538462	0.192308	0.0769231	0.0384615	0.0769231	0.0769231
0.0851064	0.117021	0.0106383	0.148936	0.138298	0.5
0.421053	0.105263	0.263158	0.105263	0.0526316	0.0526316
0.299363	0.0509554	0.0127389	0.0127389	0.0382166	0.585987
0.529412	0.147059	0.0294118	0.0294118	0.176471	0.0882353
0.3125	0.1875	0.09375	0.15625	0.1875	0.0625
0.00740741	0.00740741	0.0222222	0.622222	0.00740741	0.333333
0.2	0.12	0.08	0.08	0.04	0.48
0.166667	0.166667	0.166667	0.166667	0.166667	0.166667
0.227273	0.181818	0.113636	0.0681818	0.0454545	0.363636
0.333333	0.222222	0.111111	0.111111	0.111111	0.111111
0.0444444	0.0888889	0.0222222	0.133333	0.155556	0.555556
0.0684932	0.575342	0.0136986	0.0547945	0.0136986	0.273973
0.0366972	0.440367	0.0688073	0.0458716	0.0137615	0.394495
0.0454545	0.0454545	0.0454545	0.227273	0.0454545	0.590909
0.538462	0.0769231	0.0769231	0.0384615	0.115385	0.153846
0.8	0.0142857	0.0571429	0.0142857	0.0285714	0.0857143
0.117647	0.176471	0.470588	0.0588235	0.117647	0.0588235
0.00688468	0.00172117	0.00344234	0.00114745	0.986517	0.000286862
0.0283019	0.0830189	0.0150943	0.743396	0.00188679	0.128302
0.624113	0.0496454	0.219858	0.0141844	0.0070922	0.0851064
0.05	0.0333333	0.0166667	0.416667	0.0333333	0.45
0.0625	0.125	0.125	0.0625	0.5	0.125
0.047619	0.571429	0.047619	0.047619	0.238095	0.047619
0.441176	0.0294118	0.0294118	0.0294118	0.0294118	0.441176
0.65	0.1	0.125	0.025	0.05	0.05
0.137931	0.206897	0.275862	0.0344828	0.0344828	0.310345
0.0520833	0.03125	0.03125	0.145833	0.125	0.614583
0.3125	0.0625	0.0625	0.0625	0.0625	0.4375
0.116279	0.0775194	0.0697674	0.0232558	0.573643	0.139535
0.0594059	0.49505	0.019802	0.029703	0.029703	0.366337
0.00967742	0.016129	0.0258065	0.896774	0.00645161	0.0451613
0.46875	0.03125	0.375	0.03125	0.03125	0.0625
0.153846	0.307692	0.0769231	0.0769231	0.230769	0.153846
0.1	0.3	0.1	0.2	0.1	0.2
0.913793	0.0172414	0.00862069	0.00862069	0.0431034	0.00862069
0.490196	0.0196078	0.0196078	0.372549	0.0784314	0.0196078
0.105263	0.105263	0.105263	0.0526316	0.105263	0.526316
0.0613208	0.0801887	0.0707547	0.584906	0.0141509	0.188679
0.342466	0.0547945	0.0958904	0.0136986	0.205479	0.287671
0.0176991	0.079646	0.159292	0.141593	0.539823	0.0619469
0.363636	0.0227273	0.136364	0.113636	0.0681818	0.295455
0.0652819	0.0979228	0.00890208	0.169139	0.27003	0.388724
0.2	0.05	0.05	0.3	0.1	0.3
0.636364	0.0454545	0.0454545	0.0454545	0.136364	0.0909091
0.0869565	0.347826	0.356522	0.0434783	0.0956522	0.0695652
0.0769231	0.0769231	0.0769231	0.153846	0.0769231	0.538462
0.0888889	0.0805556	0.677778	0.0277778	0.1	0.025
0.0358025	0.0679012	0.871605	0.00123457	0.0037037	0.0197531
0.133333	0.266667	0.133333	0.133333	0.0666667	0.266667
0.291667	0.125	0.166667	0.0416667	0.0833333	0.291667
0.105263	0.263158	0.0526316	0.157895	0.105263	0.315789
0.0432099	0.509259	0.0154321	0.0679012	0.0123457	0.351852
0.170732	0.170732	0.357724	0.0243902	0.0162602	0.260163
0.0895522	0.0447761	0.0746269	0.0149254	0.238806	0.537313
0.442308	0.0192308	0.115385	0.0192308	0.153846	0.25
0.0776699	0.242718	0.0776699	0.0582524	0.00970874	0.533981
0.263158	0.0263158	0.526316	0.0263158	0.0263158	0.131579
0.384615	0.025641	0.128205	0.0769231	0.0512821	0.333333
0.2	0.08	0.24	0.12	0.08	0.28
0.114286	0.0857143	0.171429	0.0571429	0.342857	0.228571
0.166667	0.166667	0.166667	0.166667	0.166667	0.166667
0.180723	0.120482	0.0963855	0.060241	0.313253	0.228916
0.0909091	0.454545	0.0227273	0.0227273	0.136364	0.272727
0.0555556	0.537037	0.0185185	0.037037	0.111111	0.240741
0.0133843	0.0305927	0.00764818	0.887189	0.00573614	0.0554493
0.447368	0.0526316	0.289474	0.0263158	0.0263158	0.157895
0.535714	0.0357143	0.0357143	0.0714286	0.0357143	0.285714
0.575342	0.136986	0.191781	0.0684932	0.0136986	0.0136986
0.612903	0.0967742	0.129032	0.0645161	0.0645161	0.0322581
0.0696517	0.161692	0.0348259	0.159204	0.246269	0.328358
0.73913	0.0434783	0.0869565	0.0434783	0.0434783	0.0434783
0.126582	0.303797	0.0253165	0.0886076	0.0126582	0.443038
0.190909	0.409091	0.0181818	0.0181818	0.118182	0.245455
0.020202	0.474747	0.030303	0.040404	0.0505051	0.383838
0.137255	0.137255	0.235294	0.0784314	0.0196078	0.392157
0.0512821	0.615385	0.025641	0.0512821	0.0512821	0.205128
0.0384615	0.333333	0.230769	0.0128205	0.0128205	0.371795
0.166667	0.166667	0.166667	0.166667	0.166667	0.166667
0.368421	0.105263	0.210526	0.157895	0.0526316	0.105263
0.025641	0.538462	0.0512821	0.0512821	0.025641	0.307692
0.0210526	0.126316	0.0263158	0.142105	0.0105263	0.673684
0.025	0.675	0.025	0.05	0.05	0.175
0.166667	0.166667	0.166667	0.166667	0.166667	0.166667
0.130435	0.217391	0.0434783	0.0434783	0.347826	0.217391
0.166667	0.0595238	0.428571	0.0119048	0.0595238	0.27381
0.0140845	0.028169	0.028169	0.211268	0.028169	0.690141
0.21875	0.03125	0.34375	0.03125	0.03125	0.34375
0.170732	0.0731707	0.146341	0.097561	0.195122	0.317073
0.25	0.166667	0.166667	0.0833333	0.0833333	0.25
0.15	0.1	0.35	0.05	0.05	0.3
0.153846	0.0769231	0.0769231	0.153846	0.230769	0.307692
0.68	0.04	0.08	0.02	0.12	0.06
0.05	0.05	0.1	0.1	0.4	0.3
0.0227273	0.0227273	0.0227273	0.272727	0.0454545	0.613636
0.309524	0.119048	0.214286	0.0238095	0.0952381	0.238095
0.114504	0.0839695	0.125954	0.114504	0.446565	0.114504
0.454545	0.030303	0.030303	0.121212	0.151515	0.212121
0.618421	0.0263158	0.0263158	0.0263158	0.0131579	0.289474
0.535714	0.107143	0.142857	0.0357143	0.142857	0.0357143
0.0581395	0.139535	0.302326	0.0813953	0.0116279	0.406977
0.0869565	0.521739	0.0869565	0.0869565	0.0434783	0.173913
0.266667	0.2	0.266667	0.0666667	0.0666667	0.133333
0.04	0.66	0.06	0.02	0.06	0.16
0.333333	0.047619	0.047619	0.047619	0.0952381	0.428571
0.652174	0.0869565	0.0434783	0.0434783	0.0434783	0.130435
0.482353	0.176471	0.0352941	0.0117647	0.0117647	0.282353
0.0178571	0.25	0.0535714	0.196429	0.0535714	0.428571
0.030303	0.30303	0.515152	0.0606061	0.030303	0.0606061
0.333333	0.0555556	0.118056	0.208333	0.222222	0.0625
0.66129	0.0645161	0.177419	0.016129	0.016129	0.0645161
0.375	0.15625	0.09375	0.09375	0.03125	0.25
0.545455	0.136364	0.0454545	0.0454545	0.181818	0.0454545
0.230769	0.0512821	0.230769	0.128205	0.128205	0.230769
0.166667	0.166667	0.166667	0.166667	0.166667	0.166667
0.880597	0.0298507	0.0149254	0.0149254	0.0298507	0.0298507
0.181818	0.227273	0.0227273	0.0681818	0.181818	0.318182
0.577778	0.0222222	0.0666667	0.0111111	0.0111111	0.311111
0.0625	0.515625	0.140625	0.015625	0.046875	0.21875
0.37037	0.037037	0.481481	0.037037	0.037037	0.037037
