0.0212766	0.191489	0.0212766	0.0638298	0.276596	0.170213	0.0425532	0.0212766	0.106383	0.0851064
0.0333333	0.0333333	0.0333333	0.266667	0.366667	0.0333333	0.0333333	0.0333333	0.133333	0.0333333
0.0105263	0.119298	0.0385965	0.119298	0.0105263	0.0421053	0.0105263	0.0245614	0.550877	0.0736842
0.0689655	0.0344828	0.103448	0.0344828	0.413793	0.0689655	0.0344828	0.172414	0.0344828	0.0344828
0.0232558	0.0232558	0.0155039	0.310078	0.0155039	0.310078	0.0155039	0.0465116	0.0232558	0.217054
0.0434783	0.130435	0.0434783	0.217391	0.130435	0.217391	0.0434783	0.0434783	0.0434783	0.0869565
0.0333333	0.0333333	0.0333333	0.0666667	0.533333	0.0333333	0.0666667	0.133333	0.0333333	0.0333333
0.1	0.1	0.1	0.1	0.1	0.1	0.1	0.1	0.1	0.1
0.05	0.0333333	0.0333333	0.15	0.35	0.133333	0.0333333	0.05	0.133333	0.0333333
0.136364	0.030303	0.0454545	0.166667	0.0151515	0.333333	0.030303	0.151515	0.030303	0.0606061
0.0185185	0.0185185	0.0185185	0.0925926	0.592593	0.0925926	0.037037	0.037037	0.0740741	0.0185185
0.0540541	0.216216	0.027027	0.0810811	0.0540541	0.162162	0.027027	0.0540541	0.297297	0.027027
0.0631579	0.0210526	0.0105263	0.115789	0.484211	0.157895	0.0736842	0.0105263	0.0526316	0.0105263
0.0149254	0.0447761	0.0149254	0.223881	0.0447761	0.134328	0.0149254	0.0149254	0.447761	0.0447761
0.0212014	0.0636042	0.141343	0.222615	0.0176678	0.250883	0.0141343	0.0777385	0.162544	0.0282686
0.00684932	0.0273973	0.0205479	0.00684932	0.410959	0.0479452	0.0136986	0.356164	0.0890411	0.0205479
0.16	0.04	0.04	0.04	0.44	0.04	0.04	0.04	0.08	0.08
0.113208	0.0188679	0.0377358	0.0566038	0.433962	0.0943396	0.0188679	0.188679	0.0188679	0.0188679
0.0833333	0.604167	0.0208333	0.0833333	0.0625	0.0416667	0.0208333	0.0208333	0.0416667	0.0208333
0.0133333	0.0666667	0.0266667	0.0133333	0.213333	0.253333	0.0266667	0.36	0.0133333	0.0133333
0.09375	0.078125	0.015625	0.3125	0.015625	0.140625	0.015625	0.015625	0.0625	0.25
0.0196078	0.0196078	0.372549	0.0588235	0.0196078	0.156863	0.0196078	0.0392157	0.176471	0.117647
0.0188679	0.0943396	0.0188679	0.45283	0.0188679	0.207547	0.0188679	0.0188679	0.0943396	0.0566038
0.0909091	0.0909091	0.0909091	0.0909091	0.0909091	0.0909091	0.0909091	0.0909091	0.181818	0.0909091
0.1	0.08	0.02	0.02	0.06	0.44	0.04	0.12	0.04	0.08
0.107143	0.0714286	0.0357143	0.107143	0.107143	0.0357143	0.0714286	0.0714286	0.0714286	0.321429
0.185185	0.037037	0.037037	0.148148	0.0740741	0.037037	0.037037	0.222222	0.185185	0.037037
0.1875	0.0625	0.125	0.0625	0.0625	0.0625	0.25	0.0625	0.0625	0.0625
0.1	0.2	0.05	0.05	0.1	0.1	0.05	0.1	0.1	0.15
0.00951087	0.0013587	0.0108696	0.0122283	0.00271739	0.0625	0.00951087	0.0122283	0.0149457	0.86413
0.0588235	0.0588235	0.0294118	0.323529	0.235294	0.176471	0.0294118	0.0294118	0.0294118	0.0294118
0.15625	0.09375	0.03125	0.28125	0.0625	0.03125	0.03125	0.03125	0.21875	0.0625
0.03125	0.34375	0.03125	0.046875	0.0625	0.03125	0.0625	0.03125	0.28125	0.078125
0.030303	0.0151515	0.0454545	0.409091	0.030303	0.0909091	0.136364	0.0757576	0.151515	0.0151515
0.0263158	0.114035	0.114035	0.315789	0.00877193	0.210526	0.00877193	0.0175439	0.175439	0.00877193
0.00546448	0.010929	0.00546448	0.142077	0.00546448	0.147541	0.010929	0.00546448	0.0546448	0.612022
0.190476	0.047619	0.0952381	0.047619	0.190476	0.047619	0.047619	0.238095	0.047619	0.047619
0.0322581	0.0645161	0.0967742	0.193548	0.354839	0.0967742	0.0645161	0.0322581	0.0322581	0.0322581
0.0147059	0.176471	0.132353	0.147059	0.0147059	0.0735294	0.220588	0.0882353	0.0882353	0.0441176
0.00552486	0.0524862	0.243094	0.0276243	0.337017	0.0138122	0.00276243	0.00276243	0.287293	0.0276243
0.0425532	0.0106383	0.0319149	0.244681	0.0212766	0.457447	0.0212766	0.0212766	0.0425532	0.106383
0.0631579	0.0421053	0.0105263	0.126316	0.0421053	0.442105	0.0210526	0.0736842	0.0315789	0.147368
0.0434783	0.0434783	0.26087	0.0869565	0.0434783	0.0434783	0.0434783	0.0434783	0.217391	0.173913
0.028169	0.422535	0.056338	0.0140845	0.056338	0.169014	0.0140845	0.028169	0.15493	0.056338
0.0244499	0.0415648	0.0146699	0.601467	0.0268949	0.0806846	0.0146699	0.0391198	0.0537897	0.102689
0.010101	0.00505051	0.020202	0.010101	0.00505051	0.00505051	0.873737	0.020202	0.010101	0.040404
0.0263158	0.236842	0.105263	0.0526316	0.0526316	0.236842	0.0526316	0.105263	0.0526316	0.0789474
0.030303	0.0181818	0.418182	0.0242424	0.0787879	0.151515	0.00606061	0.0181818	0.242424	0.0121212
0.0512821	0.025641	0.025641	0.333333	0.0512821	0.307692	0.025641	0.0512821	0.0769231	0.0512821
0.824	0.036	0.004	0.024	0.008	0.052	0.004	0.016	0.024	0.008
0.518519	0.0185185	0.0185185	0.0740741	0.037037	0.148148	0.0185185	0.0740741	0.0185185	0.0740741
0.0285714	0.0285714	0.0285714	0.0285714	0.514286	0.114286	0.0285714	0.0857143	0.0571429	0.0857143
0.06	0.032	0.056	0.04	0.104	0.18	0.012	0.484	0.028	0.004
0.0210526	0.0105263	0.0421053	0.0105263	0.431579	0.0421053	0.0421053	0.273684	0.0947368	0.0315789
0.413793	0.0344828	0.0344828	0.0689655	0.0689655	0.0344828	0.0689655	0.0344828	0.0344828	0.206897
0.333333	0.0666667	0.0222222	0.177778	0.0444444	0.0222222	0.0666667	0.0222222	0.133333	0.111111
0.0512821	0.0384615	0.0128205	0.282051	0.0641026	0.333333	0.0128205	0.0128205	0.0897436	0.102564
0.0273973	0.0273973	0.0273973	0.410959	0.0684932	0.0958904	0.0410959	0.0410959	0.0684932	0.191781
0.2	0.0666667	0.0333333	0.133333	0.2	0.0333333	0.0333333	0.0666667	0.133333	0.1
0.148936	0.319149	0.0212766	0.0851064	0.0425532	0.234043	0.0212766	0.0212766	0.0851064	0.0212766
0.0322581	0.0322581	0.0322581	0.129032	0.0322581	0.225806	0.0322581	0.419355	0.0322581	0.0322581
0.0188679	0.0188679	0.0188679	0.188679	0.0566038	0.490566	0.0377358	0.0377358	0.0377358	0.0943396
0.0212766	0.0851064	0.0638298	0.0425532	0.255319	0.106383	0.0212766	0.0212766	0.319149	0.0638298
0.0384615	0.663462	0.00961538	0.00961538	0.0192308	0.134615	0.00961538	0.0480769	0.0576923	0.00961538
0.0851064	0.0425532	0.0638298	0.170213	0.276596	0.0851064	0.0851064	0.0425532	0.106383	0.0425532
0.0526316	0.210526	0.105263	0.157895	0.0526316	0.184211	0.131579	0.0263158	0.0526316	0.0263158
0.1	0.02	0.06	0.1	0.44	0.04	0.02	0.08	0.12	0.02
0.0512821	0.153846	0.0769231	0.0769231	0.358974	0.0769231	0.025641	0.0512821	0.0769231	0.0512821
0.012987	0.103896	0.012987	0.181818	0.0779221	0.272727	0.233766	0.012987	0.0519481	0.038961
0.0392157	0.0392157	0.0588235	0.45098	0.0196078	0.0392157	0.137255	0.0784314	0.117647	0.0196078
0.0322581	0.0645161	0.0645161	0.129032	0.322581	0.0645161	0.0322581	0.0322581	0.129032	0.129032
0.0526316	0.105263	0.0526316	0.105263	0.263158	0.157895	0.0526316	0.0526316	0.105263	0.0526316
0.25	0.0416667	0.0416667	0.0416667	0.0833333	0.125	0.166667	0.0416667	0.166667	0.0416667
0.25	0.142857	0.0714286	0.142857	0.107143	0.0357143	0.0714286	0.0357143	0.0357143	0.107143
0.0121951	0.0121951	0.0365854	0.262195	0.00609756	0.152439	0.0121951	0.0426829	0.0609756	0.402439
0.724138	0.0344828	0.0172414	0.0172414	0.0172414	0.103448	0.0344828	0.0172414	0.0172414	0.0172414
0.0967742	0.0806452	0.0322581	0.112903	0.016129	0.129032	0.016129	0.403226	0.0967742	0.016129
0.0384615	0.0384615	0.0384615	0.0769231	0.115385	0.153846	0.0384615	0.423077	0.0384615	0.0384615
0.0441176	0.191176	0.0294118	0.161765	0.0147059	0.279412	0.0147059	0.0588235	0.0294118	0.176471
0.04	0.08	0.04	0.04	0.04	0.16	0.04	0.16	0.2	0.2
0.0526316	0.105263	0.0526316	0.0526316	0.0526316	0.263158	0.0526316	0.263158	0.0526316	0.0526316
0.163265	0.0204082	0.0612245	0.0204082	0.102041	0.102041	0.142857	0.183673	0.183673	0.0204082
0.231884	0.115942	0.057971	0.130435	0.115942	0.173913	0.0289855	0.0144928	0.101449	0.0289855
0.230769	0.025641	0.128205	0.025641	0.0769231	0.102564	0.153846	0.153846	0.0769231	0.025641
0.0714286	0.214286	0.0714286	0.0714286	0.0714286	0.0714286	0.142857	0.0714286	0.0714286	0.142857
0.1	0.1	0.1	0.1	0.1	0.1	0.1	0.1	0.1	0.1
0.0526316	0.0526316	0.0526316	0.0526316	0.105263	0.0526316	0.0526316	0.421053	0.105263	0.0526316
0.1	0.1	0.1	0.1	0.1	0.1	0.1	0.1	0.1	0.1
0.130435	0.0217391	0.0434783	0.0217391	0.195652	0.195652	0.0217391	0.0434783	0.304348	0.0217391
0.0212766	0.0212766	0.0212766	0.0212766	0.191489	0.0638298	0.0425532	0.191489	0.404255	0.0212766
0.0666667	0.0333333	0.133333	0.0333333	0.3	0.166667	0.0333333	0.133333	0.0666667	0.0333333
0.00843882	0.00843882	0.00421941	0.675105	0.00421941	0.0759494	0.0126582	0.0759494	0.0421941	0.092827
0.333333	0.0151515	0.030303	0.030303	0.030303	0.484848	0.0151515	0.0151515	0.0151515	0.030303
0.0222222	0.244444	0.0222222	0.222222	0.0666667	0.244444	0.0666667	0.0444444	0.0444444	0.0222222
0.1	0.02	0.08	0.02	0.18	0.1	0.1	0.36	0.02	0.02
0.019802	0.00990099	0.00990099	0.039604	0.00990099	0.0891089	0.00990099	0.0990099	0.00990099	0.70297
0.333333	0.0833333	0.0833333	0.0416667	0.0833333	0.166667	0.0416667	0.0416667	0.0833333	0.0416667
0.0601504	0.0225564	0.0075188	0.233083	0.0150376	0.120301	0.0300752	0.0075188	0.0150376	0.488722
0.117647	0.117647	0.0588235	0.0588235	0.0588235	0.117647	0.0588235	0.235294	0.0588235	0.117647
0.227273	0.0454545	0.0454545	0.0909091	0.0909091	0.227273	0.0909091	0.0454545	0.0909091	0.0454545
0.111111	0.0555556	0.111111	0.111111	0.0555556	0.277778	0.111111	0.0555556	0.0555556	0.0555556
0.549669	0.0264901	0.00662252	0.211921	0.013245	0.10596	0.00662252	0.0198675	0.0562914	0.00331126
0.0426316	0.0415789	0.0326316	0.0231579	0.614211	0.0631579	0.00473684	0.0910526	0.0826316	0.00421053
0.111111	0.0555556	0.0555556	0.0555556	0.166667	0.0555556	0.111111	0.222222	0.111111	0.0555556
0.0325203	0.0813008	0.0162602	0.520325	0.0162602	0.121951	0.0731707	0.00813008	0.0731707	0.0569106
0.0357143	0.0178571	0.0178571	0.0535714	0.0178571	0.232143	0.0178571	0.446429	0.125	0.0357143
0.00217865	0.0479303	0.0305011	0.119826	0.577342	0.0653595	0.00653595	0.00217865	0.145969	0.00217865
0.45	0.05	0.05	0.05	0.05	0.05	0.05	0.05	0.05	0.15
0.0069029	0.0301427	0.00460193	0.0425679	0.00161068	0.777266	0.000460193	0.0179475	0.0306029	0.0878969
0.0606061	0.181818	0.030303	0.0606061	0.151515	0.151515	0.030303	0.242424	0.030303	0.0606061
0.0277778	0.0833333	0.0833333	0.25	0.0277778	0.166667	0.0277778	0.0277778	0.194444	0.111111
0.137931	0.0344828	0.0344828	0.275862	0.0344828	0.0689655	0.0344828	0.0689655	0.241379	0.0689655
0.0116279	0.0465116	0.0116279	0.232558	0.0290698	0.238372	0.0174419	0.0348837	0.00581395	0.372093
0.0819672	0.0327869	0.0163934	0.196721	0.393443	0.0327869	0.0163934	0.0819672	0.131148	0.0163934
0.108108	0.0810811	0.0540541	0.0540541	0.486486	0.027027	0.027027	0.0810811	0.027027	0.0540541
0.0740741	0.037037	0.037037	0.037037	0.333333	0.037037	0.0740741	0.222222	0.037037	0.111111
0.121951	0.0487805	0.0243902	0.0243902	0.195122	0.0243902	0.341463	0.0487805	0.121951	0.0487805
0.142857	0.0714286	0.0357143	0.107143	0.0714286	0.25	0.107143	0.107143	0.0357143	0.0714286
0.00671141	0.0671141	0.0134228	0.154362	0.0134228	0.033557	0.0134228	0.00671141	0.228188	0.463087
0.097561	0.0243902	0.0243902	0.0487805	0.0243902	0.439024	0.0487805	0.0731707	0.170732	0.0487805
0.0833333	0.0833333	0.0625	0.0833333	0.0416667	0.354167	0.0208333	0.125	0.0625	0.0833333
0.0157068	0.157068	0.0628272	0.0314136	0.0366492	0.0575916	0.0209424	0.560209	0.0418848	0.0157068
0.0757576	0.0606061	0.030303	0.166667	0.469697	0.106061	0.0151515	0.0454545	0.0151515	0.0151515
0.486842	0.0131579	0.0263158	0.0789474	0.0526316	0.184211	0.0263158	0.0263158	0.0789474	0.0263158
0.129032	0.258065	0.0322581	0.0645161	0.0322581	0.225806	0.0645161	0.0967742	0.0645161	0.0322581
0.00864553	0.129683	0.149856	0.0259366	0.0144092	0.0345821	0.0230548	0.0461095	0.527378	0.0403458
0.0149254	0.0223881	0.0223881	0.0149254	0.507463	0.156716	0.00746269	0.179104	0.0671642	0.00746269
0.0655738	0.0564663	0.00910747	0.0382514	0.00910747	0.551913	0.00546448	0.0455373	0.0728597	0.145719
0.0454545	0.0454545	0.0454545	0.0454545	0.545455	0.0454545	0.0454545	0.0909091	0.0454545	0.0454545
0.0336134	0.0336134	0.0168067	0.0420168	0.0672269	0.327731	0.00840336	0.453782	0.00840336	0.00840336
0.188679	0.0377358	0.0943396	0.132075	0.0377358	0.264151	0.0566038	0.150943	0.0188679	0.0188679
0.12	0.12	0.02	0.04	0.44	0.16	0.02	0.02	0.04	0.02
0.0608696	0.0608696	0.026087	0.382609	0.00869565	0.286957	0.00869565	0.0608696	0.00869565	0.0956522
0.0808081	0.0353535	0.0151515	0.010101	0.00505051	0.0808081	0.0151515	0.535354	0.19697	0.0252525
0.175	0.05	0.025	0.15	0.025	0.35	0.025	0.075	0.1	0.025
0.0819672	0.0163934	0.0491803	0.213115	0.131148	0.0163934	0.0327869	0.409836	0.0327869	0.0163934
0.0625	0.09375	0.15625	0.15625	0.03125	0.09375	0.125	0.03125	0.09375	0.15625
0.0289855	0.0144928	0.743961	0.0193237	0.00483092	0.00483092	0.00483092	0.00483092	0.164251	0.00966184
0.0196078	0.117647	0.0392157	0.0784314	0.0196078	0.372549	0.0392157	0.0196078	0.0588235	0.235294
0.285714	0.0714286	0.0714286	0.0714286	0.0714286	0.142857	0.0714286	0.0714286	0.0714286	0.0714286
0.0272109	0.0816327	0.00680272	0.340136	0.0544218	0.258503	0.00680272	0.047619	0.136054	0.0408163
0.025641	0.025641	0.025641	0.179487	0.589744	0.025641	0.025641	0.025641	0.0512821	0.025641
0.1	0.1	0.1	0.1	0.1	0.1	0.1	0.1	0.1	0.1
0.125	0.0416667	0.166667	0.0416667	0.208333	0.125	0.0416667	0.0416667	0.125	0.0833333
0.142857	0.142857	0.0714286	0.0714286	0.0714286	0.0714286	0.0714286	0.0714286	0.214286	0.0714286
0.166667	0.0833333	0.0833333	0.0833333	0.0833333	0.0833333	0.166667	0.0833333	0.0833333	0.0833333
0.0333333	0.0333333	0.0666667	0.133333	0.4	0.1	0.0333333	0.1	0.0666667	0.0333333
0.0416667	0.0833333	0.0833333	0.0416667	0.208333	0.125	0.0416667	0.166667	0.166667	0.0416667
0.227273	0.0454545	0.0909091	0.181818	0.0454545	0.272727	0.0227273	0.0454545	0.0454545	0.0227273
0.0240964	0.457831	0.0120482	0.228916	0.0120482	0.0722892	0.0120482	0.0722892	0.0722892	0.0361446
0.024	0.144	0.224	0.184	0.056	0.2	0.008	0.072	0.032	0.056
0.00877193	0.0175439	0.00292398	0.24269	0.00292398	0.225146	0.00292398	0.0263158	0.0146199	0.45614
0.0512821	0.0512821	0.102564	0.025641	0.589744	0.025641	0.0512821	0.0512821	0.025641	0.025641
0.0168067	0.0672269	0.00840336	0.277311	0.0252101	0.168067	0.00840336	0.386555	0.0252101	0.0168067
0.105263	0.0526316	0.0526316	0.0526316	0.157895	0.315789	0.0526316	0.0526316	0.105263	0.0526316
0.0416667	0.0416667	0.0833333	0.0416667	0.458333	0.125	0.0416667	0.0416667	0.0833333	0.0416667
0.04	0.08	0.08	0.08	0.04	0.28	0.04	0.2	0.12	0.04
0.0454545	0.0909091	0.030303	0.0151515	0.242424	0.106061	0.166667	0.0909091	0.19697	0.0151515
0.0454545	0.0454545	0.0454545	0.0909091	0.0909091	0.0454545	0.0454545	0.0454545	0.363636	0.181818
0.00980392	0.0196078	0.0588235	0.176471	0.00980392	0.166667	0.00980392	0.0392157	0.0392157	0.470588
0.230769	0.0769231	0.0769231	0.0769231	0.0769231	0.0769231	0.0769231	0.0769231	0.0769231	0.153846
0.0909091	0.136364	0.0454545	0.181818	0.0454545	0.272727	0.0454545	0.0454545	0.0909091	0.0454545
0.115385	0.0384615	0.230769	0.192308	0.0769231	0.0769231	0.0384615	0.115385	0.0769231	0.0384615
0.105263	0.0526316	0.0526316	0.105263	0.210526	0.0526316	0.105263	0.157895	0.105263	0.0526316
0.0204082	0.0612245	0.0408163	0.0612245	0.0816327	0.489796	0.0204082	0.0408163	0.0408163	0.142857
0.0120482	0.060241	0.0361446	0.0361446	0.253012	0.0361446	0.0120482	0.0120482	0.481928	0.060241
0.1	0.1	0.1	0.1	0.1	0.1	0.1	0.1	0.1	0.1
0.021978	0.043956	0.043956	0.153846	0.296703	0.0659341	0.010989	0.0659341	0.263736	0.032967
0.0070922	0.539007	0.0070922	0.0602837	0.0141844	0.241135	0.0141844	0.0460993	0.0638298	0.0070922
0.0789474	0.0263158	0.0789474	0.0526316	0.105263	0.0263158	0.0789474	0.473684	0.0526316	0.0263158
0.0535714	0.0357143	0.00892857	0.410714	0.0178571	0.276786	0.00892857	0.0178571	0.0982143	0.0714286
0.185185	0.185185	0.037037	0.148148	0.111111	0.148148	0.037037	0.0740741	0.037037	0.037037
0.0645161	0.129032	0.0322581	0.129032	0.129032	0.16129	0.0322581	0.0967742	0.0645161	0.16129
0.0125	0.025	0.025	0.275	0.0125	0.025	0.025	0.0625	0.1875	0.35
0.0666667	0.0666667	0.0666667	0.0666667	0.266667	0.0666667	0.0666667	0.0666667	0.2	0.0666667
0.0319149	0.0319149	0.0106383	0.521277	0.0106383	0.170213	0.0106383	0.0319149	0.170213	0.0106383
0.390244	0.0731707	0.0243902	0.0243902	0.0243902	0.0731707	0.0243902	0.0243902	0.0731707	0.268293
0.0163399	0.0751634	0.140523	0.186275	0.0163399	0.120915	0.00326797	0.0490196	0.104575	0.287582
0.0697674	0.0232558	0.0697674	0.209302	0.116279	0.0930233	0.0232558	0.162791	0.209302	0.0232558
0.0255864	0.021322	0.00426439	0.162047	0.0298507	0.172708	0.0021322	0.021322	0.0575693	0.503198
0.0104167	0.03125	0.0520833	0.125	0.510417	0.114583	0.0104167	0.0729167	0.0208333	0.0520833
0.0213904	0.379679	0.00534759	0.165775	0.00534759	0.0855615	0.0748663	0.0534759	0.181818	0.026738
0.0574713	0.0172414	0.0287356	0.0402299	0.0114943	0.252874	0.0114943	0.0114943	0.0517241	0.517241
0.5	0.0416667	0.0833333	0.0416667	0.0416667	0.0416667	0.0416667	0.0416667	0.0833333	0.0833333
0.0714286	0.0714286	0.0714286	0.357143	0.0714286	0.0714286	0.0714286	0.0714286	0.0714286	0.0714286
0.0106383	0.0638298	0.0531915	0.159574	0.478723	0.0744681	0.0106383	0.0106383	0.0106383	0.12766
0.254144	0.0441989	0.0773481	0.0607735	0.0441989	0.232044	0.0110497	0.198895	0.0607735	0.0165746
0.0476611	0.0136805	0.614298	0.0242718	0.0684025	0.0225066	0.00573698	0.0326567	0.163725	0.0070609
0.040404	0.313131	0.030303	0.121212	0.020202	0.131313	0.020202	0.020202	0.111111	0.191919
0.025641	0.166667	0.025641	0.423077	0.025641	0.0512821	0.025641	0.0128205	0.230769	0.0128205
0.0479452	0.0616438	0.0890411	0.130137	0.328767	0.143836	0.00684932	0.0753425	0.0753425	0.0410959
0.0769231	0.153846	0.0769231	0.0769231	0.0769231	0.153846	0.0769231	0.0769231	0.153846	0.0769231
0.0857143	0.0857143	0.0285714	0.0857143	0.0285714	0.371429	0.0285714	0.228571	0.0285714	0.0285714
0.230769	0.025641	0.0512821	0.0769231	0.102564	0.0769231	0.128205	0.0769231	0.102564	0.128205
0.046875	0.171875	0.046875	0.078125	0.046875	0.140625	0.015625	0.046875	0.046875	0.359375
0.0284091	0.0170455	0.0284091	0.295455	0.0170455	0.193182	0.00568182	0.00568182	0.0227273	0.386364
0.0833333	0.0416667	0.0833333	0.0416667	0.416667	0.125	0.0833333	0.0416667	0.0416667	0.0416667
0.0391061	0.0167598	0.139665	0.0335196	0.173184	0.0782123	0.0335196	0.307263	0.162011	0.0167598
0.153846	0.192308	0.115385	0.0384615	0.0384615	0.153846	0.0384615	0.0769231	0.115385	0.0769231
0.109756	0.0731707	0.0365854	0.256098	0.0121951	0.304878	0.0243902	0.0609756	0.0243902	0.097561
0.0869565	0.173913	0.0434783	0.173913	0.0869565	0.173913	0.0434783	0.0434783	0.0434783	0.130435
0.0338983	0.0338983	0.0169492	0.118644	0.644068	0.0508475	0.0169492	0.0169492	0.0508475	0.0169492
0.0163934	0.0655738	0.0327869	0.327869	0.0163934	0.409836	0.0327869	0.0327869	0.0327869	0.0327869
0.025974	0.0649351	0.415584	0.0909091	0.116883	0.0779221	0.0519481	0.103896	0.038961	0.012987
0.0344828	0.0114943	0.0229885	0.586207	0.0114943	0.16092	0.0114943	0.0229885	0.0574713	0.0804598
0.0769231	0.0192308	0.134615	0.0192308	0.173077	0.269231	0.0769231	0.0192308	0.192308	0.0192308
0.0740741	0.037037	0.037037	0.222222	0.37037	0.037037	0.0740741	0.0740741	0.037037	0.037037
0.222222	0.0740741	0.037037	0.0555556	0.111111	0.111111	0.0185185	0.185185	0.12963	0.0555556
0.104167	0.0416667	0.0625	0.229167	0.0833333	0.395833	0.0208333	0.0208333	0.0208333	0.0208333
0.0392157	0.529412	0.0196078	0.0392157	0.0392157	0.0980392	0.0392157	0.117647	0.0588235	0.0196078
0.025641	0.102564	0.333333	0.0512821	0.025641	0.205128	0.025641	0.025641	0.153846	0.0512821
0.122807	0.0175439	0.0350877	0.175439	0.0175439	0.140351	0.0526316	0.403509	0.0175439	0.0175439
0.00996678	0.0365449	0.00110742	0.03433	0.00110742	0.211517	0.00664452	0.0155039	0.0409745	0.642303
0.0155039	0.472868	0.00775194	0.0930233	0.0155039	0.162791	0.00775194	0.193798	0.00775194	0.0232558
0.0777778	0.0555556	0.122222	0.0111111	0.133333	0.0222222	0.0777778	0.2	0.166667	0.133333
0.0204082	0.0204082	0.0408163	0.163265	0.469388	0.102041	0.0204082	0.0408163	0.0816327	0.0408163
0.0526316	0.105263	0.0526316	0.210526	0.0526316	0.157895	0.0526316	0.157895	0.105263	0.0526316
0.25	0.125	0.0625	0.0625	0.0625	0.125	0.0625	0.125	0.0625	0.0625
0.05919	0.0218069	0.470405	0.0903427	0.0373832	0.17757	0.0155763	0.0249221	0.0809969	0.0218069
0.0209424	0.0602094	0.0287958	0.193717	0.0209424	0.47644	0.0104712	0.0157068	0.102094	0.0706806
0.116279	0.0232558	0.0465116	0.0813953	0.0116279	0.267442	0.0232558	0.0348837	0.0581395	0.337209
0.266667	0.0333333	0.0333333	0.0333333	0.0666667	0.166667	0.0333333	0.2	0.0666667	0.1
0.119048	0.047619	0.047619	0.166667	0.0714286	0.166667	0.0238095	0.0238095	0.0238095	0.309524
0.00735294	0.00735294	0.125	0.272059	0.0147059	0.375	0.00735294	0.00735294	0.0735294	0.110294
0.0576923	0.0769231	0.192308	0.0192308	0.173077	0.0192308	0.0384615	0.307692	0.0769231	0.0384615
0.0416667	0.0625	0.0208333	0.0625	0.6875	0.0208333	0.0208333	0.0416667	0.0208333	0.0208333
0.0175439	0.245614	0.0701754	0.22807	0.0175439	0.175439	0.0350877	0.122807	0.0350877	0.0526316
0.0638298	0.0638298	0.0212766	0.0638298	0.212766	0.148936	0.0638298	0.0425532	0.276596	0.0425532
0.102564	0.153846	0.25641	0.025641	0.0512821	0.153846	0.0769231	0.102564	0.0512821	0.025641
0.0217391	0.0217391	0.0434783	0.0652174	0.5	0.173913	0.0652174	0.0217391	0.0652174	0.0217391
0.0540541	0.0810811	0.027027	0.108108	0.027027	0.243243	0.027027	0.027027	0.324324	0.0810811
0.305556	0.0833333	0.111111	0.138889	0.0277778	0.111111	0.0277778	0.138889	0.0277778	0.0277778
0.00645161	0.354839	0.00645161	0.0354839	0.0580645	0.293548	0.00322581	0.148387	0.0903226	0.00322581
0.0212766	0.0212766	0.0638298	0.0425532	0.106383	0.340426	0.0212766	0.255319	0.106383	0.0212766
0.12	0.14	0.02	0.12	0.02	0.36	0.02	0.06	0.06	0.08
0.0625	0.125	0.0625	0.0625	0.1875	0.125	0.125	0.0625	0.125	0.0625
0.0212766	0.0212766	0.0212766	0.212766	0.0425532	0.319149	0.0851064	0.0425532	0.0851064	0.148936
0.0526316	0.157895	0.315789	0.0526316	0.105263	0.105263	0.0526316	0.0526316	0.0526316	0.0526316
0.0833333	0.0277778	0.0277778	0.0833333	0.138889	0.194444	0.111111	0.0833333	0.222222	0.0277778
0.0463576	0.0231788	0.00331126	0.152318	0.0629139	0.294702	0.00662252	0.0960265	0.188742	0.125828
0.30303	0.121212	0.0151515	0.0454545	0.166667	0.0454545	0.0454545	0.106061	0.136364	0.0151515
0.152174	0.0869565	0.0217391	0.0652174	0.0869565	0.304348	0.0217391	0.195652	0.0434783	0.0217391
0.0491803	0.0163934	0.0163934	0.0163934	0.344262	0.0163934	0.0163934	0.491803	0.0163934	0.0163934
0.103175	0.0238095	0.0873016	0.0634921	0.277778	0.00793651	0.015873	0.047619	0.357143	0.015873
0.0645161	0.129032	0.0322581	0.0645161	0.258065	0.225806	0.0322581	0.0322581	0.0967742	0.0645161
0.372549	0.0392157	0.0686275	0.00980392	0.27451	0.00980392	0.0490196	0.0196078	0.127451	0.0294118
0.0862069	0.37931	0.0172414	0.0344828	0.0344828	0.224138	0.0172414	0.0862069	0.103448	0.0172414
0.271186	0.0169492	0.0677966	0.0169492	0.288136	0.0169492	0.0508475	0.0508475	0.101695	0.118644
0.0333333	0.1	0.0333333	0.133333	0.0333333	0.5	0.0333333	0.0666667	0.0333333	0.0333333
0.030303	0.030303	0.030303	0.030303	0.393939	0.0909091	0.272727	0.030303	0.030303	0.0606061
0.0188679	0.0691824	0.440252	0.194969	0.0188679	0.081761	0.00628931	0.0754717	0.0754717	0.0188679
0.0588235	0.176471	0.0588235	0.0588235	0.176471	0.0588235	0.0588235	0.117647	0.176471	0.0588235
0.0759494	0.0379747	0.0126582	0.0506329	0.126582	0.0632911	0.0126582	0.556962	0.0506329	0.0126582
0.00826446	0.00826446	0.0165289	0.140496	0.454545	0.247934	0.00826446	0.0661157	0.0165289	0.0330579
0.115385	0.115385	0.0769231	0.0769231	0.115385	0.0769231	0.0384615	0.153846	0.192308	0.0384615
0.0526316	0.0263158	0.0263158	0.0526316	0.0526316	0.5	0.0526316	0.0789474	0.105263	0.0526316
0.0416667	0.0416667	0.0555556	0.0555556	0.0555556	0.152778	0.0138889	0.388889	0.111111	0.0833333
0.03125	0.03125	0.03125	0.28125	0.28125	0.0625	0.03125	0.125	0.0625	0.0625
0.761905	0.0190476	0.00952381	0.0571429	0.00952381	0.0571429	0.0190476	0.00952381	0.047619	0.00952381
0.0357143	0.464286	0.0357143	0.142857	0.0714286	0.125	0.0178571	0.0357143	0.0357143	0.0357143
0.0444444	0.0222222	0.0666667	0.0444444	0.577778	0.0222222	0.0444444	0.133333	0.0222222	0.0222222
0.037037	0.425926	0.037037	0.240741	0.0185185	0.111111	0.0185185	0.0185185	0.0555556	0.037037
0.0757576	0.560606	0.0151515	0.19697	0.0151515	0.0757576	0.0151515	0.0151515	0.0151515	0.0151515
0.0121212	0.00606061	0.0424242	0.460606	0.0242424	0.218182	0.0121212	0.0121212	0.206061	0.00606061
0.0666667	0.0333333	0.0666667	0.0333333	0.533333	0.0666667	0.0333333	0.0333333	0.0666667	0.0666667
0.0909091	0.030303	0.121212	0.030303	0.363636	0.030303	0.030303	0.212121	0.030303	0.0606061
0.111111	0.0740741	0.037037	0.111111	0.148148	0.296296	0.037037	0.037037	0.037037	0.111111
0.030303	0.030303	0.0606061	0.0606061	0.575758	0.030303	0.0909091	0.030303	0.0606061	0.030303
0.018018	0.678679	0.018018	0.0600601	0.00600601	0.0780781	0.015015	0.0630631	0.0540541	0.00900901
0.333333	0.106667	0.0133333	0.186667	0.04	0.133333	0.04	0.0533333	0.0666667	0.0266667
0.03125	0.03125	0.03125	0.125	0.03125	0.0625	0.09375	0.0625	0.03125	0.5
0.12	0.16	0.04	0.4	0.04	0.04	0.04	0.04	0.08	0.04
0.0163934	0.45082	0.0245902	0.139344	0.0409836	0.213115	0.0655738	0.0245902	0.00819672	0.0163934
0.103448	0.0344828	0.137931	0.206897	0.0344828	0.0344828	0.0689655	0.0689655	0.137931	0.172414
0.1	0.1	0.1	0.1	0.1	0.1	0.1	0.1	0.1	0.1
0.0344828	0.0517241	0.0172414	0.0172414	0.655172	0.0172414	0.0172414	0.12069	0.0517241	0.0172414
0.2	0.0222222	0.111111	0.0888889	0.0222222	0.155556	0.0222222	0.0444444	0.288889	0.0444444
0.04	0.04	0.2	0.04	0.16	0.04	0.12	0.04	0.16	0.16
0.1	0.1	0.1	0.1	0.1	0.1	0.1	0.1	0.1	0.1
0.0434783	0.0434783	0.0956522	0.026087	0.121739	0.0956522	0.0173913	0.417391	0.0173913	0.121739
0.111111	0.0740741	0.0740741	0.37037	0.037037	0.0740741	0.0740741	0.0740741	0.0740741	0.037037
0.125	0.15625	0.0625	0.09375	0.078125	0.21875	0.03125	0.109375	0.09375	0.03125
0.391304	0.0217391	0.0434783	0.0652174	0.173913	0.0434783	0.0217391	0.195652	0.0217391	0.0217391
0.08	0.0666667	0.0533333	0.0133333	0.546667	0.04	0.0666667	0.0266667	0.0933333	0.0133333
0.0294118	0.0294118	0.0294118	0.205882	0.117647	0.294118	0.0294118	0.0294118	0.117647	0.117647
0.0769231	0.0512821	0.025641	0.0512821	0.615385	0.025641	0.0769231	0.025641	0.025641	0.025641
0.037037	0.037037	0.0740741	0.037037	0.185185	0.0740741	0.037037	0.333333	0.148148	0.037037
0.0263158	0.0473684	0.0105263	0.0473684	0.568421	0.142105	0.0368421	0.0315789	0.0631579	0.0263158
0.346154	0.0384615	0.0384615	0.269231	0.0769231	0.0384615	0.0384615	0.0384615	0.0769231	0.0384615
0.0625	0.0208333	0.0416667	0.395833	0.104167	0.0416667	0.0416667	0.0833333	0.145833	0.0625
0.0571429	0.0285714	0.4	0.1	0.0142857	0.2	0.0142857	0.0285714	0.128571	0.0285714
0.14	0.14	0.2	0.02	0.04	0.14	0.08	0.02	0.06	0.16
0.0769231	0.0769231	0.0769231	0.0769231	0.0769231	0.230769	0.0769231	0.0769231	0.0769231	0.153846
0.0606061	0.121212	0.030303	0.454545	0.030303	0.121212	0.030303	0.030303	0.0606061	0.0606061
0.025641	0.102564	0.307692	0.025641	0.102564	0.25641	0.025641	0.025641	0.102564	0.025641
0.084507	0.028169	0.0140845	0.225352	0.0985915	0.0704225	0.0140845	0.0140845	0.43662	0.0140845
0.2	0.0333333	0.1	0.0666667	0.0333333	0.0333333	0.233333	0.0333333	0.133333	0.133333
0.222222	0.222222	0.111111	0.0740741	0.037037	0.185185	0.037037	0.037037	0.037037	0.037037
0.25	0.125	0.0833333	0.125	0.0416667	0.166667	0.0416667	0.0416667	0.0833333	0.0416667
0.0851064	0.170213	0.0638298	0.0638298	0.255319	0.0425532	0.106383	0.0212766	0.106383	0.0851064
0.0571429	0.0285714	0.142857	0.4	0.0285714	0.171429	0.0285714	0.0857143	0.0285714	0.0285714
0.0588235	0.117647	0.0588235	0.0588235	0.176471	0.117647	0.117647	0.176471	0.0588235	0.0588235
0.111111	0.037037	0.037037	0.0740741	0.481481	0.0740741	0.037037	0.037037	0.0740741	0.037037
0.0147059	0.0147059	0.0147059	0.102941	0.558824	0.176471	0.0294118	0.0294118	0.0294118	0.0294118
0.0142857	0.0285714	0.0142857	0.0714286	0.457143	0.242857	0.0142857	0.1	0.0428571	0.0142857
0.0603448	0.0517241	0.0258621	0.172414	0.0517241	0.25	0.00862069	0.215517	0.112069	0.0517241
0.156863	0.0980392	0.0196078	0.0196078	0.0784314	0.156863	0.0392157	0.117647	0.294118	0.0196078
0.121212	0.0757576	0.0606061	0.318182	0.0151515	0.0454545	0.0151515	0.0151515	0.151515	0.181818
0.2	0.0166667	0.00833333	0.00833333	0.0666667	0.133333	0.00833333	0.00833333	0.525	0.025
0.0108401	0.0189702	0.00542005	0.273713	0.0135501	0.0758808	0.00813008	0.0216802	0.0542005	0.517615
0.0454545	0.0454545	0.0454545	0.0454545	0.545455	0.0454545	0.0454545	0.0454545	0.0454545	0.0909091
0.0434783	0.173913	0.0434783	0.130435	0.0434783	0.0869565	0.173913	0.0434783	0.173913	0.0869565
0.0588235	0.0588235	0.0588235	0.176471	0.117647	0.235294	0.0588235	0.0588235	0.117647	0.0588235
0.0222222	0.0444444	0.0222222	0.0222222	0.6	0.0444444	0.0444444	0.0666667	0.111111	0.0222222
0.115385	0.0769231	0.0384615	0.0769231	0.307692	0.192308	0.0384615	0.0769231	0.0384615	0.0384615
0.102564	0.025641	0.025641	0.0769231	0.153846	0.179487	0.0769231	0.179487	0.0769231	0.102564
0.0227273	0.0681818	0.181818	0.159091	0.0909091	0.159091	0.0454545	0.0454545	0.136364	0.0909091
0.0294118	0.0294118	0.0588235	0.264706	0.0588235	0.294118	0.0882353	0.0294118	0.0294118	0.117647
0.00666667	0.04	0.0333333	0.7	0.02	0.113333	0.00666667	0.02	0.04	0.02
0.0526316	0.0631579	0.0105263	0.578947	0.0105263	0.157895	0.0105263	0.0210526	0.0631579	0.0315789
0.0666667	0.0666667	0.0666667	0.0666667	0.0666667	0.4	0.0666667	0.0666667	0.0666667	0.0666667
0.0222222	0.0222222	0.0666667	0.155556	0.0666667	0.355556	0.0444444	0.0444444	0.2	0.0222222
0.025641	0.025641	0.0512821	0.025641	0.461538	0.128205	0.0769231	0.0769231	0.102564	0.025641
0.0634921	0.142857	0.015873	0.47619	0.015873	0.126984	0.015873	0.031746	0.015873	0.0952381
0.343137	0.0392157	0.0588235	0.0196078	0.303922	0.0392157	0.117647	0.0294118	0.0196078	0.0294118
0.0512821	0.0512821	0.102564	0.0512821	0.435897	0.153846	0.025641	0.025641	0.0769231	0.025641
0.020339	0.216949	0.0169492	0.40339	0.00677966	0.0542373	0.00338983	0.0305085	0.244068	0.00338983
0.0416667	0.05	0.0333333	0.0416667	0.516667	0.025	0.00833333	0.0416667	0.208333	0.0333333
0.0571429	0.0285714	0.0285714	0.0571429	0.257143	0.114286	0.0571429	0.228571	0.0285714	0.142857
0.0512821	0.0128205	0.025641	0.24359	0.025641	0.217949	0.0128205	0.0512821	0.0641026	0.294872
0.241379	0.0172414	0.0172414	0.0862069	0.12069	0.0862069	0.0344828	0.275862	0.0517241	0.0689655
0.027027	0.027027	0.027027	0.0810811	0.594595	0.027027	0.027027	0.0810811	0.0810811	0.027027
0.15625	0.0625	0.09375	0.03125	0.40625	0.03125	0.03125	0.0625	0.09375	0.03125
0.0178571	0.125	0.178571	0.0892857	0.0357143	0.0714286	0.0357143	0.214286	0.196429	0.0357143
0.0188679	0.0188679	0.0188679	0.0188679	0.735849	0.0188679	0.0754717	0.0377358	0.0377358	0.0188679
0.0416667	0.0416667	0.0416667	0.125	0.25	0.0416667	0.0416667	0.0416667	0.333333	0.0416667
0.116279	0.0232558	0.0465116	0.0232558	0.511628	0.0465116	0.0232558	0.162791	0.0232558	0.0232558
0.0612245	0.0816327	0.0714286	0.0306122	0.0714286	0.0714286	0.0510204	0.367347	0.132653	0.0612245
0.22807	0.0350877	0.0175439	0.0175439	0.0526316	0.368421	0.0175439	0.175439	0.0175439	0.0701754
0.015873	0.0634921	0.0952381	0.15873	0.428571	0.0634921	0.015873	0.047619	0.0952381	0.015873
0.027027	0.027027	0.027027	0.189189	0.324324	0.162162	0.135135	0.027027	0.0540541	0.027027
0.1	0.1	0.1	0.1	0.1	0.1	0.1	0.1	0.1	0.1
0.645161	0.0215054	0.0107527	0.0107527	0.0322581	0.204301	0.0215054	0.0107527	0.0215054	0.0215054
0.12	0.08	0.04	0.16	0.16	0.04	0.04	0.2	0.08	0.08
0.0185185	0.037037	0.0185185	0.0185185	0.203704	0.0185185	0.12963	0.518519	0.0185185	0.0185185
0.0217391	0.0434783	0.0434783	0.304348	0.0217391	0.369565	0.0217391	0.0869565	0.0434783	0.0434783
0.0547945	0.0136986	0.0136986	0.0547945	0.616438	0.136986	0.0136986	0.0410959	0.0410959	0.0136986
0.0137931	0.0344828	0.0344828	0.227586	0.0758621	0.427586	0.00689655	0.0275862	0.0827586	0.0689655
0.061674	0.0704846	0.0528634	0.0484581	0.00440529	0.101322	0.00440529	0.00440529	0.145374	0.506608
0.0391061	0.00558659	0.027933	0.184358	0.0223464	0.00558659	0.0558659	0.631285	0.0223464	0.00558659
0.0675676	0.108108	0.0675676	0.027027	0.256757	0.0405405	0.175676	0.0405405	0.202703	0.0135135
0.0357143	0.0714286	0.0357143	0.0357143	0.107143	0.0357143	0.107143	0.428571	0.0357143	0.107143
0.285714	0.0714286	0.0714286	0.0714286	0.0714286	0.0714286	0.0714286	0.0714286	0.0714286	0.142857
0.0681818	0.0227273	0.113636	0.0227273	0.386364	0.0681818	0.0227273	0.0227273	0.25	0.0227273
0.155172	0.155172	0.0344828	0.0172414	0.310345	0.0862069	0.0172414	0.0344828	0.155172	0.0344828
0.027027	0.027027	0.0135135	0.189189	0.135135	0.243243	0.0135135	0.121622	0.216216	0.0135135
0.0243902	0.121951	0.439024	0.0243902	0.146341	0.121951	0.0487805	0.0243902	0.0243902	0.0243902
0.03125	0.15625	0.03125	0.0625	0.4375	0.0625	0.125	0.03125	0.03125	0.03125
0.0714286	0.0238095	0.0952381	0.0714286	0.47619	0.0238095	0.0238095	0.119048	0.047619	0.047619
0.216216	0.0810811	0.027027	0.27027	0.0540541	0.162162	0.027027	0.027027	0.027027	0.108108
0.0166667	0.0333333	0.1	0.166667	0.383333	0.0833333	0.133333	0.0166667	0.0333333	0.0333333
0.0166667	0.0166667	0.05	0.0166667	0.683333	0.0666667	0.05	0.0333333	0.05	0.0166667
0.0882353	0.235294	0.0882353	0.0882353	0.0294118	0.0294118	0.0588235	0.147059	0.117647	0.117647
0.103448	0.0344828	0.0344828	0.0689655	0.344828	0.0344828	0.0344828	0.275862	0.0344828	0.0344828
0.0204082	0.102041	0.0612245	0.0408163	0.244898	0.346939	0.0612245	0.0816327	0.0204082	0.0204082
0.0346821	0.0867052	0.0462428	0.0404624	0.190751	0.0520231	0.33526	0.017341	0.184971	0.0115607
0.0869565	0.0434783	0.0289855	0.202899	0.0434783	0.434783	0.0144928	0.0144928	0.0724638	0.057971
0.0571429	0.0571429	0.0285714	0.2	0.142857	0.171429	0.0571429	0.0571429	0.2	0.0285714
0.0172414	0.0689655	0.0172414	0.0689655	0.655172	0.0172414	0.0172414	0.0172414	0.103448	0.0172414
0.0625	0.03125	0.15625	0.03125	0.03125	0.21875	0.03125	0.3125	0.0625	0.0625
0.047619	0.047619	0.047619	0.428571	0.0952381	0.0952381	0.0952381	0.047619	0.047619	0.047619
0.0804598	0.0114943	0.0229885	0.0574713	0.0114943	0.390805	0.0344828	0.298851	0.0689655	0.0229885
0.0583658	0.0155642	0.0272374	0.579767	0.0194553	0.182879	0.0077821	0.0077821	0.0544747	0.0466926
0.0526316	0.0526316	0.105263	0.210526	0.0526316	0.210526	0.0526316	0.157895	0.0526316	0.0526316
0.013986	0.027972	0.00699301	0.181818	0.027972	0.0699301	0.328671	0.00699301	0.111888	0.223776
0.179487	0.025641	0.025641	0.025641	0.153846	0.0512821	0.0512821	0.410256	0.0512821	0.025641
0.0224719	0.0337079	0.011236	0.258427	0.11236	0.258427	0.011236	0.123596	0.134831	0.0337079
0.05	0.1	0.2	0.1	0.15	0.2	0.05	0.05	0.05	0.05
0.037037	0.037037	0.0740741	0.185185	0.037037	0.148148	0.037037	0.111111	0.0740741	0.259259
0.0285714	0.128571	0.0428571	0.357143	0.0285714	0.271429	0.0142857	0.0142857	0.0142857	0.1
0.276923	0.0461538	0.0615385	0.123077	0.0461538	0.169231	0.0307692	0.0307692	0.2	0.0153846
0.1	0.1	0.1	0.1	0.1	0.1	0.1	0.1	0.1	0.1
0.133333	0.0222222	0.0222222	0.0666667	0.311111	0.111111	0.0444444	0.0444444	0.222222	0.0222222
0.015873	0.015873	0.015873	0.190476	0.031746	0.174603	0.111111	0.015873	0.0952381	0.333333
0.0714286	0.0238095	0.0238095	0.428571	0.0238095	0.214286	0.0238095	0.047619	0.0714286	0.0714286
0.0416667	0.125	0.0416667	0.0833333	0.0416667	0.125	0.0416667	0.0416667	0.416667	0.0416667
0.00518135	0.00518135	0.0129534	0.523316	0.00259067	0.147668	0.00518135	0.0621762	0.173575	0.0621762
0.0384615	0.0384615	0.115385	0.192308	0.0384615	0.346154	0.0384615	0.0384615	0.0384615	0.115385
0.0333333	0.0166667	0.05	0.25	0.366667	0.0166667	0.0333333	0.0333333	0.183333	0.0166667
0.0526316	0.0526316	0.0263158	0.105263	0.0526316	0.368421	0.0263158	0.210526	0.0263158	0.0789474
0.15	0.05	0.05	0.1	0.1	0.1	0.05	0.15	0.2	0.05
0.169811	0.188679	0.0566038	0.0754717	0.0188679	0.150943	0.0377358	0.169811	0.0566038	0.0754717
0.0666667	0.133333	0.377778	0.133333	0.0444444	0.0444444	0.0222222	0.0666667	0.0666667	0.0444444
0.461538	0.0192308	0.153846	0.0384615	0.0384615	0.173077	0.0192308	0.0192308	0.0384615	0.0384615
0.0555556	0.0555556	0.0185185	0.0740741	0.0555556	0.444444	0.0185185	0.12963	0.12963	0.0185185
0.0102828	0.0411311	0.0179949	0.0462725	0.0694087	0.113111	0.00771208	0.62982	0.059126	0.00514139
0.425	0.2	0.025	0.075	0.025	0.1	0.05	0.025	0.05	0.025
0.0122449	0.0244898	0.0163265	0.0653061	0.0163265	0.146939	0.102041	0.00408163	0.0734694	0.538776
0.0689655	0.0689655	0.0689655	0.0344828	0.0689655	0.0344828	0.0344828	0.482759	0.103448	0.0344828
0.457386	0.0142045	0.0142045	0.0397727	0.161932	0.0681818	0.00284091	0.0454545	0.167614	0.0284091
0.037037	0.037037	0.037037	0.037037	0.259259	0.111111	0.111111	0.259259	0.0740741	0.037037
0.0102838	0.709585	0.0497738	0.0530646	0.0061703	0.0345537	0.000822707	0.00329083	0.0974907	0.034965
0.0136986	0.671233	0.0273973	0.0547945	0.0136986	0.0410959	0.0273973	0.0273973	0.109589	0.0136986
0.43956	0.021978	0.0769231	0.010989	0.021978	0.340659	0.010989	0.043956	0.021978	0.010989
0.222222	0.148148	0.037037	0.111111	0.111111	0.148148	0.037037	0.0740741	0.0740741	0.037037
0.484848	0.0606061	0.0757576	0.0454545	0.0151515	0.19697	0.030303	0.0151515	0.0606061	0.0151515
0.00725953	0.0399274	0.0108893	0.655172	0.0254083	0.114338	0.00544465	0.0108893	0.0580762	0.0725953
0.0294118	0.0588235	0.0294118	0.0294118	0.705882	0.0294118	0.0294118	0.0294118	0.0294118	0.0294118
0.0294118	0.0294118	0.0588235	0.352941	0.0294118	0.176471	0.0294118	0.0294118	0.0588235	0.205882
0.0888889	0.0444444	0.0222222	0.377778	0.0222222	0.0666667	0.0222222	0.0666667	0.0888889	0.2
0.0416667	0.0833333	0.0416667	0.0833333	0.541667	0.0625	0.0208333	0.0416667	0.0625	0.0208333
0.0361446	0.0240964	0.0240964	0.144578	0.0120482	0.253012	0.0120482	0.373494	0.0722892	0.0481928
0.413793	0.103448	0.0172414	0.137931	0.0344828	0.189655	0.0172414	0.0344828	0.0172414	0.0344828
0.0242588	0.0512129	0.0107817	0.0350404	0.0269542	0.229111	0.0269542	0.0107817	0.107817	0.477089
0.52	0.04	0.04	0.04	0.04	0.12	0.04	0.04	0.08	0.04
0.0666667	0.0666667	0.0666667	0.133333	0.0666667	0.0666667	0.0666667	0.0666667	0.333333	0.0666667
0.0362319	0.00724638	0.00724638	0.782609	0.00724638	0.0362319	0.00724638	0.0434783	0.057971	0.0144928
0.0322581	0.129032	0.0322581	0.354839	0.0322581	0.0322581	0.0322581	0.0322581	0.290323	0.0322581
0.0769231	0.0769231	0.0769231	0.0769231	0.0769231	0.153846	0.0769231	0.0769231	0.230769	0.0769231
0.221239	0.0973451	0.0265487	0.0973451	0.0530973	0.327434	0.00884956	0.0707965	0.0707965	0.0265487
0.0769231	0.0769231	0.0769231	0.0769231	0.025641	0.25641	0.0512821	0.025641	0.205128	0.128205
0.1	0.05	0.4	0.075	0.075	0.075	0.025	0.05	0.125	0.025
0.0222222	0.0222222	0.0666667	0.111111	0.377778	0.222222	0.0444444	0.0222222	0.0888889	0.0222222
0.0212766	0.0212766	0.0212766	0.148936	0.0425532	0.191489	0.0212766	0.446809	0.0638298	0.0212766
0.133333	0.133333	0.0666667	0.133333	0.133333	0.0666667	0.0666667	0.0666667	0.133333	0.0666667
0.047619	0.047619	0.047619	0.047619	0.428571	0.047619	0.047619	0.047619	0.190476	0.047619
0.0322581	0.0645161	0.0967742	0.0967742	0.129032	0.290323	0.0322581	0.193548	0.0322581	0.0322581
0.0288462	0.144231	0.0576923	0.00961538	0.0769231	0.403846	0.0192308	0.105769	0.105769	0.0480769
0.0754717	0.358491	0.0377358	0.113208	0.0377358	0.207547	0.0377358	0.0188679	0.0943396	0.0188679
0.0125	0.0125	0.2875	0.1125	0.1	0.2625	0.0125	0.15	0.0375	0.0125
0.012987	0.0519481	0.568182	0.0519481	0.0162338	0.0357143	0.00649351	0.00649351	0.149351	0.100649
0.0625	0.0416667	0.0208333	0.0208333	0.583333	0.0416667	0.0833333	0.0416667	0.0833333	0.0208333
0.0869565	0.0108696	0.0217391	0.5	0.0108696	0.0978261	0.0326087	0.0543478	0.076087	0.108696
0.52381	0.0714286	0.0238095	0.142857	0.047619	0.0238095	0.0238095	0.047619	0.0238095	0.0714286
0.00757576	0.0681818	0.295455	0.0984848	0.0378788	0.204545	0.00757576	0.204545	0.0454545	0.030303
0.00934579	0.00934579	0.00934579	0.766355	0.00934579	0.11215	0.0280374	0.00934579	0.0373832	0.00934579
0.0833333	0.0416667	0.0833333	0.0416667	0.0416667	0.375	0.0416667	0.0416667	0.208333	0.0416667
0.0961538	0.0576923	0.0192308	0.269231	0.0192308	0.346154	0.0192308	0.0384615	0.0576923	0.0769231
