0.341463	0.243902	0.292683	0.121951
0.333333	0.0416667	0.583333	0.0416667
0.326165	0.00358423	0.146953	0.523297
0.0869565	0.130435	0.73913	0.0434783
0.341463	0.00813008	0.0243902	0.626016
0.352941	0.117647	0.0588235	0.470588
0.0833333	0.0416667	0.833333	0.0416667
0.25	0.25	0.25	0.25
0.351852	0.0185185	0.537037	0.0925926
0.383333	0.15	0.0833333	0.383333
0.3125	0.0416667	0.604167	0.0416667
0.193548	0.419355	0.290323	0.0967742
0.505618	0.0561798	0.426966	0.011236
0.409836	0.0163934	0.163934	0.409836
0.483755	0.0974729	0.202166	0.216606
0.157143	0.121429	0.714286	0.00714286
0.315789	0.0526316	0.578947	0.0526316
0.404255	0.0425532	0.531915	0.0212766
0.285714	0.52381	0.0952381	0.0952381
0.217391	0.130435	0.565217	0.0869565
0.431034	0.0517241	0.0172414	0.5
0.266667	0.0222222	0.511111	0.2
0.489362	0.0425532	0.0212766	0.446809
0.2	0.4	0.2	0.2
0.681818	0.0681818	0.0454545	0.204545
0.454545	0.0454545	0.0454545	0.454545
0.666667	0.0952381	0.0952381	0.142857
0.4	0.4	0.1	0.1
0.285714	0.142857	0.0714286	0.5
0.0246575	0.00684932	0.0178082	0.950685
0.5	0.0357143	0.321429	0.142857
0.769231	0.0384615	0.153846	0.0384615
0.172414	0.293103	0.275862	0.258621
0.55	0.116667	0.15	0.183333
0.638889	0.0462963	0.185185	0.12963
0.282486	0.0112994	0.00564972	0.700565
0.2	0.266667	0.466667	0.0666667
0.32	0.04	0.56	0.08
0.403226	0.354839	0.177419	0.0645161
0.0842697	0.0196629	0.853933	0.0421348
0.568182	0.0113636	0.0340909	0.386364
0.539326	0.011236	0.0561798	0.393258
0.294118	0.235294	0.176471	0.294118
0.292308	0.338462	0.184615	0.184615
0.640199	0.00992556	0.0942928	0.255583
0.00520833	0.890625	0.015625	0.0885417
0.25	0.1875	0.15625	0.40625
0.232704	0.0377358	0.685535	0.0440252
0.757576	0.0606061	0.030303	0.151515
0.655738	0.270492	0.00409836	0.0696721
0.604167	0.25	0.0416667	0.104167
0.37931	0.0344828	0.551724	0.0344828
0.692623	0.0327869	0.262295	0.0122951
0.134831	0.0561798	0.775281	0.0337079
0.391304	0.26087	0.0434783	0.304348
0.333333	0.0512821	0.205128	0.410256
0.513889	0.0555556	0.0138889	0.416667
0.298507	0.0298507	0.0895522	0.58209
0.5	0.125	0.208333	0.166667
0.463415	0.341463	0.0487805	0.146341
0.64	0.28	0.04	0.04
0.595745	0.0425532	0.0638298	0.297872
0.195122	0.146341	0.585366	0.0731707
0.326531	0.55102	0.0714286	0.0510204
0.512195	0.0731707	0.390244	0.0243902
0.375	0.53125	0.0625	0.03125
0.227273	0.0227273	0.704545	0.0454545
0.121212	0.0606061	0.636364	0.181818
0.422535	0.0422535	0.056338	0.478873
0.555556	0.177778	0.177778	0.0888889
0.04	0.04	0.72	0.2
0.538462	0.0769231	0.230769	0.153846
0.5	0.333333	0.111111	0.0555556
0.5	0.272727	0.0909091	0.136364
0.449367	0.00632911	0.0189873	0.525316
0.730769	0.211538	0.0192308	0.0384615
0.75	0.107143	0.0892857	0.0535714
0.5	0.05	0.4	0.05
0.419355	0.0483871	0.0322581	0.5
0.315789	0.105263	0.315789	0.263158
0.461538	0.307692	0.0769231	0.153846
0.511628	0.325581	0.116279	0.0465116
0.444444	0.126984	0.206349	0.222222
0.242424	0.30303	0.393939	0.0606061
0.25	0.125	0.125	0.5
0.25	0.25	0.25	0.25
0.307692	0.384615	0.153846	0.153846
0.25	0.25	0.25	0.25
0.375	0.025	0.575	0.025
0.292683	0.097561	0.536585	0.0731707
0.458333	0.0833333	0.416667	0.0416667
0.454545	0.030303	0.012987	0.502165
0.833333	0.0333333	0.0166667	0.116667
0.641026	0.205128	0.025641	0.128205
0.204545	0.136364	0.636364	0.0227273
0.0736842	0.0105263	0.0210526	0.894737
0.5	0.166667	0.166667	0.166667
0.23622	0.0393701	0.0314961	0.692913
0.181818	0.454545	0.181818	0.181818
0.5	0.25	0.125	0.125
0.5	0.25	0.166667	0.0833333
0.844595	0.114865	0.027027	0.0135135
0.208553	0.0464625	0.720697	0.0242872
0.25	0.0833333	0.583333	0.0833333
0.837607	0.025641	0.0683761	0.0683761
0.78	0.02	0.04	0.16
0.291391	0.0286976	0.677704	0.00220751
0.428571	0.357143	0.0714286	0.142857
0.441014	0.0170507	0.0110599	0.530876
0.555556	0.333333	0.0740741	0.037037
0.433333	0.0333333	0.266667	0.266667
0.695652	0.0869565	0.173913	0.0434783
0.463855	0.0180723	0.060241	0.457831
0.454545	0.0181818	0.509091	0.0181818
0.16129	0.0322581	0.709677	0.0967742
0.047619	0.0952381	0.761905	0.0952381
0.114286	0.314286	0.514286	0.0571429
0.454545	0.136364	0.227273	0.181818
0.216783	0.034965	0.027972	0.72028
0.742857	0.0571429	0.0857143	0.114286
0.571429	0.0238095	0.0952381	0.309524
0.372973	0.394595	0.221622	0.0108108
0.366667	0.0333333	0.566667	0.0333333
0.6	0.242857	0.0285714	0.128571
0.72	0.16	0.08	0.04
0.143695	0.164223	0.454545	0.237537
0.296875	0.015625	0.640625	0.046875
0.46593	0.0441989	0.014733	0.475138
0.1875	0.0625	0.6875	0.0625
0.761062	0.0442478	0.176991	0.0176991
0.425532	0.319149	0.191489	0.0638298
0.477273	0.0227273	0.454545	0.0454545
0.559633	0.0642202	0.0275229	0.348624
0.390625	0.40625	0.1875	0.015625
0.676471	0.0882353	0.0294118	0.205882
0.563636	0.0909091	0.327273	0.0181818
0.192308	0.230769	0.153846	0.423077
0.0149254	0.00497512	0.746269	0.233831
0.444444	0.0666667	0.0444444	0.444444
0.375	0.25	0.25	0.125
0.716312	0.0638298	0.070922	0.148936
0.393939	0.030303	0.545455	0.030303
0.25	0.25	0.25	0.25
0.0555556	0.0555556	0.666667	0.222222
0.375	0.25	0.25	0.125
0.166667	0.166667	0.333333	0.333333
0.458333	0.0416667	0.458333	0.0416667
0.277778	0.0555556	0.611111	0.0555556
0.736842	0.0263158	0.210526	0.0263158
0.61039	0.233766	0.0779221	0.0779221
0.596639	0.0252101	0.336134	0.0420168
0.404762	0.00297619	0.0119048	0.580357
0.212121	0.0606061	0.636364	0.0909091
0.902655	0.0353982	0.0353982	0.0265487
0.615385	0.0769231	0.0769231	0.230769
0.111111	0.0555556	0.777778	0.0555556
0.684211	0.105263	0.157895	0.0526316
0.3	0.0333333	0.533333	0.133333
0.5	0.125	0.0625	0.3125
0.416667	0.0104167	0.0208333	0.552083
0.428571	0.142857	0.142857	0.285714
0.5	0.125	0.0625	0.3125
0.5	0.05	0.25	0.2
0.307692	0.230769	0.384615	0.0769231
0.651163	0.0232558	0.0930233	0.232558
0.168831	0.038961	0.545455	0.246753
0.25	0.25	0.25	0.25
0.447059	0.117647	0.411765	0.0235294
0.40942	0.503623	0.0398551	0.0471014
0.25	0.1875	0.5	0.0625
0.773585	0.00943396	0.0849057	0.132075
0.190476	0.52381	0.142857	0.142857
0.44	0.36	0.12	0.08
0.364865	0.027027	0.0405405	0.567568
0.111111	0.111111	0.666667	0.111111
0.852273	0.0340909	0.0113636	0.102273
0.257143	0.4	0.0857143	0.257143
0.333333	0.0133333	0.143333	0.51
0.432432	0.0540541	0.459459	0.0540541
0.323974	0.00215983	0.049676	0.62419
0.533333	0.0222222	0.411111	0.0333333
0.430939	0.414365	0.0994475	0.0552486
0.255952	0.0119048	0.0178571	0.714286
0.5	0.222222	0.0555556	0.222222
0.5	0.125	0.125	0.25
0.272727	0.0568182	0.488636	0.181818
0.657143	0.108571	0.125714	0.108571
0.121681	0.0486726	0.765044	0.0646018
0.408602	0.44086	0.0537634	0.0967742
0.638889	0.263889	0.0416667	0.0555556
0.6	0.0214286	0.307143	0.0714286
0.428571	0.285714	0.142857	0.142857
0.758621	0.172414	0.0344828	0.0344828
0.333333	0.151515	0.242424	0.272727
0.258621	0.551724	0.0172414	0.172414
0.417647	0.0176471	0.0176471	0.547059
0.166667	0.111111	0.666667	0.0555556
0.254335	0.109827	0.549133	0.0867052
0.6	0.1	0.1	0.2
0.565789	0.0394737	0.0921053	0.302632
0.411765	0.294118	0.0588235	0.235294
0.433962	0.0188679	0.528302	0.0188679
0.436364	0.0181818	0.0363636	0.509091
0.408451	0.0140845	0.521127	0.056338
0.654321	0.0123457	0.037037	0.296296
0.478261	0.0652174	0.413043	0.0434783
0.285714	0.0952381	0.52381	0.0952381
0.208333	0.4375	0.208333	0.145833
0.785714	0.047619	0.142857	0.0238095
0.333333	0.577778	0.0222222	0.0666667
0.242424	0.030303	0.666667	0.0606061
0.764706	0.196078	0.0196078	0.0196078
0.157191	0.0312152	0.0211817	0.790412
0.414634	0.471545	0.0650407	0.0487805
0.190476	0.107143	0.440476	0.261905
0.325581	0.0930233	0.55814	0.0232558
0.615385	0.153846	0.0769231	0.153846
0.5	0.2	0.2	0.1
0.393651	0.00952381	0.539683	0.0571429
0.595745	0.0132979	0.037234	0.353723
0.4125	0.0125	0.025	0.55
0.666667	0.0833333	0.125	0.125
0.222222	0.0277778	0.0833333	0.666667
0.407692	0.00769231	0.123077	0.461538
0.26087	0.0869565	0.543478	0.108696
0.0952381	0.0714286	0.738095	0.0952381
0.529412	0.196078	0.137255	0.137255
0.536585	0.0731707	0.365854	0.0243902
0.333333	0.272727	0.333333	0.0606061
0.3	0.05	0.6	0.05
0.709677	0.0645161	0.0967742	0.129032
0.766667	0.1	0.1	0.0333333
0.463816	0.384868	0.118421	0.0328947
0.560976	0.341463	0.0731707	0.0243902
0.636364	0.0909091	0.113636	0.159091
0.3	0.1	0.2	0.4
0.317073	0.0731707	0.097561	0.512195
0.0769231	0.230769	0.461538	0.230769
0.5	0.1	0.266667	0.133333
0.469595	0.0371622	0.108108	0.385135
0.5	0.116667	0.333333	0.05
0.575	0.25	0.075	0.1
0.0545455	0.0909091	0.836364	0.0181818
0.316667	0.00833333	0.658333	0.0166667
0.6	0.08	0.28	0.04
0.104167	0.0208333	0.854167	0.0208333
0.442308	0.442308	0.0576923	0.0576923
0.113208	0.0377358	0.811321	0.0377358
0.833333	0.0416667	0.0833333	0.0416667
0.037037	0.296296	0.592593	0.0740741
0.411765	0.0196078	0.509804	0.0588235
0.181818	0.272727	0.454545	0.0909091
0.150685	0.0410959	0.767123	0.0410959
0.382609	0.0173913	0.521739	0.0782609
0.5	0.25	0.2	0.05
0.8125	0.09375	0.0625	0.03125
0.575758	0.136364	0.212121	0.0757576
0.230769	0.0384615	0.653846	0.0769231
0.69697	0.262626	0.010101	0.030303
0.34	0.46	0.12	0.08
0.025641	0.025641	0.923077	0.025641
0.6875	0.125	0.0625	0.125
0.45	0.516667	0.0166667	0.0166667
0.805031	0.0314465	0.132075	0.0314465
0.125	0.0833333	0.708333	0.0833333
0.185185	0.0740741	0.666667	0.0740741
0.619048	0.0952381	0.190476	0.0952381
0.148148	0.037037	0.777778	0.037037
0.256881	0.617737	0.0764526	0.0489297
0.652174	0.144928	0.115942	0.0869565
0.307692	0.615385	0.0384615	0.0384615
0.473684	0.105263	0.105263	0.315789
0.353448	0.465517	0.137931	0.0431034
0.391304	0.130435	0.0434783	0.434783
0.25	0.25	0.25	0.25
0.0384615	0.0576923	0.884615	0.0192308
0.461538	0.025641	0.179487	0.333333
0.578947	0.0526316	0.315789	0.0526316
0.25	0.25	0.25	0.25
0.192661	0.0183486	0.293578	0.495413
0.666667	0.0952381	0.142857	0.0952381
0.568966	0.0517241	0.12069	0.258621
0.5	0.15	0.325	0.025
0.144928	0.0869565	0.724638	0.0434783
0.571429	0.142857	0.178571	0.107143
0.121212	0.181818	0.636364	0.0606061
0.047619	0.190476	0.666667	0.0952381
0.342391	0.0652174	0.581522	0.0108696
0.7	0.05	0.05	0.2
0.666667	0.0238095	0.142857	0.166667
0.390625	0.03125	0.46875	0.109375
0.409091	0.0454545	0.295455	0.25
0.571429	0.142857	0.142857	0.142857
0.518519	0.037037	0.111111	0.333333
0.0606061	0.272727	0.454545	0.212121
0.676923	0.0153846	0.246154	0.0615385
0.166667	0.416667	0.125	0.291667
0.714286	0.0952381	0.0952381	0.0952381
0.5	0.111111	0.111111	0.277778
0.341463	0.170732	0.414634	0.0731707
0.689655	0.0344828	0.137931	0.137931
0.272727	0.363636	0.181818	0.181818
0.285714	0.047619	0.619048	0.047619
0.322581	0.0322581	0.564516	0.0806452
0.53125	0.015625	0.4375	0.015625
0.772727	0.00909091	0.0909091	0.127273
0.488889	0.0666667	0.377778	0.0666667
0.2	0.2	0.0333333	0.566667
0.491228	0.00877193	0.315789	0.184211
0.214876	0.00826446	0.030303	0.746556
0.0625	0.0625	0.75	0.125
0.294118	0.352941	0.176471	0.176471
0.727273	0.0909091	0.0909091	0.0909091
0.179487	0.102564	0.692308	0.025641
0.5	0.1	0.35	0.05
0.151515	0.030303	0.606061	0.212121
0.421053	0.0789474	0.289474	0.210526
0.642857	0.0357143	0.0714286	0.25
0.895833	0.00694444	0.0277778	0.0694444
0.797753	0.0449438	0.0224719	0.134831
0.555556	0.111111	0.111111	0.222222
0.589744	0.025641	0.205128	0.179487
0.30303	0.0606061	0.606061	0.030303
0.754386	0.0175439	0.0175439	0.210526
0.291667	0.145833	0.489583	0.0729167
0.30303	0.030303	0.575758	0.0909091
0.757785	0.0484429	0.0865052	0.107266
0.122807	0.0526316	0.789474	0.0350877
0.137931	0.0344828	0.517241	0.310345
0.319444	0.0416667	0.0555556	0.583333
0.230769	0.0384615	0.634615	0.0961538
0.129032	0.0322581	0.806452	0.0322581
0.0769231	0.0384615	0.807692	0.0769231
0.38	0.08	0.44	0.1
0.0212766	0.0425532	0.87234	0.0638298
0.277778	0.0555556	0.611111	0.0555556
0.243243	0.0540541	0.675676	0.027027
0.282609	0.119565	0.402174	0.195652
0.588235	0.0784314	0.137255	0.196078
0.280702	0.0877193	0.614035	0.0175439
0.580645	0.0645161	0.322581	0.0322581
0.25	0.25	0.25	0.25
0.804598	0.114943	0.0574713	0.0229885
0.421053	0.263158	0.157895	0.157895
0.208333	0.270833	0.458333	0.0625
0.5	0.025	0.075	0.4
0.253731	0.0149254	0.701493	0.0298507
0.52518	0.0143885	0.151079	0.309353
0.180995	0.0497738	0.0588235	0.710407
0.393064	0.0635838	0.450867	0.0924855
0.102941	0.235294	0.529412	0.132353
0.0454545	0.227273	0.681818	0.0454545
0.25	0.25	0.125	0.375
0.157895	0.131579	0.684211	0.0263158
0.25	0.0961538	0.615385	0.0384615
0.573529	0.0441176	0.279412	0.102941
0.371429	0.0285714	0.542857	0.0571429
0.346154	0.0384615	0.346154	0.269231
0.166667	0.0277778	0.777778	0.0277778
0.290323	0.0645161	0.16129	0.483871
0.259259	0.166667	0.481481	0.0925926
0.111111	0.037037	0.833333	0.0185185
0.571429	0.0357143	0.25	0.142857
0.130435	0.130435	0.695652	0.0434783
0.55814	0.0465116	0.348837	0.0465116
0.245509	0.42515	0.287425	0.0419162
0.650794	0.0793651	0.0634921	0.206349
0.517241	0.172414	0.103448	0.206897
0.173077	0.0384615	0.769231	0.0192308
0.538462	0.269231	0.153846	0.0384615
0.666667	0.0666667	0.133333	0.133333
0.716049	0.0246914	0.037037	0.222222
0.788845	0.0318725	0.0438247	0.135458
0.692308	0.0769231	0.0769231	0.153846
0.167883	0.0510949	0.00729927	0.773723
0.333333	0.242424	0.393939	0.030303
0.614458	0.0361446	0.277108	0.0722892
0.5	0.0714286	0.285714	0.142857
0.333333	0.047619	0.238095	0.380952
0.734375	0.046875	0.046875	0.171875
0.508475	0.101695	0.118644	0.271186
0.25	0.25	0.25	0.25
0.384615	0.025641	0.538462	0.0512821
0.280702	0.0175439	0.0701754	0.631579
0.805556	0.0277778	0.0277778	0.138889
0.333333	0.166667	0.444444	0.0555556
0.781579	0.0184211	0.0315789	0.168421
0.65	0.05	0.15	0.15
0.203704	0.037037	0.666667	0.0925926
0.78125	0.03125	0.0625	0.125
0.5	0.0714286	0.357143	0.0714286
0.574468	0.276596	0.0638298	0.0851064
0.384615	0.0769231	0.461538	0.0769231
0.326087	0.0434783	0.0869565	0.543478
0.458333	0.0625	0.0833333	0.395833
0.451697	0.368146	0.156658	0.0234987
0.735294	0.205882	0.0294118	0.0294118
0.0669456	0.117155	0.0460251	0.769874
0.26087	0.391304	0.304348	0.0434783
0.130058	0.0375723	0.684971	0.147399
0.047619	0.142857	0.761905	0.047619
0.166598	0.575258	0.115876	0.142268
0.298507	0.656716	0.0149254	0.0298507
0.717647	0.0705882	0.176471	0.0352941
0.47619	0.238095	0.0952381	0.190476
0.866667	0.05	0.0166667	0.0666667
0.761468	0.0165138	0.0330275	0.188991
0.0357143	0.0357143	0.892857	0.0357143
0.571429	0.0357143	0.107143	0.285714
0.435897	0.0512821	0.0769231	0.435897
0.190476	0.0714286	0.714286	0.0238095
0.792208	0.025974	0.0649351	0.116883
0.75	0.173077	0.0384615	0.0384615
0.186301	0.0520548	0.0767123	0.684932
0.789474	0.105263	0.0526316	0.0526316
0.555556	0.222222	0.111111	0.111111
0.848485	0.00757576	0.0151515	0.128788
0.48	0.2	0.08	0.24
0.428571	0.142857	0.142857	0.285714
0.813084	0.0841121	0.0560748	0.046729
0.272727	0.0606061	0.151515	0.515152
0.264706	0.117647	0.558824	0.0588235
0.461538	0.0512821	0.461538	0.025641
0.804878	0.0487805	0.121951	0.0243902
0.555556	0.111111	0.222222	0.111111
0.2	0.133333	0.6	0.0666667
0.4	0.2	0.28	0.12
0.55102	0.0204082	0.183673	0.244898
0.489362	0.382979	0.0851064	0.0425532
0.202703	0.0135135	0.554054	0.22973
0.10596	0.013245	0.635762	0.245033
0.0952381	0.0952381	0.761905	0.047619
0.709302	0.0465116	0.0465116	0.197674
0.722222	0.166667	0.0277778	0.0833333
0.47619	0.0238095	0.349206	0.150794
0.930693	0.019802	0.019802	0.029703
0.388889	0.388889	0.0555556	0.166667
0.456522	0.0217391	0.0434783	0.478261
0.305085	0.0169492	0.644068	0.0338983
0.184466	0.0194175	0.76699	0.0291262
0.652174	0.173913	0.0217391	0.152174
0.361702	0.0851064	0.531915	0.0212766
0.366667	0.0047619	0.6	0.0285714
0.142857	0.0178571	0.803571	0.0357143
0.578947	0.105263	0.0789474	0.236842
0.765957	0.0425532	0.0851064	0.106383
0.923077	0.0384615	0.0128205	0.025641
0.25	0.333333	0.333333	0.0833333
0.0769231	0.153846	0.538462	0.230769
0.25	0.25	0.375	0.125
0.129032	0.0645161	0.0967742	0.709677
0.409091	0.136364	0.0909091	0.363636
0.764706	0.117647	0.0588235	0.0588235
0.424242	0.363636	0.19697	0.0151515
0.324324	0.027027	0.162162	0.486486
0.31746	0.0952381	0.539683	0.047619
0.16	0.16	0.36	0.32
0.347826	0.130435	0.478261	0.0434783
0.18	0.04	0.72	0.06
0.491803	0.0163934	0.0655738	0.42623
0.28169	0.0422535	0.647887	0.028169
0.107981	0.100939	0.760563	0.0305164
0.342105	0.131579	0.473684	0.0526316
0.6	0.345455	0.0363636	0.0181818
0.564706	0.0352941	0.364706	0.0352941
0.621622	0.0810811	0.135135	0.162162
0.25	0.0657895	0.644737	0.0394737
0.410072	0.129496	0.42446	0.0359712
0.56	0.04	0.04	0.36
0.757962	0.089172	0.0127389	0.140127
0.411765	0.235294	0.0588235	0.294118
0.486486	0.0540541	0.378378	0.0810811
0.0551724	0.0275862	0.896552	0.0206897
0.777778	0.0555556	0.0555556	0.111111
0.0833333	0.5	0.166667	0.25
0.208333	0.0416667	0.666667	0.0833333
0.474576	0.0508475	0.305085	0.169492
0.62	0.06	0.16	0.16
0.444444	0.166667	0.333333	0.0555556
0.424242	0.454545	0.0909091	0.030303
0.727273	0.0909091	0.0909091	0.0909091
0.75	0.0416667	0.125	0.0833333
0.409091	0.363636	0.0454545	0.181818
0.65	0.05	0.2	0.1
0.526316	0.315789	0.0394737	0.118421
0.472222	0.0277778	0.111111	0.388889
0.387755	0.102041	0.469388	0.0408163
0.380531	0.221239	0.327434	0.0707965
0.367521	0.444444	0.0940171	0.0940171
0.454545	0.181818	0.272727	0.0909091
0.75	0.015625	0.1875	0.046875
0.347826	0.326087	0.0434783	0.282609
0.645161	0.0645161	0.129032	0.16129
0.333333	0.289855	0.130435	0.246377
0.384615	0.461538	0.0769231	0.0769231
0.474359	0.423077	0.0897436	0.0128205
0.710526	0.210526	0.0263158	0.0526316
0.0289855	0.00483092	0.768116	0.198068
0.773196	0.0721649	0.0206186	0.134021
0.0588235	0.117647	0.705882	0.117647
0.2	0.05	0.7	0.05
0.352941	0.0588235	0.529412	0.0588235
0.529412	0.117647	0.0588235	0.294118
0.272727	0.181818	0.181818	0.363636
0.4	0.08	0.48	0.04
0.515152	0.151515	0.181818	0.151515
0.323944	0.028169	0.0704225	0.577465
0.427273	0.00909091	0.527273	0.0363636
0.636364	0.113636	0.159091	0.0909091
0.45283	0.0754717	0.264151	0.207547
0.2	0.2	0.4	0.2
0.545455	0.272727	0.145455	0.0363636
0.784314	0.0196078	0.176471	0.0196078
0.333333	0.0333333	0.333333	0.3
0.181818	0.0909091	0.636364	0.0909091
0.047619	0.0238095	0.904762	0.0238095
0.473684	0.263158	0.0526316	0.210526
0.680307	0.0179028	0.0460358	0.255754
0.533333	0.266667	0.133333	0.0666667
0.6	0.1	0.1	0.2
0.71875	0.03125	0.21875	0.03125
0.411765	0.235294	0.117647	0.235294
0.765306	0.0204082	0.0153061	0.19898
0.301887	0.113208	0.421384	0.163522
0.75	0.03125	0.15625	0.0625
0.42446	0.0431655	0.201439	0.330935
0.0714286	0.0142857	0.0142857	0.9
0.166667	0.166667	0.5	0.166667
0.204301	0.0107527	0.0107527	0.774194
0.380711	0.0152284	0.548223	0.0558376
0.205882	0.205882	0.323529	0.264706
0.797468	0.0886076	0.0506329	0.0632911
0.25	0.25	0.25	0.25
0.416667	0.416667	0.0833333	0.0833333
0.929577	0.0140845	0.0140845	0.0422535
0.569343	0.116788	0.0437956	0.270073
0.714286	0.047619	0.142857	0.0952381
0.222222	0.555556	0.166667	0.0555556
0.323529	0.102941	0.176471	0.397059
0.411765	0.411765	0.0588235	0.117647
0.56	0.04	0.28	0.12
0.695652	0.0434783	0.130435	0.130435
0.506494	0.0649351	0.272727	0.155844
0.681818	0.113636	0.0681818	0.136364
0.444444	0.148148	0.037037	0.37037
0.535714	0.0178571	0.357143	0.0892857
0.28	0.02	0.28	0.42
0.363636	0.151515	0.424242	0.0606061
0.133333	0.2	0.533333	0.133333
0.625	0.125	0.0625	0.1875
0.8	0.04	0.08	0.08
0.529412	0.176471	0.235294	0.0588235
0.25	0.25	0.25	0.25
0.25	0.21875	0.5	0.03125
0.441176	0.191176	0.176471	0.191176
0.163265	0.0204082	0.795918	0.0204082
0.674419	0.0930233	0.139535	0.0930233
0.453125	0.203125	0.28125	0.0625
0.882353	0.0392157	0.0196078	0.0588235
0.511628	0.0232558	0.0465116	0.418605
0.136364	0.136364	0.636364	0.0909091
0.540541	0.0540541	0.243243	0.162162
0.73913	0.130435	0.0434783	0.0869565
0.25974	0.038961	0.688312	0.012987
0.333333	0.111111	0.166667	0.388889
0.287671	0.150685	0.506849	0.0547945
0.423358	0.0510949	0.0218978	0.50365
0.45977	0.149425	0.252874	0.137931
0.407895	0.0657895	0.0131579	0.513158
0.451613	0.0322581	0.193548	0.322581
0.522727	0.0511364	0.0170455	0.409091
0.434783	0.0289855	0.0724638	0.463768
0.2	0.4	0.2	0.2
0.357143	0.0714286	0.428571	0.142857
0.25	0.25	0.25	0.25
0.610619	0.0176991	0.00884956	0.362832
0.876404	0.011236	0.0561798	0.0561798
0.709677	0.0322581	0.0645161	0.193548
0.587786	0.221374	0.0916031	0.0992366
0.833333	0.0238095	0.0119048	0.130952
0.205128	0.128205	0.641026	0.025641
0.540541	0.297297	0.027027	0.135135
0.0566038	0.0188679	0.830189	0.0943396
0.571429	0.047619	0.0714286	0.309524
0.253968	0.349206	0.142857	0.253968
0.7	0.025	0.025	0.25
0.05	0.05	0.1	0.8
0.131579	0.605263	0.0263158	0.236842
0.788194	0.00694444	0.0173611	0.1875
0.407407	0.148148	0.407407	0.037037
0.555556	0.133333	0.177778	0.133333
0.190476	0.190476	0.52381	0.0952381
0.294118	0.117647	0.529412	0.0588235
0.0882353	0.0294118	0.838235	0.0441176
0.0454545	0.0454545	0.863636	0.0454545
0.491349	0.0657439	0.0519031	0.391003
0.272727	0.181818	0.454545	0.0909091
0.274725	0.0549451	0.175824	0.494505
0.666667	0.0833333	0.166667	0.0833333
0.724138	0.206897	0.0344828	0.0344828
0.461538	0.153846	0.153846	0.230769
0.333333	0.0666667	0.533333	0.0666667
0.606557	0.0163934	0.344262	0.0327869
0.226667	0.186667	0.44	0.146667
0.256757	0.337838	0.135135	0.27027
0.840637	0.00398406	0.0239044	0.131474
0.0625	0.0267857	0.821429	0.0892857
0.461538	0.0769231	0.153846	0.307692
0.760234	0.0350877	0.0292398	0.175439
0.391304	0.0434783	0.478261	0.0869565
0.482759	0.0977011	0.0229885	0.396552
0.387097	0.0322581	0.451613	0.129032
0.269231	0.0192308	0.701923	0.00961538
0.173653	0.0538922	0.592814	0.179641
0.6	0.133333	0.0333333	0.233333
0.25	0.25	0.25	0.25
0.666667	0.0666667	0.2	0.0666667
0.4375	0.25	0.125	0.1875
0.845426	0.0126183	0.0252366	0.116719
0.0769231	0.0769231	0.769231	0.0769231
0.206897	0.586207	0.103448	0.103448
0.423729	0.0338983	0.440678	0.101695
0.275229	0.275229	0.229358	0.220183
0.584906	0.0471698	0.301887	0.0660377
0.4	0.0181818	0.0545455	0.527273
0.435897	0.025641	0.0512821	0.487179
0.434286	0.0285714	0.531429	0.00571429
0.166667	0.208333	0.583333	0.0416667
0.586957	0.0434783	0.0543478	0.315217
0.0588235	0.0588235	0.529412	0.352941
0.903226	0.0580645	0.0193548	0.0193548
0.34375	0.15625	0.46875	0.03125
0.354839	0.193548	0.322581	0.129032
0.300752	0.0075188	0.0150376	0.676692
0.695652	0.0434783	0.173913	0.0869565
0.25	0.25	0.25	0.25
0.571429	0.142857	0.0952381	0.190476
0.285714	0.142857	0.142857	0.428571
0.465116	0.209302	0.0465116	0.27907
0.450704	0.422535	0.0140845	0.112676
0.634259	0.0416667	0.0694444	0.25463
0.35	0.05	0.05	0.55
0.333333	0.0833333	0.541667	0.0416667
0.808824	0.0441176	0.0882353	0.0588235
0.133333	0.133333	0.666667	0.0666667
0.000574053	0.979908	0.0186567	0.000861079
0.138258	0.0227273	0.0208333	0.818182
0.208633	0.0359712	0.748201	0.00719424
0.482759	0.0172414	0.0689655	0.431034
0.357143	0.357143	0.214286	0.0714286
0.263158	0.526316	0.105263	0.105263
0.53125	0.03125	0.40625	0.03125
0.184211	0.0263158	0.763158	0.0263158
0.481481	0.037037	0.259259	0.222222
0.723404	0.0744681	0.0638298	0.138298
0.785714	0.0714286	0.0714286	0.0714286
0.362205	0.433071	0.181102	0.023622
0.464646	0.363636	0.030303	0.141414
0.0519481	0.00649351	0.935065	0.00649351
0.133333	0.133333	0.666667	0.0666667
0.545455	0.272727	0.0909091	0.0909091
0.125	0.25	0.125	0.5
0.0438596	0.0701754	0.850877	0.0350877
0.102041	0.0816327	0.142857	0.673469
0.764706	0.117647	0.0588235	0.0588235
0.1	0.0142857	0.114286	0.771429
0.661972	0.0140845	0.309859	0.0140845
0.0810811	0.00900901	0.198198	0.711712
0.238095	0.0238095	0.571429	0.166667
0.283582	0.0447761	0.0358209	0.635821
0.555556	0.166667	0.0555556	0.222222
0.1	0.2	0.6	0.1
0.20354	0.0707965	0.663717	0.0619469
0.636364	0.0909091	0.0909091	0.181818
0.0810056	0.0977654	0.790503	0.0307263
0.0594059	0.00618812	0.913366	0.0210396
0.384615	0.153846	0.153846	0.307692
0.727273	0.0454545	0.0909091	0.136364
0.705882	0.117647	0.0588235	0.117647
0.565217	0.291925	0.0434783	0.0993789
0.512397	0.0247934	0.438017	0.0247934
0.876923	0.0307692	0.0615385	0.0307692
0.76	0.08	0.12	0.04
0.534653	0.029703	0.207921	0.227723
0.305556	0.138889	0.5	0.0555556
0.405405	0.0540541	0.459459	0.0810811
0.347826	0.0869565	0.434783	0.130435
0.242424	0.454545	0.151515	0.151515
0.25	0.25	0.25	0.25
0.395062	0.271605	0.271605	0.0617284
0.52381	0.238095	0.214286	0.0238095
0.365385	0.461538	0.0384615	0.134615
0.00575816	0.0153551	0.0230326	0.955854
0.361111	0.0555556	0.5	0.0833333
0.769231	0.0384615	0.0384615	0.153846
0.15493	0.0140845	0.732394	0.0985915
0.103448	0.0689655	0.793103	0.0344828
0.27	0.0675	0.135	0.5275
0.047619	0.0952381	0.809524	0.047619
0.662338	0.025974	0.025974	0.285714
0.601852	0.222222	0.138889	0.037037
0.608247	0.298969	0.0309278	0.0618557
0.571429	0.0816327	0.326531	0.0204082
0.540541	0.405405	0.027027	0.027027
0.815789	0.0131579	0.144737	0.0263158
0.25	0.25	0.25	0.25
0.117647	0.0588235	0.764706	0.0588235
0.540541	0.162162	0.0810811	0.216216
0.537234	0.0212766	0.0531915	0.388298
0.342105	0.578947	0.0263158	0.0526316
0.25	0.25	0.25	0.25
0.714286	0.0952381	0.047619	0.142857
0.292683	0.158537	0.52439	0.0243902
0.492754	0.0289855	0.0289855	0.449275
0.433333	0.0333333	0.5	0.0333333
0.487179	0.0512821	0.25641	0.205128
0.6	0.1	0.2	0.1
0.277778	0.111111	0.555556	0.0555556
0.454545	0.0909091	0.181818	0.272727
0.104167	0.229167	0.625	0.0416667
0.388889	0.166667	0.277778	0.166667
0.666667	0.0238095	0.0238095	0.285714
0.375	0.025	0.4	0.2
0.261538	0.365385	0.173077	0.2
0.483871	0.0645161	0.419355	0.0322581
0.594595	0.027027	0.310811	0.0675676
0.0769231	0.192308	0.653846	0.0769231
0.5	0.0238095	0.321429	0.154762
0.571429	0.190476	0.047619	0.190476
0.538462	0.153846	0.230769	0.0769231
0.3125	0.625	0.0416667	0.0208333
0.473684	0.0526316	0.421053	0.0526316
0.428571	0.047619	0.428571	0.0952381
0.783133	0.156627	0.0361446	0.0240964
0.351852	0.0740741	0.222222	0.351852
0.0645161	0.322581	0.548387	0.0645161
0.288732	0.246479	0.260563	0.204225
0.166667	0.15	0.6	0.0833333
0.2	0.0333333	0.633333	0.133333
0.25	0.3	0.4	0.05
0.324324	0.243243	0.27027	0.162162
0.25	0.25	0.25	0.25
0.215385	0.0153846	0.753846	0.0153846
0.738095	0.0952381	0.0952381	0.0714286
0.465909	0.0113636	0.511364	0.0113636
0.467742	0.258065	0.0967742	0.177419
0.28	0.08	0.56	0.08
0.742574	0.0891089	0.049505	0.118812
0.134146	0.0243902	0.780488	0.0609756
0.56	0.08	0.32	0.04
0.181818	0.212121	0.30303	0.30303
0.416667	0.333333	0.138889	0.111111
0.5	0.25	0.0625	0.1875
0.125	0.0625	0.75	0.0625
0.375	0.0625	0.4375	0.125
0.615385	0.153846	0.0769231	0.153846
0.0576923	0.115385	0.807692	0.0192308
0.410853	0.0697674	0.503876	0.0155039
0.25	0.25	0.25	0.25
0.741935	0.129032	0.0322581	0.0967742
0.422535	0.0422535	0.422535	0.112676
0.755396	0.0251799	0.0107914	0.208633
0.4	0.04	0.04	0.52
0.357143	0.214286	0.0714286	0.357143
0.347826	0.217391	0.347826	0.0869565
0.341772	0.0126582	0.0759494	0.56962
0.314286	0.0571429	0.571429	0.0571429
0.37931	0.137931	0.103448	0.37931
0.296296	0.407407	0.111111	0.185185
0.462012	0.119097	0.0882957	0.330595
0.25	0.05	0.1	0.6
0.6	0.1	0.2	0.1
0.417219	0.013245	0.562914	0.00662252
0.260163	0.0894309	0.609756	0.0406504
0.169208	0.0167241	0.0408264	0.773242
0.609756	0.292683	0.0243902	0.0731707
0.321429	0.0357143	0.607143	0.0357143
0.180602	0.0334448	0.655518	0.130435
0.216667	0.0166667	0.716667	0.05
0.434783	0.0869565	0.304348	0.173913
0.859375	0.03125	0.03125	0.078125
0.830189	0.0188679	0.132075	0.0188679
0.756477	0.00518135	0.0518135	0.186528
0.782609	0.0652174	0.108696	0.0434783
0.346154	0.115385	0.307692	0.230769
0.137363	0.0137363	0.032967	0.815934
0.388889	0.555556	0.0277778	0.0277778
0.674419	0.0116279	0.0116279	0.302326
0.416667	0.0277778	0.527778	0.0277778
0.19708	0.0218978	0.160584	0.620438
0.59375	0.0625	0.03125	0.3125
0.764706	0.0588235	0.117647	0.0588235
0.744186	0.139535	0.0775194	0.0387597
0.344828	0.0689655	0.551724	0.0344828
0.304348	0.26087	0.347826	0.0869565
0.59322	0.20339	0.0169492	0.186441
0.306122	0.336735	0.285714	0.0714286
0.362069	0.0344828	0.5	0.103448
0.276923	0.0769231	0.615385	0.0307692
0.333333	0.037037	0.592593	0.037037
0.26	0.04	0.68	0.02
0.372093	0.581395	0.0232558	0.0232558
0.375	0.25	0.25	0.125
0.411765	0.470588	0.0882353	0.0294118
0.295833	0.025	0.0125	0.666667
0.835846	0.0217755	0.040201	0.102178
0.615385	0.0769231	0.269231	0.0384615
0.342105	0.0131579	0.0394737	0.605263
0.692308	0.153846	0.0769231	0.0769231
0.209677	0.016129	0.758065	0.016129
0.658228	0.021097	0.257384	0.0632911
0.466667	0.0888889	0.133333	0.311111
0.321429	0.107143	0.535714	0.0357143
0.142857	0.142857	0.5	0.214286
0.857143	0.0571429	0.0285714	0.0571429
0.161931	0.0166892	0.739738	0.0816419
0.2	0.4	0.2	0.2
0.422886	0.134328	0.0298507	0.412935
0.5	0.2	0.2	0.1
0.0861009	0.0885609	0.105781	0.719557
0.54661	0.00423729	0.0105932	0.438559
0.148148	0.740741	0.037037	0.0740741
0.315789	0.0131579	0.0263158	0.644737
0.252437	0.0867446	0.54191	0.118908
0.828571	0.0285714	0.0857143	0.0571429
0.352941	0.176471	0.352941	0.117647
0.740741	0.037037	0.037037	0.185185
0.571429	0.0714286	0.0714286	0.285714
0.633333	0.0111111	0.333333	0.0222222
0.322581	0.0645161	0.483871	0.129032
0.292683	0.0243902	0.512195	0.170732
0.54717	0.0188679	0.113208	0.320755
0.366667	0.0333333	0.0333333	0.566667
0.553846	0.353846	0.0615385	0.0307692
0.684211	0.0526316	0.105263	0.157895
0.718519	0.0518519	0.0888889	0.140741
0.4	0.05	0.5	0.05
0.242424	0.030303	0.69697	0.030303
0.142857	0.0357143	0.571429	0.25
0.583333	0.0277778	0.361111	0.0277778
0.772727	0.0454545	0.0909091	0.0909091
0.833333	0.0555556	0.0555556	0.0555556
0.25	0.0833333	0.5	0.166667
0.137255	0.0980392	0.686275	0.0784314
0.25	0.25	0.25	0.25
0.454545	0.0454545	0.484848	0.0151515
0.326923	0.115385	0.384615	0.173077
0.466667	0.0666667	0.4	0.0666667
0.0810811	0.0810811	0.675676	0.162162
0.445	0.005	0.04	0.51
0.363636	0.0340909	0.534091	0.0681818
0.1875	0.1875	0.5625	0.0625
0.271186	0.355932	0.338983	0.0338983
0.8125	0.09375	0.0625	0.03125
0.488889	0.155556	0.0222222	0.333333
0.469388	0.265306	0.142857	0.122449
0.632075	0.0377358	0.103774	0.226415
0.461538	0.153846	0.346154	0.0384615
0.25	0.25	0.25	0.25
0.360577	0.0192308	0.528846	0.0913462
0.488889	0.0666667	0.0888889	0.355556
0.722222	0.111111	0.0555556	0.111111
0.733333	0.0666667	0.111111	0.0888889
0.631579	0.105263	0.105263	0.157895
0.515152	0.121212	0.181818	0.181818
0.633333	0.3	0.0333333	0.0333333
0.611111	0.0555556	0.166667	0.166667
0.4	0.133333	0.333333	0.133333
0.171875	0.46875	0.296875	0.0625
0.789474	0.0526316	0.0526316	0.105263
0.314421	0.0118203	0.0283688	0.64539
0.559524	0.0119048	0.0833333	0.345238
0.485714	0.171429	0.285714	0.0571429
0.888889	0.037037	0.037037	0.037037
0.104167	0.0625	0.75	0.0833333
0.418605	0.0348837	0.511628	0.0348837
0.277778	0.444444	0.166667	0.111111
0.272727	0.181818	0.5	0.0454545
0.384615	0.115385	0.269231	0.230769
0.428571	0.0714286	0.464286	0.0357143
0.269231	0.0384615	0.461538	0.230769
0.644068	0.254237	0.0508475	0.0508475
0.107143	0.714286	0.107143	0.0714286
0.428571	0.142857	0.142857	0.285714
0.246753	0.0519481	0.012987	0.688312
0.317073	0.0853659	0.463415	0.134146
0.6875	0.0625	0.166667	0.0833333
0.444444	0.111111	0.111111	0.333333
0.218182	0.00909091	0.754545	0.0181818
0.479167	0.333333	0.125	0.0625
0.263158	0.210526	0.0526316	0.473684
0.909091	0.030303	0.030303	0.030303
0.636364	0.0727273	0.218182	0.0727273
0.123596	0.0898876	0.668539	0.117978
0.09375	0.25	0.625	0.03125
0.614286	0.0571429	0.0142857	0.314286
0.344828	0.137931	0.137931	0.37931
0.597701	0.0804598	0.0229885	0.298851
0.682171	0.116279	0.142119	0.0594315
0.111111	0.037037	0.703704	0.148148
0.222222	0.222222	0.444444	0.111111
0.5	0.0961538	0.134615	0.269231
0.0952381	0.047619	0.809524	0.047619
0.533333	0.233333	0.1	0.133333
0.5	0.2	0.2	0.1
0.551724	0.321839	0.103448	0.0229885
0.125	0.0719178	0.0496575	0.753425
0.477273	0.136364	0.340909	0.0454545
0.444444	0.222222	0.111111	0.222222
0.769231	0.0512821	0.0512821	0.128205
0.318182	0.454545	0.181818	0.0454545
0.314286	0.0142857	0.614286	0.0571429
0.285714	0.214286	0.285714	0.214286
0.1	0.1	0.7	0.1
0.457143	0.285714	0.171429	0.0857143
0.333333	0.142857	0.5	0.0238095
0.5	0.25	0.1875	0.0625
0.826087	0.0434783	0.0434783	0.0869565
0.392523	0.0280374	0.551402	0.0280374
0.268585	0.0143885	0.00719424	0.709832
0.6	0.0666667	0.133333	0.2
0.26087	0.0434783	0.652174	0.0434783
0.111111	0.010101	0.808081	0.0707071
0.885714	0.0285714	0.0285714	0.0571429
0.522727	0.0454545	0.363636	0.0681818
0.0555556	0.00925926	0.0462963	0.888889
0.434783	0.0434783	0.0652174	0.456522
0.311475	0.557377	0.0655738	0.0655738
0.504505	0.234234	0.234234	0.027027
0.45	0.1	0.4	0.05
0.448819	0.0551181	0.0433071	0.452756
0.231707	0.0396341	0.0487805	0.679878
0.418919	0.459459	0.027027	0.0945946
0.375	0.125	0.375	0.125
0.377522	0.45245	0.0662824	0.103746
0.0481928	0.0843373	0.807229	0.060241
0.23494	0.0180723	0.0301205	0.716867
0.301251	0.021751	0.615008	0.0619902
0.752874	0.109195	0.0574713	0.0804598
0.189189	0.0540541	0.702703	0.0540541
0.590909	0.295455	0.0681818	0.0454545
0.222222	0.222222	0.444444	0.111111
0.34	0.56	0.04	0.06
0.25	0.25	0.25	0.25
0.424658	0.0273973	0.0136986	0.534247
0.285714	0.047619	0.619048	0.047619
0.5	0.125	0.0625	0.3125
0.22449	0.0918367	0.663265	0.0204082
0.882682	0.0558659	0.0558659	0.00558659
0.344828	0.0862069	0.551724	0.0172414
0.454545	0.181818	0.272727	0.0909091
0.166667	0.166667	0.166667	0.5
0.72093	0.0697674	0.116279	0.0930233
0.45	0.05	0.1	0.4
0.05	0.05	0.8	0.1
0.25	0.25	0.25	0.25
0.285714	0.285714	0.285714	0.142857
0.108108	0.162162	0.0810811	0.648649
0.711538	0.230769	0.0384615	0.0192308
0.5625	0.0625	0.3125	0.0625
0.25	0.25	0.25	0.25
0.285714	0.5	0.0714286	0.142857
0.428571	0.142857	0.142857	0.285714
0.323944	0.0704225	0.211268	0.394366
0.333333	0.0833333	0.0416667	0.541667
0.0833333	0.0833333	0.416667	0.416667
0.73913	0.188406	0.0289855	0.0434783
0.395833	0.0416667	0.0833333	0.479167
0.359375	0.046875	0.53125	0.0625
0.883333	0.0833333	0.0166667	0.0166667
0.4	0.0666667	0.2	0.333333
0.25	0.25	0.25	0.25
0.692308	0.0307692	0.0769231	0.2
0.470588	0.205882	0.117647	0.205882
0.585366	0.0243902	0.097561	0.292683
0.225	0.0875	0.2125	0.475
0.257143	0.185714	0.442857	0.114286
0.428571	0.047619	0.380952	0.142857
0.714286	0.190476	0.047619	0.047619
0.333333	0.516667	0.05	0.1
0.0985915	0.0140845	0.774648	0.112676
0.0322581	0.387097	0.516129	0.0645161
0.942529	0.0114943	0.0344828	0.0114943
0.463768	0.42029	0.0289855	0.0869565
0.333333	0.0666667	0.466667	0.133333
0.611111	0.0555556	0.0555556	0.277778
0.2	0.4	0.2	0.2
0.6	0.0666667	0.2	0.133333
0.242424	0.0606061	0.636364	0.0606061
0.333333	0.466667	0.133333	0.0666667
0.333333	0.111111	0.333333	0.222222
0.47619	0.0238095	0.452381	0.047619
0.541667	0.0833333	0.208333	0.166667
0.384615	0.0769231	0.230769	0.307692
0.678571	0.107143	0.0357143	0.178571
0.41129	0.0403226	0.5	0.0483871
0.333333	0.466667	0.133333	0.0666667
0.427273	0.518182	0.0272727	0.0272727
0.291667	0.458333	0.166667	0.0833333
0.285714	0.114286	0.571429	0.0285714
0.59854	0.00729927	0.291971	0.10219
0.5	0.2	0.2	0.1
0.383333	0.0333333	0.5	0.0833333
0.461538	0.0384615	0.480769	0.0192308
0.3	0.1	0.1	0.5
0.398148	0.12963	0.444444	0.0277778
0.235294	0.0588235	0.529412	0.176471
0.285714	0.142857	0.428571	0.142857
0.5	0.166667	0.166667	0.166667
0.444444	0.111111	0.222222	0.222222
0.645833	0.0625	0.104167	0.1875
0.5	0.2	0.15	0.15
0.222222	0.111111	0.277778	0.388889
0.297872	0.0638298	0.617021	0.0212766
0.3	0.1	0.55	0.05
0.473684	0.0526316	0.315789	0.157895
0.891892	0.0135135	0.027027	0.0675676
0.333333	0.111111	0.481481	0.0740741
0.674419	0.139535	0.174419	0.0116279
0.418605	0.209302	0.0232558	0.348837
0.398907	0.0327869	0.00546448	0.562842
0.632911	0.189873	0.113924	0.0632911
0.459459	0.027027	0.216216	0.297297
0.195122	0.0487805	0.731707	0.0243902
0.376168	0.0373832	0.0350467	0.551402
0.333333	0.0555556	0.222222	0.388889
0.288462	0.0192308	0.673077	0.0192308
0.574468	0.191489	0.148936	0.0851064
0.773305	0.0444915	0.0699153	0.112288
0.416667	0.375	0.0833333	0.125
0.347826	0.0434783	0.565217	0.0434783
0.133333	0.0666667	0.633333	0.166667
0.527778	0.0555556	0.222222	0.194444
0.117647	0.176471	0.647059	0.0588235
0.285714	0.047619	0.619048	0.047619
0.315068	0.109589	0.520548	0.0547945
0.339623	0.0754717	0.566038	0.0188679
0.494253	0.0689655	0.0229885	0.413793
0.53211	0.00917431	0.412844	0.0458716
0.38	0.02	0.56	0.04
0.222826	0.00543478	0.00543478	0.766304
0.813333	0.0266667	0.146667	0.0133333
0.25	0.25	0.25	0.25
0.55	0.292857	0.00714286	0.15
0.44	0.0133333	0.08	0.466667
0.545455	0.181818	0.0909091	0.181818
0.421053	0.0175439	0.0350877	0.526316
0.661538	0.0153846	0.0153846	0.307692
0.577465	0.267606	0.0140845	0.140845
0.390625	0.015625	0.03125	0.5625
0.61157	0.0826446	0.0991736	0.206612
0.6	0.15	0.15	0.1
0.125	0.25	0.4375	0.1875
0.426667	0.226667	0.0533333	0.293333
0.297297	0.0810811	0.567568	0.0540541
0.333333	0.0416667	0.0416667	0.583333
0.574144	0.258555	0.0456274	0.121673
0.225806	0.709677	0.0322581	0.0322581
0.388889	0.0138889	0.583333	0.0138889
0.5625	0.09375	0.03125	0.3125
0.548387	0.193548	0.225806	0.0322581
0.2	0.04	0.72	0.04
0.3125	0.03125	0.4375	0.21875
0.532258	0.0483871	0.016129	0.403226
0.5	0.0833333	0.25	0.166667
0.340909	0.431818	0.136364	0.0909091
0.876712	0.0821918	0.0136986	0.0273973
0.1	0.1	0.6	0.2
0.333333	0.047619	0.571429	0.047619
0.555556	0.222222	0.111111	0.111111
0.666667	0.285714	0.0238095	0.0238095
0.3125	0.3125	0.25	0.125
0.691176	0.0294118	0.102941	0.176471
0.0580431	0.0121614	0.908237	0.0215589
0.694444	0.138889	0.138889	0.0277778
0.191489	0.659574	0.0425532	0.106383
0.6875	0.0625	0.0625	0.1875
0.160714	0.0178571	0.678571	0.142857
0.395349	0.255814	0.209302	0.139535
0.12	0.2	0.66	0.02
0.364865	0.418919	0.121622	0.0945946
0.264706	0.0588235	0.617647	0.0588235
0.438596	0.0136452	0.0487329	0.499025
0.375	0.375	0.1875	0.0625
0.605263	0.105263	0.210526	0.0789474
0.25	0.25	0.25	0.25
0.25	0.25	0.25	0.25
0.634615	0.167582	0.0851648	0.112637
0.0526316	0.505263	0.421053	0.0210526
0.6875	0.1875	0.0625	0.0625
0.00854701	0.962393	0.025641	0.0034188
0.166667	0.433333	0.266667	0.133333
0.189189	0.0675676	0.702703	0.0405405
0.480769	0.0192308	0.480769	0.0192308
0.642857	0.142857	0.142857	0.0714286
0.2	0.0333333	0.733333	0.0333333
0.285714	0.285714	0.285714	0.142857
0.3	0.1	0.475	0.125
0.472222	0.222222	0.277778	0.0277778
0.454545	0.0909091	0.0909091	0.363636
0.470588	0.0588235	0.411765	0.0588235
0.185185	0.111111	0.666667	0.037037
0.685714	0.0857143	0.1875	0.0410714
0.230769	0.153846	0.5	0.115385
0.808511	0.0212766	0.0638298	0.106383
0.777778	0.111111	0.0555556	0.0555556
0.25	0.25	0.25	0.25
0.75	0.0625	0.03125	0.15625
0.619048	0.0952381	0.0952381	0.190476
0.1875	0.25	0.3125	0.25
0.625	0.125	0.125	0.125
0.551724	0.0344828	0.275862	0.137931
0.328571	0.0571429	0.0714286	0.542857
0.277778	0.0555556	0.5	0.166667
0.531915	0.148936	0.212766	0.106383
0.53125	0.28125	0.0625	0.125
0.153153	0.015444	0.039897	0.791506
0.296296	0.0462963	0.537037	0.12037
0.5	0.0571429	0.428571	0.0142857
0.315789	0.0526316	0.526316	0.105263
0.1375	0.05	0.7875	0.025
0.344262	0.0655738	0.57377	0.0163934
0.434783	0.0248447	0.465839	0.0745342
0.595238	0.0238095	0.261905	0.119048
0.392523	0.0280374	0.0373832	0.542056
0.0909091	0.0909091	0.727273	0.0909091
0.2	0.4	0.2	0.2
0.782609	0.0869565	0.0869565	0.0434783
0.611111	0.166667	0.166667	0.0555556
0.261146	0.044586	0.56051	0.133758
0.25	0.25	0.25	0.25
0.25	0.25	0.25	0.25
0.380952	0.047619	0.52381	0.047619
0.6	0.06	0.3	0.04
0.185679	0.0399667	0.0374688	0.736886
0.6	0.1	0.1	0.2
0.0555556	0.0555556	0.777778	0.111111
0.275862	0.551724	0.137931	0.0344828
0.136364	0.0909091	0.681818	0.0909091
0.300971	0.378641	0.106796	0.213592
0.25	0.25	0.25	0.25
0.114286	0.228571	0.457143	0.2
0.793893	0.0839695	0.0381679	0.0839695
0.815385	0.0307692	0.123077	0.0307692
0.4	0.02	0.52	0.06
0.473684	0.0526316	0.105263	0.368421
0.25	0.6875	0.0416667	0.0208333
0.576271	0.288136	0.0169492	0.118644
0.738095	0.0238095	0.214286	0.0238095
0.428571	0.142857	0.142857	0.285714
0.294118	0.117647	0.529412	0.0588235
0.411765	0.176471	0.352941	0.0588235
0.357143	0.119048	0.452381	0.0714286
0.873817	0.022082	0.0315457	0.0725552
0.470588	0.117647	0.0588235	0.352941
0.333333	0.166667	0.166667	0.333333
0.296296	0.111111	0.333333	0.259259
0.25	0.0416667	0.666667	0.0416667
0.2	0.0111111	0.0666667	0.722222
