0.0222222	0.177778	0.111111	0.244444	0.0888889	0.0222222	0.266667	0.0666667
0.0357143	0.0357143	0.178571	0.178571	0.0714286	0.178571	0.285714	0.0357143
0.0176678	0.0353357	0.116608	0.590106	0.0424028	0.0459364	0.024735	0.127208
0.037037	0.0740741	0.222222	0.0740741	0.037037	0.0740741	0.444444	0.037037
0.015748	0.0314961	0.0472441	0.204724	0.173228	0.165354	0.023622	0.338583
0.047619	0.142857	0.047619	0.047619	0.142857	0.190476	0.142857	0.238095
0.0357143	0.0357143	0.0357143	0.0357143	0.0357143	0.0714286	0.714286	0.0357143
0.125	0.125	0.125	0.125	0.125	0.125	0.125	0.125
0.0344828	0.0344828	0.0344828	0.0862069	0.206897	0.0172414	0.482759	0.103448
0.09375	0.0625	0.015625	0.1875	0.34375	0.109375	0.078125	0.109375
0.0192308	0.0384615	0.0192308	0.134615	0.0769231	0.173077	0.519231	0.0192308
0.0857143	0.342857	0.228571	0.142857	0.114286	0.0285714	0.0285714	0.0285714
0.0322581	0.0107527	0.0215054	0.225806	0.11828	0.107527	0.473118	0.0107527
0.0153846	0.0307692	0.0461538	0.0923077	0.153846	0.476923	0.107692	0.0769231
0.0177936	0.0711744	0.163701	0.224199	0.284698	0.16726	0.0284698	0.0427046
0.0138889	0.0555556	0.0902778	0.0208333	0.138889	0.0416667	0.631944	0.00694444
0.0869565	0.0869565	0.0434783	0.0434783	0.0434783	0.0434783	0.565217	0.0869565
0.0392157	0.0980392	0.0392157	0.0980392	0.0196078	0.0784314	0.568627	0.0588235
0.0217391	0.586957	0.0217391	0.0869565	0.0434783	0.108696	0.108696	0.0217391
0.0136986	0.136986	0.0547945	0.0684932	0.246575	0.0410959	0.410959	0.0273973
0.016129	0.0322581	0.016129	0.33871	0.0645161	0.129032	0.016129	0.387097
0.0204082	0.0204082	0.469388	0.0612245	0.244898	0.0612245	0.0408163	0.0816327
0.0196078	0.0392157	0.0196078	0.294118	0.0980392	0.490196	0.0196078	0.0196078
0.111111	0.111111	0.222222	0.111111	0.111111	0.111111	0.111111	0.111111
0.0208333	0.0208333	0.0208333	0.208333	0.5	0.125	0.0416667	0.0625
0.0769231	0.153846	0.0769231	0.153846	0.0384615	0.230769	0.0384615	0.230769
0.12	0.08	0.08	0.28	0.32	0.04	0.04	0.04
0.428571	0.0714286	0.142857	0.0714286	0.0714286	0.0714286	0.0714286	0.0714286
0.0555556	0.111111	0.0555556	0.277778	0.166667	0.0555556	0.0555556	0.222222
0.00408719	0.0190736	0.0177112	0.0245232	0.0367847	0.0013624	0.00544959	0.891008
0.03125	0.03125	0.09375	0.1875	0.0625	0.21875	0.34375	0.03125
0.0333333	0.0333333	0.0666667	0.666667	0.0333333	0.1	0.0333333	0.0333333
0.0645161	0.241935	0.0806452	0.145161	0.0322581	0.0483871	0.290323	0.0967742
0.125	0.125	0.09375	0.265625	0.09375	0.265625	0.015625	0.015625
0.0357143	0.169643	0.125	0.348214	0.142857	0.142857	0.00892857	0.0267857
0.0110497	0.0165746	0.0165746	0.038674	0.121547	0.176796	0.00552486	0.61326
0.263158	0.0526316	0.0526316	0.0526316	0.105263	0.0526316	0.368421	0.0526316
0.0344828	0.103448	0.0689655	0.137931	0.103448	0.0689655	0.448276	0.0344828
0.106061	0.166667	0.19697	0.212121	0.0606061	0.181818	0.0606061	0.0151515
0.00555556	0.05	0.694444	0.133333	0.00833333	0.0166667	0.0805556	0.0111111
0.0217391	0.0543478	0.076087	0.119565	0.326087	0.293478	0.0217391	0.0869565
0.0215054	0.0430108	0.0215054	0.225806	0.27957	0.225806	0.0537634	0.129032
0.047619	0.238095	0.0952381	0.238095	0.047619	0.0952381	0.047619	0.190476
0.0289855	0.391304	0.0434783	0.333333	0.115942	0.0289855	0.0434783	0.0144928
0.00737101	0.044226	0.036855	0.144963	0.0614251	0.538084	0.04914	0.117936
0.811224	0.00510204	0.0408163	0.00510204	0.00510204	0.0306122	0.00510204	0.0969388
0.0277778	0.194444	0.0555556	0.111111	0.388889	0.111111	0.0277778	0.0833333
0.0122699	0.0429448	0.576687	0.141104	0.0920245	0.0306748	0.0674847	0.0368098
0.027027	0.0540541	0.0540541	0.486486	0.108108	0.0810811	0.027027	0.162162
0.689516	0.0564516	0.0120968	0.0967742	0.104839	0.0120968	0.00806452	0.0201613
0.384615	0.0384615	0.0769231	0.115385	0.230769	0.0769231	0.0192308	0.0576923
0.030303	0.030303	0.030303	0.0909091	0.0909091	0.030303	0.666667	0.030303
0.0362903	0.00806452	0.0645161	0.137097	0.580645	0.00403226	0.16129	0.00806452
0.0215054	0.0107527	0.0752688	0.0537634	0.0645161	0.0107527	0.752688	0.0107527
0.518519	0.111111	0.037037	0.037037	0.0740741	0.037037	0.037037	0.148148
0.162791	0.0232558	0.186047	0.139535	0.0232558	0.0697674	0.0930233	0.302326
0.0263158	0.0263158	0.0131579	0.381579	0.210526	0.144737	0.0263158	0.171053
0.0140845	0.0704225	0.028169	0.028169	0.112676	0.309859	0.0985915	0.338028
0.142857	0.107143	0.0357143	0.107143	0.0714286	0.214286	0.285714	0.0357143
0.0444444	0.422222	0.0222222	0.177778	0.177778	0.111111	0.0222222	0.0222222
0.0344828	0.0689655	0.0344828	0.103448	0.655172	0.0344828	0.0344828	0.0344828
0.0196078	0.0980392	0.0196078	0.235294	0.294118	0.235294	0.0196078	0.0784314
0.0222222	0.0222222	0.266667	0.111111	0.0888889	0.0888889	0.266667	0.133333
0.00980392	0.617647	0.00980392	0.22549	0.0686275	0.0196078	0.0392157	0.00980392
0.0444444	0.0666667	0.155556	0.244444	0.0888889	0.155556	0.222222	0.0222222
0.0833333	0.388889	0.0555556	0.25	0.111111	0.0277778	0.0277778	0.0555556
0.0416667	0.0416667	0.166667	0.0625	0.145833	0.0416667	0.458333	0.0416667
0.0540541	0.108108	0.108108	0.162162	0.027027	0.0540541	0.405405	0.0810811
0.213333	0.0133333	0.04	0.213333	0.08	0.293333	0.0666667	0.08
0.102041	0.0408163	0.0816327	0.102041	0.0612245	0.530612	0.0612245	0.0204082
0.0344828	0.0344828	0.172414	0.103448	0.206897	0.0344828	0.37931	0.0344828
0.0588235	0.0588235	0.176471	0.117647	0.176471	0.0588235	0.176471	0.176471
0.318182	0.0454545	0.136364	0.0454545	0.0909091	0.227273	0.0909091	0.0454545
0.307692	0.0769231	0.0384615	0.153846	0.0384615	0.0384615	0.230769	0.115385
0.0123457	0.00617284	0.0246914	0.12963	0.166667	0.166667	0.00617284	0.487654
0.607143	0.0357143	0.0178571	0.0535714	0.232143	0.0178571	0.0178571	0.0178571
0.0833333	0.0166667	0.05	0.1	0.6	0.0833333	0.05	0.0166667
0.0416667	0.0833333	0.0416667	0.208333	0.166667	0.0833333	0.291667	0.0833333
0.030303	0.0909091	0.0454545	0.287879	0.19697	0.030303	0.0151515	0.30303
0.0434783	0.304348	0.0434783	0.0434783	0.0869565	0.0869565	0.130435	0.26087
0.117647	0.235294	0.0588235	0.117647	0.176471	0.117647	0.117647	0.0588235
0.0638298	0.0638298	0.0638298	0.0851064	0.446809	0.234043	0.0212766	0.0212766
0.179104	0.119403	0.0895522	0.179104	0.0597015	0.164179	0.149254	0.0597015
0.216216	0.027027	0.135135	0.162162	0.243243	0.108108	0.0540541	0.0540541
0.0833333	0.166667	0.0833333	0.0833333	0.166667	0.0833333	0.0833333	0.25
0.125	0.125	0.125	0.125	0.125	0.125	0.125	0.125
0.117647	0.0588235	0.117647	0.0588235	0.352941	0.117647	0.117647	0.0588235
0.125	0.125	0.125	0.125	0.125	0.125	0.125	0.125
0.0227273	0.0227273	0.25	0.204545	0.113636	0.0454545	0.25	0.0909091
0.0222222	0.0222222	0.0888889	0.111111	0.222222	0.222222	0.288889	0.0222222
0.0357143	0.178571	0.0714286	0.25	0.25	0.0357143	0.142857	0.0357143
0.00851064	0.0340426	0.00851064	0.2	0.0638298	0.170213	0.0340426	0.480851
0.328125	0.015625	0.015625	0.296875	0.265625	0.03125	0.03125	0.015625
0.0232558	0.209302	0.0232558	0.348837	0.162791	0.139535	0.0465116	0.0465116
0.104167	0.0208333	0.0833333	0.0625	0.145833	0.0208333	0.541667	0.0208333
0.010101	0.010101	0.020202	0.040404	0.171717	0.010101	0.010101	0.727273
0.363636	0.0909091	0.181818	0.0454545	0.136364	0.0909091	0.0454545	0.0454545
0.00763359	0.0610687	0.00763359	0.183206	0.0381679	0.152672	0.0152672	0.534351
0.0666667	0.266667	0.133333	0.0666667	0.0666667	0.0666667	0.133333	0.2
0.2	0.1	0.05	0.1	0.15	0.1	0.25	0.05
0.125	0.0625	0.0625	0.1875	0.3125	0.125	0.0625	0.0625
0.36	0.0133333	0.0133333	0.443333	0.113333	0.0333333	0.0166667	0.00666667
0.0131718	0.0416228	0.136459	0.0958904	0.0848261	0.0142255	0.605901	0.00790306
0.0625	0.0625	0.125	0.0625	0.3125	0.125	0.1875	0.0625
0.00826446	0.0413223	0.0165289	0.280992	0.14876	0.438017	0.0495868	0.0165289
0.037037	0.0185185	0.0555556	0.0555556	0.648148	0.111111	0.0185185	0.0555556
0.00656455	0.0350109	0.223195	0.140044	0.0437637	0.0940919	0.448578	0.00875274
0.166667	0.166667	0.0555556	0.0555556	0.277778	0.0555556	0.0555556	0.166667
0.000230203	0.0287753	0.00575506	0.0773481	0.716851	0.0448895	0.00621547	0.119936
0.0645161	0.16129	0.0967742	0.0322581	0.354839	0.0967742	0.129032	0.0645161
0.0294118	0.0588235	0.294118	0.0882353	0.147059	0.205882	0.0588235	0.117647
0.0740741	0.111111	0.111111	0.111111	0.296296	0.222222	0.037037	0.037037
0.0294118	0.0117647	0.00588235	0.3	0.0941176	0.1	0.0176471	0.441176
0.0169492	0.135593	0.0508475	0.254237	0.0338983	0.0677966	0.423729	0.0169492
0.0857143	0.0857143	0.0285714	0.0857143	0.0571429	0.0571429	0.542857	0.0571429
0.12	0.04	0.04	0.04	0.08	0.04	0.56	0.08
0.205128	0.128205	0.487179	0.025641	0.025641	0.0769231	0.025641	0.025641
0.0384615	0.0384615	0.0769231	0.192308	0.230769	0.153846	0.0384615	0.230769
0.0136054	0.14966	0.0340136	0.122449	0.00680272	0.136054	0.00680272	0.530612
0.0512821	0.0512821	0.0512821	0.102564	0.333333	0.0769231	0.230769	0.102564
0.0652174	0.0652174	0.0652174	0.0869565	0.565217	0.108696	0.0217391	0.0217391
0.00529101	0.0687831	0.0529101	0.222222	0.539683	0.00529101	0.0952381	0.010582
0.046875	0.03125	0.015625	0.265625	0.015625	0.046875	0.546875	0.03125
0.337838	0.0810811	0.0135135	0.135135	0.175676	0.108108	0.0540541	0.0945946
0.0344828	0.344828	0.0344828	0.103448	0.275862	0.103448	0.0689655	0.0344828
0.00869565	0.310145	0.295652	0.176812	0.0405797	0.0202899	0.0869565	0.0608696
0.00757576	0.0151515	0.0681818	0.242424	0.0606061	0.0151515	0.583333	0.00757576
0.0164534	0.0658135	0.00914077	0.113346	0.561243	0.0438757	0.0274223	0.162706
0.05	0.1	0.05	0.05	0.1	0.05	0.55	0.05
0.00854701	0.00854701	0.0598291	0.136752	0.641026	0.025641	0.111111	0.00854701
0.215686	0.0392157	0.117647	0.0196078	0.411765	0.0784314	0.0784314	0.0392157
0.0416667	0.0416667	0.0416667	0.166667	0.1875	0.0416667	0.458333	0.0208333
0.00884956	0.0442478	0.0442478	0.327434	0.185841	0.150442	0.00884956	0.230088
0.0306122	0.0255102	0.0459184	0.142857	0.668367	0.0510204	0.0306122	0.00510204
0.131579	0.0526316	0.0263158	0.342105	0.131579	0.184211	0.0789474	0.0526316
0.0338983	0.0677966	0.0677966	0.237288	0.440678	0.0169492	0.118644	0.0169492
0.1	0.166667	0.0666667	0.0666667	0.3	0.0666667	0.0333333	0.2
0.00487805	0.0487805	0.834146	0.0536585	0.0146341	0.0243902	0.0146341	0.00487805
0.0204082	0.0612245	0.0408163	0.285714	0.102041	0.204082	0.0204082	0.265306
0.333333	0.0833333	0.0833333	0.0833333	0.0833333	0.166667	0.0833333	0.0833333
0.00689655	0.0689655	0.0275862	0.551724	0.0689655	0.17931	0.0413793	0.0551724
0.027027	0.027027	0.0810811	0.135135	0.027027	0.108108	0.567568	0.027027
0.125	0.125	0.125	0.125	0.125	0.125	0.125	0.125
0.0454545	0.0454545	0.0909091	0.0909091	0.0454545	0.0454545	0.454545	0.181818
0.0833333	0.166667	0.0833333	0.166667	0.0833333	0.166667	0.0833333	0.166667
0.1	0.1	0.3	0.1	0.1	0.1	0.1	0.1
0.0357143	0.0357143	0.107143	0.357143	0.0357143	0.0714286	0.321429	0.0357143
0.0454545	0.0454545	0.136364	0.0454545	0.0909091	0.227273	0.363636	0.0454545
0.119048	0.0238095	0.166667	0.261905	0.285714	0.047619	0.047619	0.047619
0.0123457	0.37037	0.0246914	0.382716	0.0123457	0.148148	0.0246914	0.0246914
0.00813008	0.00813008	0.211382	0.495935	0.0894309	0.0569106	0.097561	0.0325203
0.00588235	0.0117647	0.00588235	0.220588	0.123529	0.108824	0.0117647	0.511765
0.027027	0.027027	0.027027	0.0540541	0.027027	0.0810811	0.702703	0.0540541
0.00854701	0.025641	0.00854701	0.282051	0.555556	0.0598291	0.025641	0.034188
0.0588235	0.0588235	0.0588235	0.176471	0.352941	0.176471	0.0588235	0.0588235
0.0454545	0.0454545	0.0454545	0.0909091	0.0909091	0.0909091	0.545455	0.0454545
0.0434783	0.0869565	0.0869565	0.26087	0.347826	0.0434783	0.0869565	0.0434783
0.046875	0.03125	0.15625	0.046875	0.296875	0.078125	0.3125	0.03125
0.05	0.1	0.05	0.2	0.05	0.25	0.1	0.2
0.01	0.03	0.01	0.32	0.14	0.02	0.01	0.46
0.272727	0.0909091	0.0909091	0.0909091	0.0909091	0.0909091	0.0909091	0.181818
0.05	0.05	0.15	0.15	0.2	0.05	0.05	0.3
0.0833333	0.0416667	0.25	0.166667	0.333333	0.0416667	0.0416667	0.0416667
0.294118	0.0588235	0.0588235	0.0588235	0.0588235	0.117647	0.294118	0.0588235
0.0212766	0.0638298	0.0851064	0.234043	0.361702	0.0212766	0.0638298	0.148936
0.0123457	0.0246914	0.308642	0.197531	0.0246914	0.0493827	0.308642	0.0740741
0.125	0.125	0.125	0.125	0.125	0.125	0.125	0.125
0.011236	0.011236	0.0224719	0.179775	0.101124	0.146067	0.494382	0.0337079
0.00714286	0.532143	0.0357143	0.225	0.121429	0.0464286	0.0285714	0.00357143
0.111111	0.0277778	0.0277778	0.0555556	0.416667	0.0277778	0.305556	0.0277778
0.00909091	0.00909091	0.0181818	0.227273	0.0909091	0.509091	0.0272727	0.109091
0.12	0.36	0.04	0.2	0.04	0.04	0.12	0.08
0.0689655	0.172414	0.0344828	0.206897	0.137931	0.241379	0.0689655	0.0689655
0.025641	0.0128205	0.0384615	0.320513	0.102564	0.102564	0.0128205	0.384615
0.0769231	0.230769	0.0769231	0.0769231	0.0769231	0.153846	0.230769	0.0769231
0.0217391	0.0434783	0.0108696	0.315217	0.0652174	0.521739	0.0108696	0.0108696
0.410256	0.102564	0.102564	0.025641	0.128205	0.025641	0.0512821	0.153846
0.00986842	0.0296053	0.138158	0.236842	0.0427632	0.134868	0.0592105	0.348684
0.0243902	0.0243902	0.146341	0.414634	0.0243902	0.195122	0.097561	0.0731707
0.00214133	0.00856531	0.00428266	0.20985	0.104925	0.0749465	0.0471092	0.54818
0.0212766	0.0319149	0.0425532	0.234043	0.117021	0.0212766	0.5	0.0319149
0.0162162	0.475676	0.0378378	0.210811	0.0756757	0.162162	0.00540541	0.0162162
0.00581395	0.0116279	0.0174419	0.203488	0.0988372	0.0406977	0.0232558	0.598837
0.409091	0.0454545	0.0909091	0.0454545	0.0454545	0.227273	0.0454545	0.0909091
0.0833333	0.0833333	0.0833333	0.0833333	0.0833333	0.333333	0.166667	0.0833333
0.0108696	0.0326087	0.0217391	0.195652	0.108696	0.0326087	0.445652	0.152174
0.128492	0.0837989	0.0335196	0.201117	0.368715	0.0223464	0.122905	0.0391061
0.0366608	0.0238516	0.707597	0.085689	0.0459364	0.0136926	0.0671378	0.0194346
0.0206186	0.206186	0.0618557	0.525773	0.0824742	0.0309278	0.0206186	0.0515464
0.0131579	0.0921053	0.0394737	0.526316	0.0131579	0.289474	0.0131579	0.0131579
0.145833	0.0486111	0.0902778	0.319444	0.0138889	0.0972222	0.1875	0.0972222
0.0909091	0.272727	0.0909091	0.0909091	0.181818	0.0909091	0.0909091	0.0909091
0.0909091	0.121212	0.030303	0.181818	0.393939	0.0606061	0.030303	0.0909091
0.027027	0.0810811	0.216216	0.027027	0.189189	0.027027	0.297297	0.135135
0.016129	0.209677	0.016129	0.435484	0.177419	0.0483871	0.016129	0.0806452
0.00574713	0.0114943	0.0287356	0.201149	0.155172	0.166667	0.0172414	0.413793
0.0909091	0.0454545	0.0909091	0.0454545	0.0909091	0.0909091	0.5	0.0454545
0.0225989	0.0903955	0.112994	0.152542	0.220339	0.0169492	0.372881	0.0112994
0.0416667	0.166667	0.125	0.0833333	0.166667	0.166667	0.125	0.125
0.025	0.1125	0.05	0.125	0.2625	0.275	0.0125	0.1375
0.047619	0.238095	0.047619	0.142857	0.190476	0.142857	0.047619	0.142857
0.0175439	0.0175439	0.0175439	0.0877193	0.140351	0.0350877	0.666667	0.0175439
0.0169492	0.0338983	0.0169492	0.20339	0.186441	0.20339	0.101695	0.237288
0.0533333	0.08	0.4	0.133333	0.253333	0.0266667	0.04	0.0133333
0.0117647	0.0117647	0.0235294	0.0235294	0.141176	0.717647	0.0235294	0.0470588
0.08	0.02	0.1	0.2	0.1	0.26	0.22	0.02
0.08	0.04	0.04	0.16	0.04	0.08	0.48	0.08
0.0576923	0.25	0.0576923	0.0769231	0.307692	0.0192308	0.153846	0.0769231
0.0217391	0.0217391	0.0652174	0.391304	0.0869565	0.23913	0.152174	0.0217391
0.0408163	0.510204	0.0204082	0.183673	0.163265	0.0204082	0.0408163	0.0204082
0.027027	0.0810811	0.351351	0.297297	0.0540541	0.027027	0.027027	0.135135
0.0909091	0.0181818	0.0363636	0.327273	0.436364	0.0545455	0.0181818	0.0181818
0.00110988	0.017758	0.00554939	0.09101	0.175361	0.0221976	0.00332963	0.683685
0.015748	0.393701	0.015748	0.15748	0.291339	0.0472441	0.0629921	0.015748
0.0909091	0.125	0.159091	0.0568182	0.102273	0.0113636	0.25	0.204545
0.0425532	0.0212766	0.0425532	0.0851064	0.148936	0.170213	0.446809	0.0425532
0.0588235	0.0588235	0.0588235	0.176471	0.176471	0.235294	0.176471	0.0588235
0.0714286	0.0714286	0.0714286	0.142857	0.357143	0.0714286	0.0714286	0.142857
0.0188088	0.0219436	0.426332	0.253918	0.141066	0.0721003	0.0438871	0.0219436
0.0184211	0.0315789	0.0157895	0.392105	0.186842	0.15	0.0763158	0.128947
0.0714286	0.0357143	0.0595238	0.309524	0.0714286	0.0238095	0.0238095	0.404762
0.214286	0.0357143	0.0714286	0.0357143	0.25	0.0357143	0.178571	0.178571
0.025	0.025	0.05	0.325	0.15	0.05	0.05	0.325
0.00746269	0.0298507	0.156716	0.126866	0.231343	0.186567	0.0223881	0.238806
0.06	0.08	0.16	0.24	0.02	0.1	0.24	0.1
0.0217391	0.0652174	0.130435	0.217391	0.0217391	0.0434783	0.478261	0.0217391
0.0363636	0.181818	0.0363636	0.290909	0.254545	0.109091	0.0545455	0.0363636
0.0888889	0.0666667	0.0222222	0.155556	0.177778	0.0444444	0.422222	0.0222222
0.0540541	0.162162	0.297297	0.162162	0.162162	0.0540541	0.0810811	0.027027
0.0909091	0.0227273	0.0227273	0.204545	0.0909091	0.113636	0.431818	0.0227273
0.0285714	0.171429	0.0857143	0.2	0.2	0.114286	0.142857	0.0571429
0.264706	0.0588235	0.0882353	0.0588235	0.382353	0.0882353	0.0294118	0.0294118
0.00324675	0.38961	0.0162338	0.142857	0.373377	0.00324675	0.0649351	0.00649351
0.0444444	0.0444444	0.0666667	0.111111	0.577778	0.0222222	0.0888889	0.0444444
0.0208333	0.145833	0.0416667	0.229167	0.3125	0.145833	0.0416667	0.0625
0.0714286	0.0714286	0.0714286	0.0714286	0.142857	0.214286	0.142857	0.214286
0.0444444	0.0222222	0.0222222	0.0444444	0.244444	0.355556	0.0666667	0.2
0.0588235	0.0588235	0.470588	0.0588235	0.0588235	0.176471	0.0588235	0.0588235
0.117647	0.0294118	0.0588235	0.205882	0.176471	0.0882353	0.264706	0.0588235
0.0166667	0.0733333	0.0333333	0.296667	0.266667	0.103333	0.0566667	0.153333
0.296875	0.03125	0.015625	0.046875	0.140625	0.03125	0.40625	0.03125
0.0454545	0.0227273	0.0227273	0.227273	0.454545	0.0909091	0.0681818	0.0681818
0.0169492	0.0169492	0.0169492	0.0169492	0.101695	0.0338983	0.779661	0.0169492
0.00806452	0.0806452	0.169355	0.169355	0.00806452	0.0564516	0.5	0.00806452
0.0689655	0.137931	0.0344828	0.137931	0.241379	0.0344828	0.310345	0.0344828
0.27	0.01	0.2	0.22	0.03	0.01	0.24	0.02
0.0357143	0.392857	0.0357143	0.232143	0.214286	0.0357143	0.0357143	0.0178571
0.245614	0.0350877	0.0877193	0.280702	0.0175439	0.0175439	0.245614	0.0701754
0.0714286	0.0714286	0.0357143	0.107143	0.464286	0.0714286	0.142857	0.0357143
0.290323	0.0645161	0.0645161	0.0322581	0.0322581	0.0322581	0.419355	0.0645161
0.00636943	0.0191083	0.420382	0.401274	0.0318471	0.0636943	0.0382166	0.0191083
0.0666667	0.133333	0.0666667	0.0666667	0.133333	0.0666667	0.4	0.0666667
0.0519481	0.025974	0.025974	0.012987	0.025974	0.0649351	0.779221	0.012987
0.00840336	0.0168067	0.0420168	0.117647	0.193277	0.12605	0.487395	0.00840336
0.0416667	0.166667	0.125	0.0416667	0.208333	0.291667	0.0833333	0.0416667
0.0555556	0.0277778	0.0833333	0.305556	0.444444	0.0277778	0.0277778	0.0277778
0.0285714	0.0142857	0.114286	0.0571429	0.642857	0.0428571	0.0714286	0.0285714
0.0666667	0.0333333	0.266667	0.266667	0.0333333	0.0666667	0.233333	0.0333333
0.533981	0.0485437	0.00970874	0.23301	0.126214	0.0291262	0.00970874	0.00970874
0.0185185	0.481481	0.111111	0.166667	0.0925926	0.0925926	0.0185185	0.0185185
0.0232558	0.0465116	0.0697674	0.0465116	0.0232558	0.0232558	0.744186	0.0232558
0.0192308	0.211538	0.0769231	0.346154	0.115385	0.153846	0.0192308	0.0576923
0.03125	0.53125	0.015625	0.265625	0.03125	0.078125	0.03125	0.015625
0.00613497	0.00613497	0.0184049	0.478528	0.128834	0.325153	0.0306748	0.00613497
0.0714286	0.107143	0.0357143	0.0357143	0.0357143	0.0357143	0.642857	0.0357143
0.0645161	0.0322581	0.0967742	0.0645161	0.0322581	0.0645161	0.580645	0.0645161
0.08	0.12	0.04	0.2	0.04	0.28	0.12	0.12
0.0645161	0.0645161	0.0967742	0.0967742	0.0322581	0.0645161	0.548387	0.0322581
0.0060423	0.706949	0.0181269	0.114804	0.0966767	0.021148	0.0241692	0.0120846
0.260274	0.191781	0.0273973	0.342466	0.0821918	0.0136986	0.0684932	0.0136986
0.0666667	0.0333333	0.0333333	0.666667	0.0666667	0.0333333	0.0333333	0.0666667
0.0434783	0.130435	0.0869565	0.0434783	0.0434783	0.478261	0.0869565	0.0869565
0.025	0.433333	0.0416667	0.283333	0.075	0.075	0.0416667	0.025
0.0740741	0.148148	0.259259	0.037037	0.037037	0.296296	0.037037	0.111111
0.125	0.125	0.125	0.125	0.125	0.125	0.125	0.125
0.0357143	0.0535714	0.0178571	0.0178571	0.0178571	0.0357143	0.803571	0.0178571
0.0232558	0.255814	0.0232558	0.348837	0.116279	0.0465116	0.116279	0.0697674
0.0434783	0.0434783	0.173913	0.173913	0.0869565	0.26087	0.130435	0.0869565
0.125	0.125	0.125	0.125	0.125	0.125	0.125	0.125
0.0442478	0.0176991	0.0265487	0.00884956	0.079646	0.530973	0.141593	0.150442
0.08	0.04	0.04	0.52	0.12	0.12	0.04	0.04
0.016129	0.241935	0.0967742	0.0806452	0.306452	0.177419	0.0322581	0.0483871
0.113636	0.0227273	0.0454545	0.136364	0.409091	0.0454545	0.204545	0.0227273
0.0410959	0.0684932	0.136986	0.0958904	0.0547945	0.0547945	0.534247	0.0136986
0.0625	0.125	0.125	0.03125	0.3125	0.25	0.0625	0.03125
0.162162	0.0540541	0.0540541	0.027027	0.0540541	0.0540541	0.567568	0.027027
0.04	0.04	0.08	0.08	0.04	0.08	0.56	0.08
0.0212766	0.0585106	0.00531915	0.132979	0.154255	0.0425532	0.56383	0.0212766
0.0416667	0.0416667	0.0416667	0.166667	0.0416667	0.583333	0.0416667	0.0416667
0.0217391	0.0217391	0.0652174	0.23913	0.108696	0.282609	0.0869565	0.173913
0.0294118	0.0147059	0.411765	0.294118	0.0294118	0.176471	0.0294118	0.0147059
0.145833	0.104167	0.166667	0.166667	0.0625	0.0625	0.0625	0.229167
0.0909091	0.0909091	0.0909091	0.272727	0.0909091	0.0909091	0.0909091	0.181818
0.0322581	0.0967742	0.0645161	0.0322581	0.258065	0.451613	0.0322581	0.0322581
0.0810811	0.0810811	0.378378	0.0540541	0.216216	0.027027	0.135135	0.027027
0.0144928	0.0434783	0.0144928	0.608696	0.0289855	0.144928	0.130435	0.0144928
0.321429	0.178571	0.0357143	0.0714286	0.0357143	0.0714286	0.0357143	0.25
0.08	0.04	0.12	0.4	0.2	0.04	0.04	0.08
0.0454545	0.136364	0.0909091	0.318182	0.136364	0.136364	0.0454545	0.0909091
0.0888889	0.111111	0.288889	0.155556	0.0888889	0.0444444	0.2	0.0222222
0.0606061	0.121212	0.030303	0.424242	0.151515	0.0606061	0.0909091	0.0606061
0.266667	0.0666667	0.0666667	0.133333	0.0666667	0.133333	0.2	0.0666667
0.04	0.08	0.04	0.2	0.08	0.04	0.48	0.04
0.0151515	0.0151515	0.030303	0.0909091	0.0454545	0.136364	0.636364	0.030303
0.0147059	0.0147059	0.0588235	0.205882	0.220588	0.0441176	0.426471	0.0147059
0.0526316	0.00877193	0.0701754	0.254386	0.254386	0.27193	0.0175439	0.0701754
0.0408163	0.102041	0.0612245	0.367347	0.142857	0.0816327	0.183673	0.0204082
0.09375	0.09375	0.09375	0.140625	0.03125	0.3125	0.03125	0.203125
0.20339	0.0508475	0.101695	0.135593	0.059322	0.288136	0.135593	0.0254237
0.0108992	0.0245232	0.013624	0.106267	0.0517711	0.185286	0.0108992	0.59673
0.05	0.1	0.05	0.05	0.05	0.05	0.55	0.1
0.047619	0.333333	0.047619	0.142857	0.142857	0.047619	0.047619	0.190476
0.0666667	0.0666667	0.0666667	0.2	0.133333	0.333333	0.0666667	0.0666667
0.0465116	0.0232558	0.255814	0.162791	0.0930233	0.0232558	0.372093	0.0232558
0.0833333	0.0833333	0.0833333	0.0833333	0.25	0.0833333	0.291667	0.0416667
0.0810811	0.027027	0.0810811	0.0810811	0.0810811	0.108108	0.459459	0.0810811
0.0714286	0.0714286	0.0238095	0.047619	0.285714	0.190476	0.166667	0.142857
0.03125	0.03125	0.0625	0.1875	0.15625	0.40625	0.0625	0.0625
0.0337838	0.027027	0.0135135	0.391892	0.0405405	0.472973	0.00675676	0.0135135
0.0430108	0.0537634	0.0107527	0.225806	0.193548	0.397849	0.0215054	0.0537634
0.0769231	0.0769231	0.0769231	0.0769231	0.307692	0.230769	0.0769231	0.0769231
0.0232558	0.0465116	0.0930233	0.116279	0.372093	0.0930233	0.186047	0.0697674
0.0540541	0.0540541	0.0810811	0.243243	0.0540541	0.027027	0.459459	0.027027
0.0327869	0.131148	0.0163934	0.42623	0.0163934	0.245902	0.0163934	0.114754
0.3	0.08	0.07	0.13	0.02	0.03	0.34	0.03
0.027027	0.108108	0.0810811	0.162162	0.0540541	0.027027	0.513514	0.027027
0.00682594	0.105802	0.0409556	0.682594	0.0443686	0.105802	0.00341297	0.0102389
0.0338983	0.0254237	0.0423729	0.0847458	0.0254237	0.0847458	0.686441	0.0169492
0.0606061	0.030303	0.030303	0.030303	0.30303	0.0606061	0.424242	0.0606061
0.0131579	0.0131579	0.105263	0.157895	0.171053	0.0789474	0.0394737	0.421053
0.0714286	0.0178571	0.0357143	0.0535714	0.107143	0.142857	0.5	0.0714286
0.0285714	0.0285714	0.0285714	0.0857143	0.0285714	0.0571429	0.714286	0.0285714
0.0666667	0.0666667	0.266667	0.1	0.0333333	0.0333333	0.4	0.0333333
0.037037	0.0555556	0.425926	0.240741	0.0740741	0.0925926	0.037037	0.037037
0.0588235	0.0196078	0.0392157	0.0392157	0.0196078	0.0196078	0.784314	0.0196078
0.0454545	0.0454545	0.0909091	0.181818	0.0454545	0.181818	0.363636	0.0454545
0.0243902	0.0243902	0.0243902	0.121951	0.170732	0.0243902	0.585366	0.0243902
0.0208333	0.0208333	0.208333	0.104167	0.3125	0.0104167	0.177083	0.145833
0.181818	0.0363636	0.0181818	0.254545	0.145455	0.127273	0.127273	0.109091
0.0163934	0.196721	0.0983607	0.0655738	0.0491803	0.0655738	0.47541	0.0327869
0.0285714	0.0285714	0.0571429	0.0857143	0.114286	0.228571	0.4	0.0571429
0.125	0.125	0.125	0.125	0.125	0.125	0.125	0.125
0.571429	0.032967	0.010989	0.131868	0.21978	0.010989	0.010989	0.010989
0.0869565	0.173913	0.0434783	0.0434783	0.26087	0.130435	0.173913	0.0869565
0.0576923	0.153846	0.0384615	0.0192308	0.25	0.0192308	0.442308	0.0192308
0.0227273	0.0227273	0.0454545	0.227273	0.25	0.25	0.0227273	0.159091
0.0140845	0.056338	0.0140845	0.126761	0.084507	0.028169	0.661972	0.0140845
0.00699301	0.041958	0.0839161	0.300699	0.34965	0.153846	0.00699301	0.0559441
0.0222222	0.0933333	0.0977778	0.102222	0.0533333	0.0577778	0.00888889	0.564444
0.079096	0.0112994	0.079096	0.661017	0.0282486	0.0734463	0.0564972	0.0112994
0.125	0.0694444	0.416667	0.0277778	0.0833333	0.0277778	0.208333	0.0416667
0.0769231	0.0769231	0.0384615	0.0769231	0.0384615	0.0384615	0.615385	0.0384615
0.166667	0.0833333	0.0833333	0.0833333	0.25	0.0833333	0.0833333	0.166667
0.0238095	0.119048	0.357143	0.047619	0.0714286	0.0714286	0.261905	0.047619
0.0714286	0.267857	0.107143	0.0714286	0.0714286	0.125	0.267857	0.0178571
0.0138889	0.0972222	0.111111	0.347222	0.236111	0.0416667	0.138889	0.0138889
0.025641	0.025641	0.307692	0.179487	0.153846	0.0512821	0.179487	0.0769231
0.1	0.0666667	0.0333333	0.1	0.166667	0.0333333	0.433333	0.0666667
0.025	0.025	0.15	0.05	0.05	0.025	0.625	0.05
0.0285714	0.114286	0.0571429	0.228571	0.0857143	0.342857	0.0285714	0.114286
0.103448	0.0172414	0.12069	0.0517241	0.0862069	0.137931	0.431034	0.0517241
0.0172414	0.0517241	0.12069	0.0517241	0.0172414	0.0344828	0.689655	0.0172414
0.0625	0.125	0.125	0.3125	0.03125	0.0625	0.21875	0.0625
0.037037	0.037037	0.0740741	0.037037	0.111111	0.111111	0.555556	0.037037
0.0212766	0.106383	0.0638298	0.0425532	0.361702	0.0425532	0.340426	0.0212766
0.304094	0.0760234	0.128655	0.105263	0.0643275	0.146199	0.152047	0.0233918
0.0447761	0.104478	0.0447761	0.104478	0.343284	0.238806	0.0149254	0.104478
0.151515	0.0909091	0.030303	0.272727	0.121212	0.212121	0.0909091	0.030303
0.0178571	0.0892857	0.107143	0.125	0.0178571	0.0535714	0.571429	0.0178571
0.0666667	0.0333333	0.1	0.166667	0.433333	0.0666667	0.1	0.0333333
0.0526316	0.0526316	0.105263	0.0526316	0.105263	0.473684	0.105263	0.0526316
0.0470588	0.0117647	0.0117647	0.0705882	0.611765	0.141176	0.0235294	0.0823529
0.0156863	0.0431373	0.0313725	0.168627	0.129412	0.568627	0.00784314	0.0352941
0.0588235	0.0588235	0.0588235	0.176471	0.294118	0.176471	0.117647	0.0588235
0.0070922	0.0638298	0.0070922	0.035461	0.0425532	0.156028	0.0780142	0.609929
0.108108	0.027027	0.027027	0.108108	0.189189	0.027027	0.486486	0.027027
0.0114943	0.0689655	0.0114943	0.310345	0.0574713	0.149425	0.310345	0.0804598
0.0555556	0.0555556	0.0555556	0.111111	0.111111	0.0555556	0.5	0.0555556
0.04	0.04	0.12	0.16	0.08	0.16	0.08	0.32
0.0441176	0.0588235	0.0147059	0.235294	0.235294	0.294118	0.0294118	0.0882353
0.238095	0.142857	0.0793651	0.0634921	0.126984	0.206349	0.0634921	0.0793651
0.125	0.125	0.125	0.125	0.125	0.125	0.125	0.125
0.0697674	0.0465116	0.116279	0.209302	0.0930233	0.0697674	0.372093	0.0232558
0.0163934	0.0327869	0.0163934	0.163934	0.147541	0.196721	0.0327869	0.393443
0.125	0.025	0.025	0.25	0.075	0.375	0.025	0.1
0.0454545	0.227273	0.0454545	0.136364	0.136364	0.318182	0.0454545	0.0454545
0.00520833	0.0234375	0.0182292	0.205729	0.114583	0.557292	0.0130208	0.0625
0.0416667	0.0833333	0.0833333	0.25	0.333333	0.125	0.0416667	0.0416667
0.0689655	0.0172414	0.103448	0.189655	0.0172414	0.0517241	0.517241	0.0344828
0.0277778	0.0277778	0.0277778	0.472222	0.25	0.0277778	0.0833333	0.0833333
0.166667	0.0555556	0.0555556	0.0555556	0.222222	0.166667	0.222222	0.0555556
0.0588235	0.313725	0.117647	0.0784314	0.215686	0.0784314	0.0588235	0.0784314
0.0232558	0.0930233	0.395349	0.27907	0.0232558	0.0465116	0.0465116	0.0930233
0.24	0.04	0.06	0.22	0.26	0.06	0.02	0.1
0.0769231	0.134615	0.0576923	0.538462	0.0576923	0.0384615	0.0769231	0.0192308
0.0103359	0.0206718	0.0490956	0.211886	0.581395	0.0129199	0.0878553	0.0258398
0.394737	0.184211	0.0263158	0.184211	0.0789474	0.0526316	0.0526316	0.0263158
0.0987654	0.0781893	0.0205761	0.0288066	0.119342	0.0699588	0.00823045	0.576132
0.037037	0.185185	0.111111	0.148148	0.259259	0.037037	0.185185	0.037037
0.06	0.0342857	0.04	0.0371429	0.06	0.0828571	0.631429	0.0542857
0.08	0.04	0.04	0.04	0.08	0.04	0.64	0.04
0.00411692	0.702347	0.0790449	0.112804	0.0263483	0.0209963	0.00658707	0.0477563
0.0140845	0.704225	0.0140845	0.169014	0.028169	0.028169	0.0140845	0.028169
0.235955	0.0224719	0.11236	0.0449438	0.52809	0.011236	0.0337079	0.011236
0.12	0.16	0.08	0.24	0.2	0.08	0.04	0.08
0.375	0.03125	0.015625	0.15625	0.3125	0.03125	0.03125	0.046875
0.0145719	0.0163934	0.0127505	0.291439	0.0655738	0.52459	0.0182149	0.0564663
0.09375	0.0625	0.125	0.03125	0.03125	0.03125	0.59375	0.03125
0.03125	0.03125	0.0625	0.125	0.15625	0.3125	0.03125	0.25
0.0465116	0.0697674	0.0232558	0.255814	0.0232558	0.302326	0.0697674	0.209302
0.0217391	0.0869565	0.0652174	0.130435	0.0434783	0.0434783	0.586957	0.0217391
0.0123457	0.0123457	0.0123457	0.135802	0.703704	0.0740741	0.0123457	0.037037
0.232143	0.160714	0.0178571	0.214286	0.107143	0.125	0.0714286	0.0714286
0.0189702	0.0487805	0.0704607	0.0433604	0.238482	0.0623306	0.0379404	0.479675
0.521739	0.0434783	0.0434783	0.0869565	0.130435	0.0869565	0.0434783	0.0434783
0.0769231	0.230769	0.0769231	0.230769	0.0769231	0.153846	0.0769231	0.0769231
0.00735294	0.0147059	0.0147059	0.0735294	0.0588235	0.801471	0.00735294	0.0220588
0.0344828	0.172414	0.0689655	0.206897	0.0344828	0.37931	0.0344828	0.0689655
0.0909091	0.0909091	0.0909091	0.272727	0.0909091	0.0909091	0.181818	0.0909091
0.135135	0.018018	0.00900901	0.297297	0.441441	0.027027	0.0630631	0.00900901
0.0540541	0.0540541	0.108108	0.162162	0.189189	0.108108	0.027027	0.297297
0.0263158	0.0263158	0.5	0.105263	0.131579	0.0789474	0.105263	0.0263158
0.0232558	0.0232558	0.0232558	0.186047	0.162791	0.0930233	0.465116	0.0232558
0.0222222	0.0222222	0.0222222	0.111111	0.577778	0.111111	0.111111	0.0222222
0.0769231	0.0769231	0.0769231	0.384615	0.0769231	0.0769231	0.153846	0.0769231
0.0526316	0.0526316	0.210526	0.105263	0.0526316	0.0526316	0.421053	0.0526316
0.137931	0.0689655	0.0689655	0.103448	0.206897	0.206897	0.103448	0.103448
0.0196078	0.0882353	0.0196078	0.411765	0.166667	0.0588235	0.127451	0.107843
0.0980392	0.372549	0.0196078	0.235294	0.117647	0.0784314	0.0588235	0.0196078
0.0128205	0.0128205	0.423077	0.128205	0.0897436	0.0512821	0.166667	0.115385
0.0294118	0.00653595	0.673203	0.186275	0.00653595	0.0163399	0.00326797	0.0784314
0.0434783	0.0217391	0.0434783	0.0869565	0.0434783	0.0217391	0.717391	0.0217391
0.0333333	0.0222222	0.0555556	0.2	0.0888889	0.466667	0.0333333	0.1
0.325	0.05	0.05	0.1	0.325	0.025	0.025	0.1
0.0153846	0.0307692	0.323077	0.361538	0.130769	0.0384615	0.0769231	0.0230769
0.00952381	0.0190476	0.0190476	0.161905	0.0761905	0.67619	0.00952381	0.0285714
0.136364	0.0454545	0.0454545	0.0909091	0.5	0.0909091	0.0454545	0.0454545
0.06	0.06	0.02	0.16	0.34	0.16	0.06	0.14
0.015873	0.015873	0.0952381	0.190476	0.0634921	0.031746	0.571429	0.015873
0.0186916	0.0841121	0.0373832	0.046729	0.046729	0.046729	0.71028	0.00934579
0.06	0.12	0.02	0.54	0.18	0.02	0.04	0.02
0.0392157	0.0196078	0.0784314	0.137255	0.0980392	0.0196078	0.588235	0.0196078
0.121495	0.0186916	0.0327103	0.0934579	0.0373832	0.0233645	0.640187	0.0327103
0.0333333	0.0166667	0.0333333	0.0333333	0.0166667	0.0166667	0.833333	0.0166667
0.047619	0.119048	0.0714286	0.333333	0.190476	0.190476	0.0238095	0.0238095
0.0196078	0.117647	0.0196078	0.333333	0.27451	0.0980392	0.0784314	0.0588235
0.512195	0.0243902	0.0121951	0.304878	0.097561	0.0243902	0.0121951	0.0121951
0.125	0.1875	0.0625	0.125	0.25	0.125	0.0625	0.0625
0.0588235	0.117647	0.294118	0.176471	0.0588235	0.0588235	0.0588235	0.176471
0.166667	0.0833333	0.0833333	0.0833333	0.0833333	0.166667	0.166667	0.166667
0.0285714	0.114286	0.0285714	0.0285714	0.142857	0.228571	0.0285714	0.4
0.153846	0.0769231	0.0384615	0.0769231	0.115385	0.230769	0.0384615	0.269231
0.285714	0.0952381	0.0952381	0.142857	0.142857	0.0952381	0.0952381	0.047619
0.0142857	0.414286	0.0857143	0.228571	0.128571	0.0857143	0.0285714	0.0142857
0.0243902	0.0731707	0.0487805	0.195122	0.439024	0.0487805	0.097561	0.0731707
0.0746269	0.0298507	0.134328	0.0298507	0.238806	0.0447761	0.432836	0.0149254
0.137931	0.0344828	0.37931	0.172414	0.137931	0.0344828	0.0344828	0.0689655
0.0740741	0.148148	0.148148	0.259259	0.0740741	0.111111	0.148148	0.037037
0.037037	0.111111	0.37037	0.0740741	0.203704	0.037037	0.148148	0.0185185
0.0153846	0.123077	0.0923077	0.246154	0.184615	0.153846	0.0307692	0.153846
0.0533333	0.0666667	0.04	0.0933333	0.186667	0.0266667	0.52	0.0133333
0.0232558	0.144186	0.555814	0.072093	0.0534884	0.00232558	0.130233	0.0186047
0.0238095	0.047619	0.0952381	0.0952381	0.190476	0.0714286	0.452381	0.0238095
0.0169492	0.305085	0.0677966	0.20339	0.169492	0.186441	0.0169492	0.0338983
0.0224719	0.0786517	0.191011	0.516854	0.0786517	0.0786517	0.011236	0.0224719
0.0243902	0.0243902	0.0243902	0.414634	0.0243902	0.439024	0.0243902	0.0243902
0.025	0.1	0.025	0.0625	0.1625	0.0875	0.5	0.0375
0.020979	0.027972	0.048951	0.20979	0.195804	0.0559441	0.391608	0.048951
0.0689655	0.0344828	0.0344828	0.137931	0.0689655	0.37931	0.0689655	0.206897
0.490683	0.0310559	0.00621118	0.130435	0.279503	0.0496894	0.00621118	0.00621118
0.0263158	0.210526	0.0263158	0.131579	0.342105	0.210526	0.0263158	0.0263158
0.0243902	0.0487805	0.146341	0.0487805	0.243902	0.097561	0.365854	0.0243902
0.0134228	0.0134228	0.0671141	0.0268456	0.033557	0.033557	0.805369	0.00671141
0.363636	0.136364	0.0454545	0.0909091	0.136364	0.136364	0.0454545	0.0454545
0.0714286	0.5	0.0357143	0.0714286	0.142857	0.0714286	0.0357143	0.0714286
0.0357143	0.142857	0.214286	0.0714286	0.0714286	0.0357143	0.392857	0.0357143
0.031746	0.047619	0.253968	0.206349	0.396825	0.015873	0.015873	0.031746
0.0185185	0.0555556	0.0555556	0.148148	0.0740741	0.388889	0.185185	0.0740741
0.0454545	0.0909091	0.227273	0.0909091	0.409091	0.0454545	0.0454545	0.0454545
0.027027	0.513514	0.0540541	0.189189	0.0540541	0.108108	0.027027	0.027027
0.0666667	0.0666667	0.0666667	0.0666667	0.0666667	0.466667	0.0666667	0.133333
0.0357143	0.0357143	0.0357143	0.142857	0.25	0.285714	0.142857	0.0714286
0.0769231	0.192308	0.115385	0.346154	0.0384615	0.115385	0.0384615	0.0769231
0.208333	0.0416667	0.0416667	0.25	0.0833333	0.0833333	0.25	0.0416667
0.45	0.075	0.0375	0.3	0.05	0.0125	0.025	0.05
0.05	0.05	0.025	0.15	0.25	0.225	0.1	0.15
0.0754717	0.0754717	0.415094	0.113208	0.113208	0.0754717	0.113208	0.0188679
0.017094	0.034188	0.128205	0.119658	0.42735	0.136752	0.102564	0.034188
0.00826446	0.545455	0.0743802	0.107438	0.0743802	0.0991736	0.0578512	0.0330579
0.133333	0.0666667	0.0666667	0.0666667	0.2	0.133333	0.266667	0.0666667
0.0588235	0.0294118	0.0735294	0.367647	0.25	0.0441176	0.132353	0.0441176
0.1	0.16	0.02	0.16	0.16	0.12	0.04	0.24
0.0571429	0.0285714	0.2	0.0571429	0.428571	0.114286	0.0571429	0.0571429
0.150685	0.164384	0.0547945	0.205479	0.136986	0.178082	0.0136986	0.0958904
0.0333333	0.4	0.0333333	0.166667	0.166667	0.0666667	0.0666667	0.0666667
0.121951	0.0731707	0.097561	0.402439	0.219512	0.0365854	0.0365854	0.0121951
0.025	0.0375	0.0125	0.0875	0.75	0.05	0.025	0.0125
0.00473934	0.0616114	0.819905	0.0663507	0.014218	0.00947867	0.00947867	0.014218
0.673267	0.019802	0.019802	0.049505	0.178218	0.019802	0.00990099	0.029703
0.047619	0.0952381	0.142857	0.0952381	0.190476	0.0952381	0.285714	0.047619
0.0416667	0.0416667	0.166667	0.125	0.0416667	0.0833333	0.458333	0.0416667
0.047619	0.0952381	0.047619	0.047619	0.190476	0.047619	0.47619	0.047619
0.047619	0.047619	0.047619	0.142857	0.047619	0.52381	0.047619	0.0952381
0.0384615	0.115385	0.0384615	0.0769231	0.346154	0.115385	0.115385	0.153846
0.0689655	0.0689655	0.241379	0.103448	0.0689655	0.206897	0.137931	0.103448
0.0540541	0.0810811	0.027027	0.351351	0.243243	0.027027	0.135135	0.0810811
0.0133333	0.04	0.146667	0.253333	0.186667	0.106667	0.0133333	0.24
0.0263158	0.0175439	0.00877193	0.0877193	0.175439	0.0350877	0.640351	0.00877193
0.0208333	0.0625	0.0208333	0.166667	0.270833	0.25	0.166667	0.0416667
0.140351	0.0350877	0.140351	0.298246	0.0175439	0.333333	0.0175439	0.0175439
0.111111	0.111111	0.222222	0.111111	0.111111	0.111111	0.111111	0.111111
0.0169492	0.457627	0.0169492	0.254237	0.118644	0.0508475	0.0508475	0.0338983
0.0363636	0.0727273	0.0363636	0.109091	0.509091	0.0545455	0.127273	0.0545455
0.0588235	0.0882353	0.147059	0.323529	0.0294118	0.117647	0.0588235	0.176471
0.0666667	0.0666667	0.2	0.0666667	0.133333	0.0666667	0.333333	0.0666667
0.0217391	0.0217391	0.108696	0.0434783	0.0217391	0.0217391	0.73913	0.0217391
0.130435	0.173913	0.0869565	0.173913	0.26087	0.0434783	0.0434783	0.0869565
0.00506329	0.0708861	0.00759494	0.367089	0.0531646	0.36962	0.0455696	0.0810127
0.0526316	0.157895	0.105263	0.105263	0.263158	0.0526316	0.210526	0.0526316
0.0714286	0.0714286	0.0714286	0.214286	0.0714286	0.214286	0.0714286	0.214286
0.0277778	0.0277778	0.0277778	0.0277778	0.361111	0.111111	0.388889	0.0277778
0.142857	0.047619	0.047619	0.190476	0.190476	0.238095	0.0952381	0.047619
0.005	0.025	0.03	0.13	0.13	0.62	0.01	0.05
0.153374	0.0184049	0.337423	0.239264	0.0552147	0.0429448	0.0552147	0.0981595
0.25	0.111111	0.0555556	0.333333	0.166667	0.0277778	0.0277778	0.0277778
0.013986	0.0629371	0.111888	0.167832	0.307692	0.0699301	0.104895	0.160839
0.0135135	0.0135135	0.0135135	0.0405405	0.0135135	0.0540541	0.0135135	0.837838
0.1	0.1	0.1	0.1	0.1	0.3	0.1	0.1
0.0206186	0.0103093	0.0103093	0.103093	0.164948	0.0206186	0.0103093	0.659794
0.00995025	0.0248756	0.0497512	0.223881	0.124378	0.0497512	0.487562	0.0298507
0.0526316	0.157895	0.342105	0.0526316	0.236842	0.0526316	0.0263158	0.0789474
0.325301	0.0240964	0.0481928	0.216867	0.26506	0.0481928	0.0481928	0.0240964
0.125	0.125	0.125	0.125	0.125	0.125	0.125	0.125
0.142857	0.178571	0.0714286	0.25	0.107143	0.142857	0.0714286	0.0357143
0.0133333	0.0133333	0.0133333	0.12	0.746667	0.0533333	0.0133333	0.0266667
0.0141844	0.283688	0.0283688	0.404255	0.070922	0.0638298	0.0212766	0.113475
0.08	0.32	0.04	0.16	0.08	0.16	0.08	0.08
0.136364	0.0909091	0.0454545	0.0454545	0.454545	0.0909091	0.0909091	0.0454545
0.0277778	0.0277778	0.208333	0.180556	0.152778	0.111111	0.0555556	0.236111
0.142857	0.142857	0.047619	0.047619	0.333333	0.190476	0.047619	0.047619
0.241379	0.0689655	0.0689655	0.137931	0.310345	0.0689655	0.0689655	0.0344828
0.0740741	0.148148	0.0740741	0.222222	0.0740741	0.259259	0.037037	0.111111
0.0123457	0.111111	0.209877	0.148148	0.185185	0.185185	0.0987654	0.0493827
0.0416667	0.104167	0.0833333	0.104167	0.208333	0.395833	0.0208333	0.0416667
0.0322581	0.0645161	0.0322581	0.193548	0.0967742	0.258065	0.0967742	0.225806
0.0333333	0.0166667	0.133333	0.416667	0.0666667	0.116667	0.166667	0.05
0.0185185	0.0185185	0.12963	0.222222	0.0925926	0.12963	0.111111	0.277778
0.027027	0.027027	0.135135	0.243243	0.0540541	0.0540541	0.405405	0.0540541
0.157895	0.210526	0.105263	0.0526316	0.105263	0.0526316	0.263158	0.0526316
0.05	0.05	0.05	0.15	0.15	0.2	0.05	0.3
0.0344828	0.103448	0.0689655	0.0689655	0.0344828	0.551724	0.0689655	0.0689655
0.190476	0.047619	0.0952381	0.285714	0.190476	0.047619	0.0952381	0.047619
0.125	0.125	0.125	0.125	0.125	0.125	0.125	0.125
0.0555556	0.0833333	0.0555556	0.0555556	0.0277778	0.0833333	0.611111	0.0277778
0.0833333	0.166667	0.125	0.0694444	0.180556	0.125	0.0555556	0.194444
