0.190476	0.166667	0.357143	0.190476	0.0952381
0.4	0.08	0.24	0.24	0.04
0.025	0.503571	0.157143	0.271429	0.0428571
0.0833333	0.0833333	0.666667	0.125	0.0416667
0.0241935	0.104839	0.0241935	0.669355	0.177419
0.111111	0.277778	0.0555556	0.333333	0.222222
0.56	0.04	0.16	0.08	0.16
0.2	0.2	0.2	0.2	0.2
0.527273	0.0727273	0.181818	0.181818	0.0363636
0.131148	0.278689	0.0655738	0.409836	0.114754
0.122449	0.102041	0.408163	0.306122	0.0612245
0.125	0.59375	0.1875	0.0625	0.03125
0.244444	0.0777778	0.422222	0.222222	0.0333333
0.0483871	0.0645161	0.0967742	0.709677	0.0806452
0.115108	0.172662	0.179856	0.464029	0.0683453
0.70922	0.0780142	0.163121	0.0212766	0.0283688
0.5	0.05	0.15	0.2	0.1
0.604167	0.145833	0.0208333	0.145833	0.0833333
0.0697674	0.674419	0.0232558	0.209302	0.0232558
0.342857	0.271429	0.171429	0.185714	0.0285714
0.0169492	0.0508475	0.0169492	0.610169	0.305085
0.0217391	0.282609	0.478261	0.130435	0.0869565
0.0416667	0.145833	0.0625	0.729167	0.0208333
0.166667	0.166667	0.333333	0.166667	0.166667
0.177778	0.0666667	0.0222222	0.644444	0.0888889
0.173913	0.130435	0.0434783	0.26087	0.391304
0.409091	0.227273	0.0454545	0.272727	0.0454545
0.272727	0.0909091	0.0909091	0.0909091	0.454545
0.133333	0.2	0.0666667	0.333333	0.266667
0.00957592	0.0519836	0.0246238	0.0629275	0.850889
0.310345	0.0689655	0.137931	0.448276	0.0344828
0.0740741	0.222222	0.0740741	0.592593	0.037037
0.152542	0.389831	0.186441	0.135593	0.135593
0.180328	0.131148	0.180328	0.47541	0.0327869
0.0366972	0.40367	0.0917431	0.431193	0.0366972
0.00561798	0.0224719	0.0224719	0.342697	0.606742
0.6875	0.0625	0.0625	0.0625	0.125
0.653846	0.0769231	0.0384615	0.192308	0.0384615
0.190476	0.238095	0.142857	0.333333	0.0952381
0.047619	0.176471	0.70028	0.0588235	0.0168067
0.0224719	0.101124	0.011236	0.786517	0.0786517
0.133333	0.1	0.0555556	0.644444	0.0666667
0.0555556	0.222222	0.333333	0.166667	0.222222
0.136364	0.545455	0.0151515	0.287879	0.0151515
0.0321782	0.0891089	0.0742574	0.732673	0.0717822
0.00518135	0.0103627	0.0362694	0.0207254	0.927461
0.151515	0.30303	0.0606061	0.424242	0.0606061
0.09375	0.05625	0.64375	0.175	0.03125
0.0294118	0.0294118	0.0882353	0.735294	0.117647
0.804082	0.0285714	0.00816327	0.15102	0.00816327
0.510204	0.0204082	0.102041	0.306122	0.0612245
0.833333	0.0333333	0.0333333	0.0666667	0.0333333
0.604082	0.0816327	0.0897959	0.220408	0.00408163
0.755556	0.0444444	0.166667	0.0111111	0.0222222
0.416667	0.0416667	0.125	0.166667	0.25
0.225	0.025	0.15	0.275	0.325
0.0273973	0.0684932	0.0273973	0.780822	0.0958904
0.102941	0.0294118	0.0735294	0.647059	0.147059
0.24	0.12	0.2	0.4	0.04
0.0952381	0.642857	0.0238095	0.214286	0.0238095
0.153846	0.153846	0.0769231	0.576923	0.0384615
0.0625	0.0625	0.0208333	0.770833	0.0833333
0.0952381	0.047619	0.452381	0.309524	0.0952381
0.181818	0.666667	0.0606061	0.0808081	0.010101
0.309524	0.142857	0.285714	0.238095	0.0238095
0.0606061	0.363636	0.212121	0.333333	0.030303
0.444444	0.155556	0.177778	0.2	0.0222222
0.5	0.205882	0.176471	0.0882353	0.0294118
0.0555556	0.111111	0.0138889	0.597222	0.222222
0.108696	0.173913	0.0869565	0.608696	0.0217391
0.461538	0.0384615	0.230769	0.230769	0.0384615
0.214286	0.0714286	0.285714	0.214286	0.214286
0.421053	0.157895	0.157895	0.210526	0.0526316
0.478261	0.0869565	0.0869565	0.173913	0.173913
0.0125786	0.0691824	0.0314465	0.484277	0.402516
0.792453	0.113208	0.0188679	0.0188679	0.0566038
0.578947	0.0701754	0.0701754	0.22807	0.0526316
0.571429	0.047619	0.142857	0.142857	0.0952381
0.015873	0.206349	0.047619	0.571429	0.15873
0.2	0.2	0.05	0.15	0.4
0.214286	0.285714	0.0714286	0.357143	0.0714286
0.25	0.0909091	0.272727	0.25	0.136364
0.15625	0.234375	0.140625	0.40625	0.0625
0.117647	0.117647	0.147059	0.235294	0.382353
0.111111	0.333333	0.111111	0.111111	0.333333
0.2	0.2	0.2	0.2	0.2
0.5	0.142857	0.142857	0.142857	0.0714286
0.2	0.2	0.2	0.2	0.2
0.268293	0.097561	0.341463	0.243902	0.0487805
0.47619	0.119048	0.238095	0.142857	0.0238095
0.28	0.2	0.08	0.4	0.04
0.0474138	0.0689655	0.0172414	0.780172	0.0862069
0.590164	0.0491803	0.0163934	0.311475	0.0327869
0.025	0.2	0.025	0.725	0.025
0.733333	0.0222222	0.0222222	0.0888889	0.133333
0.0104167	0.03125	0.0208333	0.1875	0.75
0.473684	0.105263	0.157895	0.210526	0.0526316
0.015625	0.125	0.0390625	0.398438	0.421875
0.25	0.166667	0.0833333	0.166667	0.333333
0.470588	0.0588235	0.0588235	0.294118	0.117647
0.153846	0.230769	0.0769231	0.461538	0.0769231
0.518519	0.164983	0.00673401	0.296296	0.013468
0.591557	0.0912929	0.233245	0.0796834	0.00422164
0.384615	0.153846	0.307692	0.0769231	0.0769231
0.101695	0.177966	0.00847458	0.694915	0.0169492
0.411765	0.117647	0.0392157	0.392157	0.0392157
0.165198	0.0572687	0.559471	0.207048	0.0110132
0.466667	0.2	0.0666667	0.0666667	0.2
0.024188	0.0995162	0.00506796	0.758351	0.112877
0.392857	0.214286	0.0357143	0.321429	0.0357143
0.129032	0.225806	0.225806	0.387097	0.0322581
0.125	0.291667	0.166667	0.375	0.0416667
0.0598802	0.101796	0.0179641	0.479042	0.341317
0.482143	0.107143	0.196429	0.196429	0.0178571
0.71875	0.09375	0.09375	0.03125	0.0625
0.681818	0.0909091	0.0909091	0.0454545	0.0909091
0.0277778	0.0833333	0.694444	0.0277778	0.166667
0.0869565	0.0434783	0.0869565	0.521739	0.26087
0.0277778	0.208333	0.0208333	0.326389	0.416667
0.0833333	0.0555556	0.0555556	0.694444	0.111111
0.186047	0.139535	0.0465116	0.604651	0.0232558
0.166667	0.666667	0.0430108	0.112903	0.0107527
0.557377	0.114754	0.0819672	0.213115	0.0327869
0.56338	0.084507	0.0422535	0.225352	0.084507
0.0384615	0.461538	0.0769231	0.384615	0.0384615
0.0760234	0.330409	0.339181	0.0847953	0.169591
0.596899	0.0542636	0.170543	0.162791	0.0155039
0.0588235	0.108456	0.0147059	0.579044	0.238971
0.647059	0.0588235	0.117647	0.117647	0.0588235
0.570175	0.0789474	0.00877193	0.333333	0.00877193
0.479167	0.0208333	0.166667	0.229167	0.104167
0.733333	0.177778	0.0222222	0.0444444	0.0222222
0.0363636	0.190909	0.0272727	0.7	0.0454545
0.585492	0.0829016	0.119171	0.202073	0.0103627
0.142857	0.2	0.0285714	0.571429	0.0571429
0.714286	0.125	0.0714286	0.0714286	0.0178571
0.0740741	0.185185	0.148148	0.518519	0.0740741
0.0148515	0.178218	0.772277	0.029703	0.0049505
0.0217391	0.173913	0.0434783	0.586957	0.173913
0.444444	0.111111	0.111111	0.222222	0.111111
0.028169	0.21831	0.028169	0.676056	0.0492958
0.411765	0.0588235	0.264706	0.235294	0.0294118
0.2	0.2	0.2	0.2	0.2
0.315789	0.0526316	0.368421	0.0526316	0.210526
0.111111	0.222222	0.111111	0.444444	0.111111
0.142857	0.428571	0.142857	0.142857	0.142857
0.36	0.08	0.24	0.28	0.04
0.526316	0.105263	0.210526	0.105263	0.0526316
0.307692	0.025641	0.102564	0.538462	0.025641
0.025641	0.615385	0.0384615	0.294872	0.025641
0.133333	0.191667	0.333333	0.325	0.0166667
0.0237389	0.0652819	0.00296736	0.51632	0.391691
0.617647	0.0588235	0.205882	0.0588235	0.0588235
0.166667	0.166667	0.0526316	0.596491	0.0175439
0.0714286	0.142857	0.0714286	0.642857	0.0714286
0.631579	0.0526316	0.157895	0.105263	0.0526316
0.1	0.3	0.1	0.45	0.05
0.229508	0.278689	0.327869	0.114754	0.0491803
0.235294	0.176471	0.117647	0.176471	0.294118
0.0206186	0.226804	0.0103093	0.319588	0.42268
0.375	0.125	0.125	0.125	0.25
0.176471	0.0588235	0.0588235	0.352941	0.352941
0.285714	0.047619	0.380952	0.238095	0.047619
0.5	0.0714286	0.142857	0.142857	0.142857
0.0681818	0.136364	0.113636	0.568182	0.113636
0.115385	0.153846	0.538462	0.128205	0.0641026
0.2	0.2	0.2	0.2	0.2
0.593023	0.0465116	0.104651	0.22093	0.0348837
0.0649819	0.65343	0.0252708	0.252708	0.00361011
0.787879	0.030303	0.0909091	0.0606061	0.030303
0.046729	0.0373832	0.0373832	0.803738	0.0747664
0.136364	0.409091	0.181818	0.181818	0.0909091
0.192308	0.384615	0.0384615	0.346154	0.0384615
0.04	0.0666667	0.0933333	0.36	0.44
0.4	0.3	0.1	0.1	0.1
0.011236	0.134831	0.011236	0.831461	0.011236
0.472222	0.111111	0.0555556	0.138889	0.222222
0.0365449	0.159468	0.152824	0.325581	0.325581
0.0526316	0.0526316	0.342105	0.5	0.0526316
0.0625	0.0646552	0.012931	0.342672	0.517241
0.549451	0.0769231	0.0879121	0.263736	0.021978
0.0494505	0.60989	0.0164835	0.307692	0.0164835
0.0118343	0.0591716	0.0236686	0.349112	0.556213
0.578947	0.105263	0.0526316	0.157895	0.105263
0.111111	0.111111	0.111111	0.444444	0.222222
0.337079	0.0674157	0.235955	0.202247	0.157303
0.357955	0.159091	0.0681818	0.346591	0.0681818
0.0933215	0.0712074	0.753649	0.0663423	0.0154799
0.0638298	0.617021	0.0425532	0.255319	0.0212766
0.0136986	0.39726	0.0547945	0.506849	0.0273973
0.390071	0.113475	0.184397	0.269504	0.0425532
0.125	0.375	0.125	0.25	0.125
0.233333	0.166667	0.0333333	0.5	0.0666667
0.235294	0.176471	0.205882	0.264706	0.117647
0.0169492	0.610169	0.0338983	0.254237	0.0847458
0.0175439	0.0233918	0.0409357	0.532164	0.385965
0.578947	0.0526316	0.105263	0.157895	0.105263
0.356322	0.235632	0.229885	0.16092	0.0172414
0.238095	0.142857	0.142857	0.238095	0.238095
0.0779221	0.168831	0.012987	0.597403	0.142857
0.0555556	0.277778	0.0555556	0.444444	0.166667
0.62963	0.0555556	0.166667	0.12963	0.0185185
0.0535714	0.0535714	0.0178571	0.857143	0.0178571
0.263889	0.152778	0.486111	0.0833333	0.0138889
0.0121951	0.0487805	0.0365854	0.841463	0.0609756
0.170213	0.191489	0.297872	0.297872	0.0425532
0.636364	0.0454545	0.0454545	0.227273	0.0454545
0.163265	0.510204	0.0612245	0.22449	0.0408163
0.209302	0.162791	0.0697674	0.534884	0.0232558
0.0869565	0.826087	0.0217391	0.0434783	0.0217391
0.0882353	0.147059	0.529412	0.117647	0.117647
0.288462	0.153846	0.0192308	0.480769	0.0576923
0.00445434	0.13029	0.0144766	0.270601	0.580178
0.0645161	0.58871	0.0322581	0.25	0.0645161
0.341176	0.223529	0.211765	0.0470588	0.176471
0.636364	0.0454545	0.0454545	0.227273	0.0454545
0.214286	0.214286	0.0714286	0.428571	0.0714286
0.181818	0.272727	0.0909091	0.272727	0.181818
0.0949367	0.177215	0.424051	0.281646	0.0221519
0.106101	0.180371	0.0185676	0.633952	0.061008
0.148148	0.148148	0.0864198	0.259259	0.358025
0.48	0.04	0.08	0.2	0.2
0.027027	0.0810811	0.189189	0.27027	0.432432
0.00763359	0.160305	0.160305	0.534351	0.137405
0.191489	0.0638298	0.425532	0.191489	0.12766
0.325581	0.162791	0.395349	0.0697674	0.0465116
0.0961538	0.288462	0.115385	0.480769	0.0192308
0.547619	0.166667	0.0714286	0.190476	0.0238095
0.0882353	0.205882	0.441176	0.176471	0.0882353
0.219512	0.0243902	0.560976	0.170732	0.0243902
0.09375	0.3125	0.09375	0.40625	0.09375
0.548387	0.0645161	0.0645161	0.290323	0.0322581
0.0983607	0.613115	0.0327869	0.252459	0.00327869
0.380952	0.166667	0.0714286	0.309524	0.0714286
0.0444444	0.4	0.0444444	0.422222	0.0888889
0.181818	0.0909091	0.0909091	0.454545	0.181818
0.0238095	0.0952381	0.047619	0.642857	0.190476
0.0714286	0.214286	0.5	0.142857	0.0714286
0.419355	0.0645161	0.129032	0.354839	0.0322581
0.0808081	0.259259	0.0572391	0.525253	0.0774411
0.672131	0.114754	0.0163934	0.180328	0.0163934
0.268293	0.170732	0.0487805	0.439024	0.0731707
0.785714	0.0892857	0.0714286	0.0178571	0.0357143
0.264463	0.264463	0.38843	0.0743802	0.00826446
0.461538	0.153846	0.0384615	0.307692	0.0384615
0.0927835	0.0103093	0.762887	0.0721649	0.0618557
0.0754717	0.509434	0.0188679	0.377358	0.0188679
0.185185	0.0185185	0.592593	0.0925926	0.111111
0.16	0.16	0.04	0.56	0.08
0.678571	0.0357143	0.0714286	0.0714286	0.142857
0.012987	0.162338	0.538961	0.272727	0.012987
0.166667	0.25	0.25	0.25	0.0833333
0.810811	0.0405405	0.0405405	0.0945946	0.0135135
0.62931	0.0775862	0.0258621	0.25	0.0172414
0.0952381	0.190476	0.190476	0.47619	0.047619
0.121212	0.515152	0.121212	0.212121	0.030303
0.298507	0.0447761	0.0895522	0.492537	0.0746269
0.222222	0.037037	0.296296	0.37037	0.0740741
0.71	0.07	0.02	0.19	0.01
0.0588235	0.627451	0.0588235	0.235294	0.0196078
0.85	0.025	0.075	0.025	0.025
0.0408163	0.510204	0.0612245	0.346939	0.0408163
0.0327869	0.672131	0.0163934	0.262295	0.0163934
0.0375	0.075	0.1375	0.74375	0.00625
0.68	0.2	0.04	0.04	0.04
0.464286	0.0714286	0.285714	0.107143	0.0714286
0.181818	0.181818	0.0909091	0.409091	0.136364
0.107143	0.0714286	0.714286	0.0714286	0.0357143
0.0518293	0.795732	0.0121951	0.128049	0.0121951
0.428571	0.271429	0.0714286	0.2	0.0285714
0.111111	0.703704	0.037037	0.111111	0.037037
0.05	0.15	0.1	0.6	0.1
0.0769231	0.581197	0.0598291	0.273504	0.00854701
0.0416667	0.0416667	0.333333	0.375	0.208333
0.2	0.2	0.2	0.2	0.2
0.792453	0.0188679	0.113208	0.0566038	0.0188679
0.225	0.375	0.025	0.3	0.075
0.2	0.05	0.3	0.35	0.1
0.2	0.2	0.2	0.2	0.2
0.1	0.0454545	0.345455	0.354545	0.154545
0.0454545	0.0909091	0.0909091	0.681818	0.0909091
0.186441	0.355932	0.101695	0.288136	0.0677966
0.707317	0.0243902	0.0243902	0.219512	0.0243902
0.571429	0.1	0.242857	0.0714286	0.0142857
0.0689655	0.172414	0.137931	0.586207	0.0344828
0.705882	0.117647	0.0294118	0.117647	0.0294118
0.681818	0.0454545	0.136364	0.0909091	0.0454545
0.6	0.0810811	0.140541	0.162162	0.0162162
0.047619	0.047619	0.047619	0.619048	0.238095
0.186047	0.0465116	0.0465116	0.604651	0.116279
0.0615385	0.169231	0.507692	0.246154	0.0153846
0.222222	0.4	0.111111	0.133333	0.133333
0.125	0.125	0.125	0.5	0.125
0.0714286	0.0714286	0.0357143	0.785714	0.0357143
0.117647	0.147059	0.5	0.205882	0.0294118
0.0454545	0.151515	0.30303	0.484848	0.0151515
0.2	0.12	0.12	0.12	0.44
0.0909091	0.227273	0.181818	0.409091	0.0909091
0.0526316	0.105263	0.105263	0.684211	0.0526316
0.142857	0.285714	0.261905	0.285714	0.0238095
0.133333	0.133333	0.0666667	0.6	0.0666667
0.416667	0.0833333	0.166667	0.166667	0.166667
0.636364	0.0454545	0.0909091	0.181818	0.0454545
0.52381	0.015873	0.0952381	0.349206	0.015873
0.815385	0.0307692	0.0307692	0.107692	0.0153846
0.234234	0.0630631	0.0720721	0.567568	0.0630631
0.108696	0.413043	0.23913	0.217391	0.0217391
0.131148	0.0983607	0.0819672	0.590164	0.0983607
0.382609	0.173913	0.0869565	0.347826	0.00869565
0.0164835	0.0906593	0.00824176	0.354396	0.53022
0.529412	0.117647	0.117647	0.176471	0.0588235
0.111111	0.444444	0.0555556	0.166667	0.222222
0.0833333	0.166667	0.0833333	0.583333	0.0833333
0.3	0.025	0.5	0.125	0.05
0.52381	0.238095	0.047619	0.142857	0.047619
0.5	0.0588235	0.117647	0.147059	0.176471
0.205128	0.0512821	0.025641	0.461538	0.25641
0.0344828	0.0689655	0.0689655	0.724138	0.103448
0.0413793	0.062069	0.0551724	0.834483	0.00689655
0.0444444	0.0555556	0.0444444	0.811111	0.0444444
0.1	0.2	0.1	0.5	0.1
0.1	0.075	0.175	0.625	0.025
0.470588	0.117647	0.205882	0.176471	0.0294118
0.0344828	0.137931	0.0172414	0.706897	0.103448
0.752577	0.0824742	0.0721649	0.0309278	0.0618557
0.588235	0.147059	0.0588235	0.176471	0.0294118
0.0172414	0.572414	0.0482759	0.358621	0.00344828
0.513043	0.0434783	0.33913	0.0869565	0.0173913
0.633333	0.0666667	0.0333333	0.2	0.0666667
0.0547945	0.0821918	0.0684932	0.520548	0.273973
0.754717	0.0188679	0.0566038	0.0754717	0.0943396
0.1875	0.03125	0.625	0.125	0.03125
0.148148	0.0740741	0.592593	0.148148	0.037037
0.0196078	0.372549	0.372549	0.156863	0.0784314
0.895833	0.0208333	0.0416667	0.0208333	0.0208333
0.421053	0.105263	0.157895	0.263158	0.0526316
0.710526	0.0263158	0.157895	0.0789474	0.0263158
0.247312	0.172043	0.290323	0.129032	0.16129
0.480769	0.0192308	0.0192308	0.403846	0.0769231
0.448276	0.206897	0.224138	0.0862069	0.0344828
0.46875	0.03125	0.03125	0.34375	0.125
0.2	0.2	0.2	0.2	0.2
0.704545	0.0681818	0.0113636	0.204545	0.0113636
0.55	0.1	0.05	0.15	0.15
0.816327	0.102041	0.0408163	0.0204082	0.0204082
0.0487805	0.0243902	0.219512	0.560976	0.146341
0.720588	0.0294118	0.0882353	0.0882353	0.0735294
0.0214286	0.15	0.128571	0.685714	0.0142857
0.00900901	0.184685	0.0855856	0.189189	0.531532
0.109195	0.0402299	0.235632	0.586207	0.0287356
0.173913	0.231884	0.42029	0.115942	0.057971
0.73913	0.0869565	0.0434783	0.0434783	0.0869565
0.222222	0.111111	0.222222	0.222222	0.222222
0.179487	0.0512821	0.538462	0.128205	0.102564
0.396226	0.226415	0.245283	0.0754717	0.0566038
0.26087	0.202899	0.115942	0.405797	0.0144928
0.194444	0.166667	0.361111	0.194444	0.0833333
0.37037	0.185185	0.296296	0.0740741	0.0740741
0.594595	0.027027	0.27027	0.0540541	0.0540541
0.03125	0.1875	0.09375	0.5	0.1875
0.127273	0.0181818	0.436364	0.290909	0.127273
0.4	0.0363636	0.436364	0.0909091	0.0363636
0.206897	0.448276	0.137931	0.103448	0.103448
0.791667	0.0416667	0.0416667	0.0833333	0.0416667
0.454545	0.0454545	0.159091	0.318182	0.0227273
0.267857	0.125	0.39881	0.160714	0.047619
0.125	0.078125	0.03125	0.6875	0.078125
0.133333	0.2	0.1	0.5	0.0666667
0.679245	0.113208	0.113208	0.0754717	0.0188679
0.444444	0.148148	0.148148	0.185185	0.0740741
0.0625	0.0625	0.25	0.5625	0.0625
0.426829	0.0121951	0.0121951	0.463415	0.0853659
0.0555556	0.103175	0.0357143	0.77381	0.031746
0.142857	0.0714286	0.0714286	0.642857	0.0714286
0.0217391	0.0724638	0.0652174	0.188406	0.652174
0.588235	0.147059	0.0882353	0.0882353	0.0882353
0.369048	0.0714286	0.0238095	0.47619	0.0595238
0.333333	0.0666667	0.0666667	0.466667	0.0666667
0.0909091	0.0454545	0.136364	0.454545	0.272727
0.0615385	0.138462	0.0153846	0.707692	0.0769231
0.3	0.166667	0.0833333	0.333333	0.116667
0.2	0.2	0.2	0.2	0.2
0.45	0.05	0.25	0.2	0.05
0.0689655	0.103448	0.0689655	0.431034	0.327586
0.027027	0.0810811	0.027027	0.783784	0.0810811
0.315789	0.210526	0.157895	0.263158	0.0526316
0.0498688	0.0866142	0.0183727	0.795276	0.0498688
0.047619	0.142857	0.142857	0.619048	0.047619
0.581818	0.0363636	0.145455	0.181818	0.0545455
0.242424	0.151515	0.030303	0.484848	0.0909091
0.466667	0.0666667	0.133333	0.266667	0.0666667
0.208333	0.333333	0.104167	0.25	0.104167
0.025	0.275	0.525	0.025	0.15
0.0425532	0.0425532	0.340426	0.468085	0.106383
0.0612245	0.204082	0.0612245	0.653061	0.0204082
0.552083	0.151042	0.0859375	0.197917	0.0130208
0.457143	0.371429	0.0285714	0.114286	0.0285714
0.00416667	0.0625	0.0666667	0.225	0.641667
0.583333	0.0833333	0.0833333	0.208333	0.0416667
0.585014	0.0432277	0.135447	0.190202	0.0461095
0.636364	0.0454545	0.181818	0.0454545	0.0909091
0.0111294	0.805441	0.067601	0.0915087	0.0243199
0.0147059	0.852941	0.0147059	0.0882353	0.0294118
0.523256	0.0232558	0.162791	0.27907	0.0116279
0.0454545	0.409091	0.0454545	0.454545	0.0454545
0.540984	0.114754	0.0163934	0.311475	0.0163934
0.018315	0.0989011	0.043956	0.79304	0.0457875
0.482759	0.0344828	0.413793	0.0344828	0.0344828
0.0344828	0.0344828	0.103448	0.689655	0.137931
0.075	0.125	0.025	0.475	0.3
0.674419	0.116279	0.0697674	0.116279	0.0232558
0.307692	0.102564	0.025641	0.512821	0.0512821
0.415094	0.207547	0.0754717	0.264151	0.0377358
0.0191257	0.172131	0.0983607	0.245902	0.464481
0.5	0.05	0.05	0.35	0.05
0.2	0.2	0.2	0.3	0.1
0.0526316	0.0225564	0.0150376	0.894737	0.0150376
0.0384615	0.269231	0.115385	0.538462	0.0384615
0.125	0.25	0.125	0.25	0.25
0.37037	0.12963	0.00925926	0.462963	0.0277778
0.0882353	0.235294	0.0294118	0.470588	0.176471
0.285714	0.0857143	0.485714	0.114286	0.0285714
0.375	0.125	0.1	0.375	0.025
0.619048	0.047619	0.0714286	0.238095	0.0238095
0.2	0.3	0.1	0.3	0.1
0.3125	0.1875	0.25	0.1875	0.0625
0.461538	0.192308	0.115385	0.192308	0.0384615
0.141414	0.333333	0.10101	0.282828	0.141414
0.104167	0.479167	0.0208333	0.333333	0.0625
0.0933333	0.106667	0.413333	0.306667	0.08
0.0462046	0.234323	0.557756	0.0957096	0.0660066
0.581395	0.0465116	0.232558	0.0697674	0.0697674
0.0229885	0.114943	0.0689655	0.678161	0.114943
0.513514	0.108108	0.027027	0.27027	0.0810811
0.0787402	0.188976	0.401575	0.314961	0.015748
0.0196078	0.0196078	0.00980392	0.921569	0.0294118
0.105263	0.105263	0.0526316	0.578947	0.157895
0.12766	0.106383	0.0212766	0.553191	0.191489
0.616667	0.05	0.0666667	0.25	0.0166667
0.701923	0.0576923	0.105769	0.115385	0.0192308
0.106383	0.148936	0.106383	0.595745	0.0425532
0.5	0.0208333	0.270833	0.145833	0.0625
0.701422	0.0473934	0.0995261	0.14218	0.00947867
0.77193	0.0175439	0.122807	0.0701754	0.0175439
0.102564	0.333333	0.025641	0.461538	0.0769231
0.125	0.125	0.0416667	0.604167	0.104167
0.632911	0.113924	0.0126582	0.227848	0.0126582
0.307692	0.230769	0.0769231	0.307692	0.0769231
0.0714286	0.357143	0.428571	0.0714286	0.0714286
0.333333	0.111111	0.111111	0.222222	0.222222
0.03125	0.1875	0.03125	0.6875	0.0625
0.173913	0.130435	0.0434783	0.478261	0.173913
0.444444	0.166667	0.0555556	0.277778	0.0555556
0.0597015	0.447761	0.149254	0.328358	0.0149254
0.157895	0.394737	0.0526316	0.368421	0.0263158
0.484375	0.09375	0.234375	0.15625	0.03125
0.230769	0.0384615	0.423077	0.269231	0.0384615
0.25	0.125	0.208333	0.291667	0.125
0.156863	0.137255	0.529412	0.156863	0.0196078
0.0483871	0.209677	0.145161	0.548387	0.0483871
0.680556	0.152778	0.0694444	0.0833333	0.0138889
0.119438	0.323185	0.540984	0.0117096	0.00468384
0.512821	0.0512821	0.0769231	0.25641	0.102564
0.0535714	0.392857	0.0535714	0.464286	0.0357143
0.0581395	0.383721	0.302326	0.232558	0.0232558
0.105263	0.184211	0.0789474	0.552632	0.0789474
0.493506	0.116883	0.220779	0.142857	0.025974
0.564286	0.157143	0.0785714	0.15	0.05
0.0384615	0.0384615	0.0769231	0.576923	0.269231
0.670886	0.132911	0.00632911	0.164557	0.0253165
0.0285714	0.314286	0.0571429	0.571429	0.0285714
0.0526316	0.0526316	0.447368	0.394737	0.0526316
0.863014	0.0205479	0.0890411	0.0205479	0.00684932
0.526316	0.105263	0.0526316	0.263158	0.0526316
0.04	0.8	0.04	0.08	0.04
0.08	0.2	0.6	0.08	0.04
0.0333333	0.183333	0.3	0.433333	0.05
0.176471	0.117647	0.156863	0.509804	0.0392157
0.105263	0.105263	0.368421	0.368421	0.0526316
0.0294118	0.647059	0.0588235	0.235294	0.0294118
0.166667	0.0833333	0.0833333	0.583333	0.0833333
0.16	0.08	0.08	0.6	0.08
0.0869565	0.478261	0.0434783	0.347826	0.0434783
0.619048	0.190476	0.047619	0.0952381	0.047619
0.714286	0.12987	0.012987	0.0779221	0.0649351
0.162162	0.216216	0.027027	0.486486	0.108108
0.34	0.04	0.4	0.18	0.04
0.307018	0.245614	0.114035	0.280702	0.0526316
0.110169	0.627119	0.0254237	0.20339	0.0338983
0.25	0.0833333	0.166667	0.416667	0.0833333
0.446154	0.0923077	0.0461538	0.369231	0.0461538
0.0638298	0.276596	0.148936	0.255319	0.255319
0.0625	0.125	0.1875	0.40625	0.21875
0.0142857	0.214286	0.114286	0.414286	0.242857
0.111111	0.481481	0.111111	0.222222	0.0740741
0.113924	0.443038	0.101266	0.291139	0.0506329
0.12987	0.350649	0.025974	0.467532	0.025974
0.00480769	0.1875	0.759615	0.0432692	0.00480769
0.785714	0.0408163	0.0102041	0.112245	0.0510204
0.388889	0.222222	0.277778	0.0555556	0.0555556
0.428571	0.142857	0.333333	0.047619	0.047619
0.555556	0.166667	0.166667	0.0555556	0.0555556
0.0555556	0.0555556	0.0555556	0.777778	0.0555556
0.347826	0.217391	0.0434783	0.304348	0.0869565
0.192308	0.0384615	0.346154	0.346154	0.0769231
0.147059	0.117647	0.117647	0.5	0.117647
0.0138889	0.236111	0.0416667	0.375	0.333333
0.702703	0.045045	0.036036	0.207207	0.00900901
0.4	0.155556	0.0222222	0.377778	0.0444444
0.0185185	0.037037	0.203704	0.722222	0.0185185
0.166667	0.166667	0.333333	0.166667	0.166667
0.0535714	0.589286	0.0357143	0.285714	0.0357143
0.596154	0.0961538	0.0192308	0.25	0.0384615
0.225806	0.193548	0.16129	0.225806	0.193548
0.0833333	0.0833333	0.5	0.25	0.0833333
0.813953	0.0232558	0.0930233	0.0465116	0.0232558
0.05	0.3	0.1	0.45	0.1
0.0484694	0.145408	0.0357143	0.737245	0.0331633
0.0625	0.5625	0.0625	0.25	0.0625
0.0909091	0.272727	0.0909091	0.454545	0.0909091
0.484848	0.030303	0.0606061	0.363636	0.0606061
0.111111	0.166667	0.111111	0.388889	0.222222
0.0101523	0.0456853	0.0253807	0.893401	0.0253807
0.24375	0.0875	0.3125	0.225	0.13125
0.393939	0.30303	0.0606061	0.212121	0.030303
0.178571	0.0785714	0.135714	0.564286	0.0428571
0.0140845	0.028169	0.0140845	0.225352	0.71831
0.142857	0.142857	0.428571	0.142857	0.142857
0.0425532	0.0106383	0.0106383	0.287234	0.648936
0.555556	0.0808081	0.10101	0.237374	0.0252525
0.257143	0.171429	0.371429	0.142857	0.0571429
0.5	0.05	0.0375	0.4	0.0125
0.2	0.2	0.2	0.2	0.2
0.24	0.24	0.04	0.44	0.04
0.0694444	0.25	0.0138889	0.652778	0.0138889
0.0507246	0.398551	0.0507246	0.442029	0.057971
0.318182	0.272727	0.0454545	0.318182	0.0454545
0.578947	0.105263	0.0526316	0.105263	0.157895
0.0724638	0.173913	0.231884	0.318841	0.202899
0.333333	0.111111	0.0555556	0.444444	0.0555556
0.192308	0.153846	0.192308	0.423077	0.0384615
0.0416667	0.25	0.0416667	0.541667	0.125
0.0128205	0.217949	0.24359	0.487179	0.0384615
0.0666667	0.133333	0.0888889	0.688889	0.0222222
0.0714286	0.107143	0.0714286	0.464286	0.285714
0.298246	0.210526	0.0877193	0.368421	0.0350877
0.0392157	0.196078	0.215686	0.352941	0.196078
0.205882	0.0882353	0.382353	0.264706	0.0588235
0.5	0.0625	0.25	0.125	0.0625
0.0588235	0.0588235	0.0588235	0.588235	0.235294
0.0384615	0.0769231	0.0769231	0.692308	0.115385
0.277778	0.333333	0.0555556	0.277778	0.0555556
0.2	0.2	0.2	0.2	0.2
0.606061	0.121212	0.0909091	0.121212	0.0606061
0.246377	0.318841	0.057971	0.217391	0.15942
0.16	0.2	0.48	0.12	0.04
0.113636	0.0227273	0.181818	0.659091	0.0227273
0.8	0.0461538	0.107692	0.0307692	0.0153846
0.0192308	0.0576923	0.0192308	0.846154	0.0576923
0.0454545	0.204545	0.0227273	0.545455	0.181818
0.565217	0.0434783	0.130435	0.130435	0.130435
0.105263	0.263158	0.236842	0.368421	0.0263158
0.0416667	0.375	0.0833333	0.458333	0.0416667
0.448718	0.166667	0.294872	0.0769231	0.0128205
0.157895	0.0526316	0.157895	0.578947	0.0526316
0.486486	0.0405405	0.216216	0.243243	0.0135135
0.0507246	0.152174	0.00724638	0.702899	0.0869565
0.204545	0.25	0.0340909	0.477273	0.0340909
0.181818	0.025974	0.038961	0.571429	0.181818
0.25	0.09375	0.375	0.125	0.15625
0.0338983	0.338983	0.0169492	0.570621	0.039548
0.0285714	0.0428571	0.0285714	0.557143	0.342857
0.166667	0.333333	0.166667	0.166667	0.166667
0.4	0.266667	0.2	0.0666667	0.0666667
0.2	0.2	0.2	0.2	0.2
0.0526316	0.149123	0.00877193	0.72807	0.0614035
0.0222222	0.0666667	0.0444444	0.855556	0.0111111
0.28125	0.09375	0.0625	0.4375	0.125
0.234848	0.189394	0.00757576	0.477273	0.0909091
0.0235294	0.2	0.0235294	0.694118	0.0588235
0.525	0.05	0.175	0.125	0.125
0.0263158	0.605263	0.0263158	0.315789	0.0263158
0.166667	0.222222	0.537037	0.0555556	0.0185185
0.0232558	0.0930233	0.0697674	0.767442	0.0465116
0.109375	0.4375	0.15625	0.21875	0.078125
0.170732	0.0243902	0.0243902	0.731707	0.0487805
0.142857	0.0952381	0.047619	0.142857	0.571429
0.025641	0.666667	0.025641	0.230769	0.0512821
0.083045	0.110727	0.0346021	0.740484	0.0311419
0.5	0.107143	0.0714286	0.285714	0.0357143
0.0434783	0.173913	0.108696	0.543478	0.130435
0.181818	0.136364	0.545455	0.0909091	0.0454545
0.555556	0.0555556	0.277778	0.0555556	0.0555556
0.826087	0.0434783	0.101449	0.0144928	0.0144928
0.73913	0.0869565	0.0434783	0.0434783	0.0869565
0.0137931	0.262069	0.0413793	0.634483	0.0482759
0.166667	0.0833333	0.416667	0.25	0.0833333
0.108696	0.25	0.141304	0.293478	0.206522
0.153846	0.153846	0.153846	0.461538	0.0769231
0.233333	0.1	0.0333333	0.533333	0.1
0.0714286	0.142857	0.142857	0.5	0.142857
0.625	0.0625	0.0625	0.1875	0.0625
0.645161	0.0645161	0.16129	0.112903	0.016129
0.671053	0.0921053	0.0657895	0.131579	0.0394737
0.213333	0.373333	0.12	0.28	0.0133333
0.0357143	0.015873	0.00793651	0.912698	0.0277778
0.0176991	0.0442478	0.831858	0.0973451	0.00884956
0.214286	0.0714286	0.142857	0.357143	0.214286
0.267442	0.0872093	0.0116279	0.604651	0.0290698
0.208333	0.0833333	0.416667	0.25	0.0416667
0.0742857	0.314286	0.04	0.428571	0.142857
0.3125	0.03125	0.25	0.3125	0.09375
0.685714	0.0380952	0.180952	0.0857143	0.00952381
0.625	0.14881	0.0416667	0.130952	0.0535714
0.677419	0.0645161	0.0645161	0.0645161	0.129032
0.2	0.2	0.2	0.2	0.2
0.125	0.0625	0.1875	0.5	0.125
0.529412	0.117647	0.117647	0.117647	0.117647
0.839623	0.081761	0.00314465	0.0691824	0.00628931
0.0714286	0.214286	0.5	0.142857	0.0714286
0.0333333	0.666667	0.0333333	0.233333	0.0333333
0.0333333	0.1	0.483333	0.333333	0.05
0.390909	0.136364	0.154545	0.163636	0.154545
0.542056	0.121495	0.0934579	0.233645	0.00934579
0.0357143	0.142857	0.0535714	0.75	0.0178571
0.3	0.2	0.025	0.275	0.2
0.772727	0.0625	0.0284091	0.130682	0.00568182
0.64	0.12	0.12	0.08	0.04
0.11828	0.204301	0.0107527	0.580645	0.0860215
0.277778	0.277778	0.333333	0.0555556	0.0555556
0.288462	0.0512821	0.00641026	0.647436	0.00641026
0.606061	0.151515	0.0606061	0.151515	0.030303
0.380952	0.142857	0.206349	0.142857	0.126984
0.00746269	0.0298507	0.0223881	0.380597	0.559701
0.166667	0.166667	0.125	0.458333	0.0833333
0.2	0.2	0.2	0.2	0.2
0.27907	0.186047	0.0930233	0.348837	0.0930233
0.375	0.25	0.125	0.125	0.125
0.0454545	0.136364	0.0227273	0.772727	0.0227273
0.0138889	0.666667	0.0138889	0.25	0.0555556
0.0368664	0.40553	0.0414747	0.502304	0.0138249
0.047619	0.0952381	0.047619	0.47619	0.333333
0.48	0.04	0.28	0.16	0.04
0.855072	0.0289855	0.057971	0.0434783	0.0144928
0.125	0.0625	0.6875	0.0625	0.0625
0.0714491	0.00172166	0.0175036	0.000860832	0.908465
0.0189036	0.149338	0.0094518	0.202268	0.620038
0.614286	0.0642857	0.228571	0.0714286	0.0214286
0.0677966	0.0677966	0.0169492	0.542373	0.305085
0.466667	0.266667	0.0666667	0.133333	0.0666667
0.1	0.75	0.05	0.05	0.05
0.454545	0.030303	0.030303	0.424242	0.0606061
0.74359	0.0769231	0.128205	0.025641	0.025641
0.107143	0.25	0.285714	0.321429	0.0357143
0.0526316	0.0736842	0.0315789	0.789474	0.0526316
0.266667	0.133333	0.0666667	0.466667	0.0666667
0.632812	0.0625	0.0625	0.226562	0.015625
0.09	0.46	0.01	0.41	0.03
0.00647249	0.012945	0.0355987	0.941748	0.00323625
0.483871	0.0322581	0.387097	0.0645161	0.0322581
0.333333	0.25	0.0833333	0.25	0.0833333
0.111111	0.444444	0.111111	0.111111	0.222222
0.930435	0.026087	0.026087	0.00869565	0.00869565
0.68	0.08	0.02	0.06	0.16
0.222222	0.0555556	0.0555556	0.555556	0.111111
0.0379147	0.165877	0.07109	0.241706	0.483412
0.541667	0.0555556	0.0833333	0.305556	0.0138889
0.0357143	0.232143	0.25	0.125	0.357143
0.302326	0.0697674	0.209302	0.302326	0.116279
0.107143	0.395833	0.00595238	0.431548	0.0595238
0.210526	0.157895	0.0526316	0.368421	0.210526
0.571429	0.047619	0.238095	0.0952381	0.047619
0.0964912	0.280702	0.45614	0.114035	0.0526316
0.0833333	0.0833333	0.0833333	0.583333	0.166667
0.119777	0.114206	0.707521	0.0278552	0.0306407
0.0370828	0.0704574	0.866502	0.0210136	0.00494438
0.142857	0.214286	0.214286	0.285714	0.142857
0.304348	0.173913	0.130435	0.347826	0.0434783
0.277778	0.166667	0.111111	0.277778	0.166667
0.0588235	0.517028	0.0185759	0.365325	0.0402477
0.172131	0.188525	0.360656	0.254098	0.0245902
0.318182	0.0606061	0.0454545	0.560606	0.0151515
0.411765	0.0392157	0.0980392	0.431373	0.0196078
0.196078	0.137255	0.147059	0.5	0.0196078
0.351351	0.027027	0.486486	0.108108	0.027027
0.394737	0.0526316	0.184211	0.289474	0.0789474
0.25	0.0833333	0.25	0.375	0.0416667
0.294118	0.205882	0.0882353	0.205882	0.205882
0.2	0.2	0.2	0.2	0.2
0.219512	0.134146	0.097561	0.219512	0.329268
0.255814	0.348837	0.0232558	0.325581	0.0465116
0.0943396	0.54717	0.0188679	0.226415	0.113208
0.00383142	0.0383142	0.0249042	0.166667	0.766284
0.432432	0.0540541	0.297297	0.162162	0.0540541
0.555556	0.037037	0.037037	0.296296	0.0740741
0.555556	0.208333	0.166667	0.0555556	0.0138889
0.666667	0.166667	0.0333333	0.0333333	0.1
0.122195	0.42394	0.0448878	0.366584	0.042394
0.772727	0.0454545	0.0909091	0.0454545	0.0454545
0.0897436	0.371795	0.0128205	0.487179	0.0384615
0.284404	0.376147	0.00917431	0.321101	0.00917431
0.0714286	0.44898	0.0204082	0.377551	0.0816327
0.14	0.3	0.24	0.3	0.02
0.0789474	0.657895	0.0263158	0.184211	0.0526316
0.038961	0.298701	0.246753	0.402597	0.012987
0.2	0.2	0.2	0.2	0.2
0.388889	0.111111	0.333333	0.111111	0.0555556
0.0263158	0.473684	0.0526316	0.368421	0.0789474
0.015873	0.142857	0.026455	0.767196	0.047619
0.025641	0.717949	0.025641	0.205128	0.025641
0.2	0.2	0.2	0.2	0.2
0.181818	0.0909091	0.0454545	0.454545	0.227273
0.156627	0.0843373	0.433735	0.277108	0.0481928
0.0142857	0.0428571	0.0428571	0.7	0.2
0.193548	0.0322581	0.354839	0.387097	0.0322581
0.1	0.25	0.225	0.4	0.025
0.272727	0.272727	0.0909091	0.272727	0.0909091
0.157895	0.105263	0.315789	0.368421	0.0526316
0.333333	0.25	0.0833333	0.25	0.0833333
0.816327	0.0204082	0.0408163	0.0612245	0.0612245
0.105263	0.105263	0.105263	0.526316	0.157895
0.0232558	0.0465116	0.0232558	0.790698	0.116279
0.341463	0.170732	0.219512	0.243902	0.0243902
0.394636	0.091954	0.130268	0.176245	0.206897
0.40625	0.03125	0.15625	0.28125	0.125
0.586667	0.0266667	0.0266667	0.333333	0.0266667
0.592593	0.111111	0.185185	0.0740741	0.037037
0.0941176	0.141176	0.305882	0.388235	0.0705882
0.0909091	0.590909	0.0909091	0.136364	0.0909091
0.285714	0.214286	0.285714	0.142857	0.0714286
0.0612245	0.673469	0.0408163	0.122449	0.102041
0.3	0.05	0.15	0.45	0.05
0.681818	0.0909091	0.0454545	0.136364	0.0454545
0.452381	0.202381	0.047619	0.285714	0.0119048
0.0181818	0.236364	0.0545455	0.545455	0.145455
0.03125	0.21875	0.65625	0.0625	0.03125
0.426573	0.237762	0.0979021	0.0629371	0.174825
0.622951	0.0819672	0.147541	0.131148	0.0163934
0.290323	0.16129	0.225806	0.193548	0.129032
0.52381	0.190476	0.047619	0.190476	0.047619
0.210526	0.0526316	0.368421	0.263158	0.105263
0.2	0.2	0.2	0.2	0.2
0.893939	0.0606061	0.0151515	0.0151515	0.0151515
0.116279	0.186047	0.0465116	0.604651	0.0465116
0.561798	0.0449438	0.0674157	0.303371	0.0224719
0.0634921	0.52381	0.15873	0.222222	0.031746
0.346154	0.0384615	0.538462	0.0384615	0.0384615
0.0490196	0.323529	0.0490196	0.529412	0.0490196
0.590361	0.228916	0.0963855	0.060241	0.0240964
0.615385	0.0769231	0.0769231	0.192308	0.0384615
0.382353	0.0882353	0.176471	0.0588235	0.294118
0.162162	0.432432	0.0810811	0.27027	0.0540541
0.647059	0.0588235	0.0588235	0.117647	0.117647
0.764706	0.0588235	0.0588235	0.0588235	0.0588235
0.529412	0.0588235	0.0588235	0.294118	0.0588235
0.214286	0.0714286	0.0714286	0.5	0.142857
0.773585	0.0943396	0.0566038	0.0377358	0.0377358
0.692308	0.1	0.115385	0.0769231	0.0153846
0.2	0.2	0.2	0.2	0.2
0.53125	0.0625	0.03125	0.28125	0.09375
0.319444	0.0972222	0.222222	0.347222	0.0138889
0.125448	0.129032	0.0322581	0.673835	0.0394265
0.0384615	0.115385	0.0384615	0.692308	0.115385
0.0666667	0.0666667	0.0666667	0.4	0.4
0.0416667	0.166667	0.416667	0.333333	0.0416667
0.1	0.0375	0.025	0.375	0.4625
0.5	0.138889	0.222222	0.111111	0.0277778
0.433333	0.0333333	0.0666667	0.266667	0.2
0.0357143	0.285714	0.0714286	0.535714	0.0714286
0.0307377	0.383197	0.0840164	0.422131	0.079918
0.047619	0.142857	0.047619	0.285714	0.47619
0.181818	0.181818	0.181818	0.363636	0.0909091
0.743421	0.0328947	0.0526316	0.157895	0.0131579
0.0887097	0.290323	0.427419	0.177419	0.016129
0.0157325	0.119961	0.0580138	0.202065	0.604228
0.5	0.0238095	0.0714286	0.333333	0.0714286
0.689655	0.0344828	0.0689655	0.172414	0.0344828
0.6	0.0366667	0.153333	0.173333	0.0366667
0.557377	0.0983607	0.196721	0.131148	0.0163934
0.208333	0.208333	0.333333	0.208333	0.0416667
0.630769	0.138462	0.0153846	0.169231	0.0461538
0.537037	0.0925926	0.0740741	0.277778	0.0185185
0.0412371	0.0206186	0.0309278	0.865979	0.0412371
0.462366	0.0537634	0.0645161	0.376344	0.0430108
0.37037	0.185185	0.185185	0.222222	0.037037
0.0328767	0.145205	0.0383562	0.183562	0.6
0.0540541	0.72973	0.027027	0.135135	0.0540541
0.0114943	0.0229885	0.0229885	0.781609	0.16092
0.027027	0.216216	0.432432	0.27027	0.0540541
0.0652174	0.210145	0.0652174	0.130435	0.528986
0.0909091	0.030303	0.0909091	0.757576	0.030303
0.111111	0.111111	0.111111	0.611111	0.0555556
0.0230769	0.376923	0.0307692	0.553846	0.0153846
0.3	0.166667	0.3	0.2	0.0333333
0.333333	0.0416667	0.416667	0.125	0.0833333
0.316667	0.0666667	0.0166667	0.433333	0.166667
0.030303	0.444444	0.373737	0.131313	0.020202
0.423729	0.0677966	0.20339	0.271186	0.0338983
0.787879	0.0454545	0.0606061	0.0757576	0.030303
0.5	0.0714286	0.142857	0.25	0.0357143
0.470588	0.0588235	0.27451	0.117647	0.0784314
0.0227273	0.636364	0.0227273	0.25	0.0681818
0.444444	0.111111	0.111111	0.222222	0.111111
0.457143	0.2	0.171429	0.142857	0.0285714
0.0539419	0.107884	0.00829876	0.282158	0.547718
0.0250836	0.0585284	0.041806	0.864548	0.0100334
0.222222	0.037037	0.259259	0.37037	0.111111
0.0649351	0.038961	0.012987	0.402597	0.480519
0.428571	0.142857	0.0714286	0.214286	0.142857
0.809524	0.015873	0.047619	0.111111	0.015873
0.512605	0.105042	0.0714286	0.264706	0.0462185
0.0869565	0.0652174	0.0434783	0.73913	0.0652174
0.596491	0.122807	0.0701754	0.192982	0.0175439
0.6	0.0666667	0.0666667	0.0666667	0.2
0.611111	0.0555556	0.0277778	0.277778	0.0277778
0.0428314	0.141569	0.694319	0.109107	0.0121731
0.166667	0.333333	0.166667	0.166667	0.166667
0.0544554	0.207921	0.029703	0.485149	0.222772
0.0909091	0.181818	0.0909091	0.545455	0.0909091
0.130221	0.0565111	0.0724816	0.0540541	0.686732
0.0571429	0.0465608	0.0137566	0.782011	0.100529
0.0357143	0.785714	0.0714286	0.0714286	0.0357143
0.012987	0.025974	0.0649351	0.441558	0.454545
0.0477118	0.260954	0.510224	0.152872	0.0282376
0.666667	0.111111	0.0555556	0.138889	0.0277778
0.444444	0.166667	0.0555556	0.166667	0.166667
0.0357143	0.107143	0.0357143	0.75	0.0714286
0.0666667	0.333333	0.133333	0.266667	0.2
0.56044	0.10989	0.0989011	0.208791	0.021978
0.625	0.09375	0.03125	0.1875	0.0625
0.404762	0.238095	0.214286	0.119048	0.0238095
0.0555556	0.12963	0.0740741	0.703704	0.037037
0.0322581	0.225806	0.0645161	0.451613	0.225806
0.272727	0.318182	0.0757576	0.272727	0.0606061
0.1	0.15	0.05	0.65	0.05
0.0367647	0.132353	0.147059	0.654412	0.0294118
0.619048	0.047619	0.190476	0.0952381	0.047619
0.676471	0.176471	0.0882353	0.0294118	0.0294118
0.448276	0.137931	0.241379	0.103448	0.0689655
0.135135	0.027027	0.324324	0.486486	0.027027
0.173913	0.0869565	0.0869565	0.565217	0.0869565
0.105263	0.105263	0.0526316	0.684211	0.0526316
0.538462	0.0769231	0.0769231	0.153846	0.153846
0.711538	0.0769231	0.0961538	0.0384615	0.0769231
0.2	0.2	0.2	0.2	0.2
0.343284	0.0149254	0.313433	0.313433	0.0149254
0.150943	0.264151	0.301887	0.169811	0.113208
0.4375	0.0625	0.125	0.3125	0.0625
0.131579	0.0789474	0.631579	0.131579	0.0263158
0.0199005	0.104478	0.0547264	0.686567	0.134328
0.483146	0.0674157	0.0898876	0.314607	0.0449438
0.705882	0.0588235	0.0588235	0.117647	0.0588235
0.516667	0.216667	0.0833333	0.15	0.0333333
0.545455	0.0606061	0.030303	0.333333	0.030303
0.0217391	0.217391	0.0434783	0.673913	0.0434783
0.08	0.6	0.06	0.24	0.02
0.242991	0.0934579	0.0186916	0.560748	0.0841121
0.444444	0.148148	0.185185	0.185185	0.037037
0.2	0.2	0.2	0.2	0.2
0.0478469	0.0334928	0.631579	0.239234	0.0478469
0.0652174	0.173913	0.152174	0.565217	0.0434783
0.0526316	0.315789	0.157895	0.421053	0.0526316
0.652174	0.130435	0.0217391	0.173913	0.0217391
0.4	0.3	0.1	0.15	0.05
0.5	0.176471	0.0588235	0.176471	0.0882353
0.0491803	0.590164	0.0163934	0.327869	0.0163934
0.157895	0.210526	0.105263	0.421053	0.105263
0.3125	0.0625	0.0625	0.4375	0.125
0.523077	0.0461538	0.153846	0.184615	0.0923077
0.15	0.05	0.05	0.6	0.15
0.0235849	0.15566	0.0353774	0.403302	0.382075
0.0823529	0.0705882	0.0235294	0.776471	0.0470588
0.694444	0.166667	0.0277778	0.0555556	0.0555556
0.321429	0.214286	0.0357143	0.392857	0.0357143
0.0816327	0.142857	0.653061	0.102041	0.0204082
0.597701	0.091954	0.0574713	0.241379	0.0114943
0.631579	0.0526316	0.0526316	0.0526316	0.210526
0.478261	0.0869565	0.130435	0.217391	0.0869565
0.148148	0.259259	0.185185	0.37037	0.037037
0.344828	0.0344828	0.344828	0.241379	0.0344828
0.222222	0.0740741	0.444444	0.222222	0.037037
0.0166667	0.45	0.0666667	0.416667	0.05
0.0689655	0.655172	0.137931	0.0689655	0.0689655
0.125	0.125	0.375	0.25	0.125
0.025641	0.0897436	0.0128205	0.333333	0.538462
0.409639	0.120482	0.216867	0.240964	0.0120482
0.142857	0.0204082	0.183673	0.55102	0.102041
0.1	0.1	0.1	0.6	0.1
0.576577	0.045045	0.234234	0.135135	0.00900901
0.469388	0.142857	0.0408163	0.326531	0.0204082
0.15	0.05	0.05	0.65	0.1
0.735294	0.176471	0.0294118	0.0294118	0.0294118
0.285714	0.0892857	0.125	0.482143	0.0178571
0.0446927	0.167598	0.653631	0.0782123	0.0558659
0.333333	0.181818	0.242424	0.0606061	0.181818
0.0140845	0.0140845	0.0422535	0.619718	0.309859
0.566667	0.2	0.0666667	0.133333	0.0333333
0.0227273	0.125	0.0227273	0.806818	0.0227273
0.541237	0.0850515	0.118557	0.247423	0.00773196
0.535714	0.107143	0.107143	0.107143	0.142857
0.1	0.1	0.5	0.2	0.1
0.132075	0.471698	0.0188679	0.320755	0.0566038
0.0909091	0.0454545	0.681818	0.0909091	0.0909091
0.0645161	0.0967742	0.0322581	0.580645	0.225806
0.454545	0.0909091	0.0909091	0.272727	0.0909091
0.5	0.363636	0.0113636	0.113636	0.0113636
0.0222222	0.217094	0.0871795	0.0940171	0.579487
0.555556	0.155556	0.155556	0.111111	0.0222222
0.1	0.2	0.1	0.3	0.3
0.05	0.1	0.025	0.775	0.05
0.565217	0.130435	0.0434783	0.217391	0.0434783
0.71831	0.140845	0.0422535	0.084507	0.0140845
0.4	0.133333	0.133333	0.2	0.133333
0.545455	0.181818	0.0909091	0.0909091	0.0909091
0.194444	0.194444	0.111111	0.222222	0.277778
0.581395	0.0930233	0.0232558	0.255814	0.0465116
