0.111111	0.333333	0.0444444	0.0222222	0.0666667	0.0222222	0.266667	0.133333
0.107143	0.0357143	0.0714286	0.0357143	0.285714	0.0357143	0.357143	0.0714286
0.0530035	0.459364	0.0848057	0.00353357	0.166078	0.123675	0.0388693	0.0706714
0.111111	0.037037	0.148148	0.037037	0.037037	0.0740741	0.518519	0.037037
0.0708661	0.023622	0.0866142	0.015748	0.488189	0.0393701	0.015748	0.259843
0.047619	0.190476	0.0952381	0.047619	0.238095	0.0952381	0.0952381	0.190476
0.0357143	0.0357143	0.0357143	0.214286	0.0714286	0.0357143	0.535714	0.0357143
0.125	0.125	0.125	0.125	0.125	0.125	0.125	0.125
0.172414	0.0172414	0.0172414	0.0172414	0.189655	0.0862069	0.465517	0.0344828
0.15625	0.125	0.046875	0.03125	0.125	0.34375	0.0625	0.109375
0.0384615	0.0384615	0.0192308	0.0384615	0.115385	0.0576923	0.673077	0.0192308
0.114286	0.4	0.171429	0.0285714	0.0285714	0.171429	0.0571429	0.0285714
0.0430108	0.0537634	0.0107527	0.0322581	0.193548	0.107527	0.548387	0.0107527
0.0769231	0.0307692	0.0153846	0.0153846	0.538462	0.0461538	0.184615	0.0923077
0.0427046	0.088968	0.156584	0.0604982	0.33452	0.270463	0.0106762	0.0355872
0.0625	0.00694444	0.0347222	0.222222	0.0138889	0.180556	0.451389	0.0277778
0.173913	0.0434783	0.0869565	0.0434783	0.0434783	0.0434783	0.478261	0.0869565
0.117647	0.0588235	0.0196078	0.294118	0.137255	0.137255	0.215686	0.0196078
0.152174	0.652174	0.0217391	0.0217391	0.0434783	0.0652174	0.0217391	0.0217391
0.0136986	0.178082	0.0547945	0.123288	0.0410959	0.178082	0.39726	0.0136986
0.0483871	0.112903	0.016129	0.016129	0.5	0.016129	0.016129	0.274194
0.0204082	0.0204082	0.408163	0.0204082	0.102041	0.122449	0.122449	0.183673
0.0196078	0.0980392	0.0196078	0.0392157	0.666667	0.0196078	0.0392157	0.0980392
0.111111	0.111111	0.222222	0.111111	0.111111	0.111111	0.111111	0.111111
0.0416667	0.0625	0.0208333	0.104167	0.0625	0.520833	0.0833333	0.104167
0.230769	0.0384615	0.0384615	0.0384615	0.153846	0.0384615	0.0769231	0.384615
0.2	0.04	0.04	0.04	0.2	0.36	0.04	0.08
0.214286	0.0714286	0.142857	0.285714	0.0714286	0.0714286	0.0714286	0.0714286
0.111111	0.0555556	0.0555556	0.0555556	0.222222	0.277778	0.0555556	0.166667
0.00953678	0.00408719	0.0163488	0.00408719	0.0231608	0.0613079	0.0013624	0.880109
0.15625	0.03125	0.03125	0.03125	0.28125	0.125	0.28125	0.0625
0.0333333	0.166667	0.0666667	0.0333333	0.6	0.0333333	0.0333333	0.0333333
0.0483871	0.451613	0.177419	0.0967742	0.0322581	0.016129	0.0806452	0.0967742
0.03125	0.015625	0.078125	0.140625	0.4375	0.21875	0.0625	0.015625
0.133929	0.294643	0.178571	0.00892857	0.232143	0.0892857	0.0178571	0.0446429
0.0165746	0.00552486	0.0110497	0.00552486	0.237569	0.0718232	0.0165746	0.635359
0.263158	0.0526316	0.0526316	0.315789	0.0526316	0.0526316	0.157895	0.0526316
0.0344828	0.0689655	0.103448	0.0689655	0.172414	0.172414	0.344828	0.0344828
0.0151515	0.166667	0.151515	0.212121	0.181818	0.166667	0.0757576	0.030303
0.00555556	0.141667	0.355556	0.00555556	0.0277778	0.0138889	0.422222	0.0277778
0.0434783	0.0108696	0.0652174	0.0217391	0.608696	0.141304	0.0108696	0.0978261
0.0967742	0.0430108	0.0215054	0.0215054	0.247312	0.376344	0.0645161	0.129032
0.047619	0.0952381	0.285714	0.047619	0.285714	0.047619	0.047619	0.142857
0.0434783	0.478261	0.115942	0.0144928	0.144928	0.0724638	0.115942	0.0144928
0.039312	0.0663391	0.034398	0.004914	0.641278	0.0761671	0.022113	0.115479
0.0102041	0.00510204	0.0357143	0.872449	0.00510204	0.0153061	0.00510204	0.0510204
0.0277778	0.277778	0.0833333	0.0555556	0.166667	0.194444	0.0277778	0.166667
0.104294	0.0552147	0.558282	0.00613497	0.153374	0.0674847	0.0429448	0.0122699
0.0810811	0.027027	0.027027	0.027027	0.486486	0.243243	0.027027	0.0810811
0.879032	0.0403226	0.00806452	0.00403226	0.0524194	0.00806452	0.00403226	0.00403226
0.596154	0.0192308	0.0192308	0.0192308	0.192308	0.0384615	0.0384615	0.0769231
0.030303	0.030303	0.030303	0.030303	0.030303	0.121212	0.666667	0.0606061
0.0806452	0.0201613	0.0806452	0.0282258	0.0887097	0.532258	0.165323	0.00403226
0.0430108	0.0430108	0.0430108	0.419355	0.0537634	0.0430108	0.344086	0.0107527
0.518519	0.111111	0.037037	0.037037	0.037037	0.037037	0.037037	0.185185
0.325581	0.0465116	0.162791	0.0465116	0.162791	0.0232558	0.116279	0.116279
0.118421	0.0131579	0.0131579	0.0131579	0.473684	0.157895	0.0131579	0.197368
0.028169	0.0422535	0.056338	0.028169	0.478873	0.028169	0.112676	0.225352
0.178571	0.107143	0.0357143	0.178571	0.178571	0.0714286	0.142857	0.107143
0.222222	0.311111	0.0222222	0.0222222	0.177778	0.155556	0.0444444	0.0444444
0.0344828	0.103448	0.0344828	0.0344828	0.0689655	0.62069	0.0689655	0.0344828
0.0196078	0.0196078	0.0392157	0.0196078	0.627451	0.117647	0.0784314	0.0784314
0.0222222	0.133333	0.155556	0.0222222	0.222222	0.0444444	0.288889	0.111111
0.117647	0.598039	0.0294118	0.0294118	0.0686275	0.117647	0.0294118	0.00980392
0.2	0.0222222	0.2	0.0222222	0.244444	0.0222222	0.222222	0.0666667
0.0555556	0.277778	0.111111	0.111111	0.25	0.138889	0.0277778	0.0277778
0.104167	0.0208333	0.104167	0.0208333	0.104167	0.0833333	0.541667	0.0208333
0.0810811	0.162162	0.108108	0.0540541	0.0540541	0.0540541	0.459459	0.027027
0.0533333	0.08	0.0266667	0.266667	0.426667	0.0533333	0.0533333	0.04
0.0408163	0.0612245	0.0612245	0.306122	0.326531	0.142857	0.0408163	0.0204082
0.0689655	0.0344828	0.172414	0.0344828	0.103448	0.0689655	0.448276	0.0689655
0.176471	0.0588235	0.117647	0.0588235	0.0588235	0.176471	0.294118	0.0588235
0.272727	0.0454545	0.0454545	0.0909091	0.0454545	0.272727	0.0454545	0.181818
0.346154	0.115385	0.0769231	0.0769231	0.153846	0.0384615	0.115385	0.0769231
0.0679012	0.00617284	0.037037	0.0123457	0.339506	0.037037	0.0185185	0.481481
0.803571	0.0357143	0.0178571	0.0178571	0.0178571	0.0714286	0.0178571	0.0178571
0.133333	0.0666667	0.0333333	0.05	0.133333	0.55	0.0166667	0.0166667
0.0833333	0.0416667	0.0416667	0.208333	0.208333	0.125	0.25	0.0416667
0.0606061	0.212121	0.030303	0.030303	0.348485	0.106061	0.0151515	0.19697
0.0434783	0.173913	0.0434783	0.130435	0.130435	0.130435	0.0869565	0.26087
0.117647	0.117647	0.0588235	0.0588235	0.117647	0.352941	0.117647	0.0588235
0.191489	0.0425532	0.12766	0.148936	0.0212766	0.361702	0.0638298	0.0425532
0.268657	0.0597015	0.0895522	0.0149254	0.268657	0.0746269	0.164179	0.0597015
0.324324	0.027027	0.135135	0.0810811	0.027027	0.297297	0.0810811	0.027027
0.0833333	0.25	0.0833333	0.166667	0.0833333	0.0833333	0.0833333	0.166667
0.125	0.125	0.125	0.125	0.125	0.125	0.125	0.125
0.117647	0.117647	0.0588235	0.0588235	0.0588235	0.411765	0.117647	0.0588235
0.125	0.125	0.125	0.125	0.125	0.125	0.125	0.125
0.113636	0.0681818	0.0681818	0.0227273	0.0454545	0.0909091	0.522727	0.0681818
0.0888889	0.0666667	0.0444444	0.0222222	0.0888889	0.311111	0.333333	0.0444444
0.0714286	0.107143	0.107143	0.178571	0.142857	0.25	0.107143	0.0357143
0.0510638	0.012766	0.00851064	0.00851064	0.697872	0.093617	0.00425532	0.123404
0.53125	0.015625	0.03125	0.015625	0.1875	0.1875	0.015625	0.015625
0.0232558	0.325581	0.0232558	0.0697674	0.209302	0.232558	0.0697674	0.0465116
0.166667	0.0416667	0.0208333	0.229167	0.104167	0.0416667	0.375	0.0208333
0.040404	0.010101	0.010101	0.020202	0.010101	0.121212	0.010101	0.777778
0.363636	0.136364	0.136364	0.0454545	0.136364	0.0454545	0.0909091	0.0454545
0.0305344	0.0610687	0.00763359	0.0229008	0.320611	0.0305344	0.0229008	0.503817
0.0666667	0.133333	0.0666667	0.133333	0.0666667	0.266667	0.133333	0.133333
0.25	0.1	0.05	0.05	0.2	0.1	0.2	0.05
0.125	0.0625	0.125	0.125	0.1875	0.25	0.0625	0.0625
0.623333	0.0533333	0.00333333	0.00333333	0.223333	0.07	0.02	0.00333333
0.0532139	0.040569	0.0642782	0.0147524	0.0453109	0.0858799	0.68177	0.0142255
0.0625	0.0625	0.1875	0.0625	0.0625	0.3125	0.1875	0.0625
0.0826446	0.0826446	0.00826446	0.0165289	0.68595	0.0578512	0.0247934	0.0413223
0.037037	0.0185185	0.0185185	0.037037	0.0740741	0.759259	0.0185185	0.037037
0.0437637	0.0743982	0.0503282	0.00437637	0.175055	0.0328228	0.617068	0.00218818
0.5	0.111111	0.0555556	0.0555556	0.0555556	0.0555556	0.0555556	0.111111
0.0151934	0.0379834	0.00644567	0.00184162	0.11418	0.671731	0.00230203	0.150322
0.0645161	0.193548	0.0322581	0.0967742	0.0645161	0.258065	0.225806	0.0645161
0.0294118	0.0294118	0.205882	0.0294118	0.235294	0.205882	0.147059	0.117647
0.148148	0.0740741	0.037037	0.037037	0.37037	0.185185	0.0740741	0.0740741
0.0352941	0.0705882	0.0117647	0.00588235	0.358824	0.105882	0.00588235	0.405882
0.0847458	0.0508475	0.0508475	0.0677966	0.169492	0.101695	0.457627	0.0169492
0.2	0.114286	0.0285714	0.0857143	0.0285714	0.0571429	0.428571	0.0571429
0.04	0.12	0.08	0.28	0.04	0.04	0.28	0.12
0.102564	0.0512821	0.102564	0.358974	0.025641	0.025641	0.307692	0.025641
0.153846	0.115385	0.0384615	0.0384615	0.115385	0.384615	0.0769231	0.0769231
0.0204082	0.0952381	0.0408163	0.0204082	0.29932	0.0408163	0.0204082	0.462585
0.102564	0.025641	0.025641	0.0512821	0.25641	0.230769	0.102564	0.205128
0.0217391	0.0217391	0.108696	0.0217391	0.152174	0.543478	0.0217391	0.108696
0.037037	0.126984	0.0952381	0.00529101	0.031746	0.608466	0.0793651	0.015873
0.078125	0.078125	0.015625	0.03125	0.234375	0.046875	0.5	0.015625
0.567568	0.0405405	0.027027	0.027027	0.121622	0.108108	0.0810811	0.027027
0.172414	0.310345	0.0344828	0.0689655	0.172414	0.172414	0.0344828	0.0344828
0.0811594	0.211594	0.452174	0.0434783	0.0666667	0.0202899	0.0724638	0.0521739
0.0151515	0.030303	0.030303	0.00757576	0.106061	0.136364	0.659091	0.0151515
0.0402194	0.0639854	0.00914077	0.00182815	0.149909	0.553931	0.0182815	0.162706
0.05	0.05	0.05	0.05	0.05	0.1	0.6	0.05
0.042735	0.034188	0.00854701	0.034188	0.145299	0.632479	0.0769231	0.025641
0.196078	0.0196078	0.176471	0.0980392	0.117647	0.333333	0.0392157	0.0196078
0.166667	0.0833333	0.0208333	0.0416667	0.0208333	0.166667	0.479167	0.0208333
0.079646	0.0707965	0.0176991	0.00884956	0.60177	0.106195	0.00884956	0.106195
0.0918367	0.0102041	0.0561224	0.00510204	0.0561224	0.704082	0.0459184	0.0306122
0.157895	0.0526316	0.0263158	0.0789474	0.368421	0.210526	0.0526316	0.0526316
0.0847458	0.101695	0.0338983	0.0338983	0.101695	0.525424	0.101695	0.0169492
0.0666667	0.1	0.166667	0.1	0.333333	0.0333333	0.0333333	0.166667
0.00487805	0.0439024	0.853659	0.0097561	0.0536585	0.0097561	0.00487805	0.0195122
0.0204082	0.0408163	0.0612245	0.0204082	0.387755	0.142857	0.102041	0.22449
0.333333	0.0833333	0.0833333	0.0833333	0.166667	0.0833333	0.0833333	0.0833333
0.0206897	0.0896552	0.00689655	0.00689655	0.565517	0.131034	0.137931	0.0413793
0.027027	0.027027	0.027027	0.027027	0.108108	0.108108	0.648649	0.027027
0.125	0.125	0.125	0.125	0.125	0.125	0.125	0.125
0.136364	0.0454545	0.181818	0.181818	0.0454545	0.136364	0.181818	0.0909091
0.166667	0.0833333	0.0833333	0.0833333	0.25	0.0833333	0.0833333	0.166667
0.2	0.1	0.1	0.1	0.1	0.2	0.1	0.1
0.0357143	0.0357143	0.0714286	0.0357143	0.25	0.107143	0.392857	0.0714286
0.0454545	0.0909091	0.136364	0.0909091	0.181818	0.136364	0.272727	0.0454545
0.190476	0.047619	0.142857	0.0238095	0.333333	0.214286	0.0238095	0.0238095
0.0493827	0.481481	0.037037	0.0123457	0.308642	0.0493827	0.0246914	0.037037
0.113821	0.113821	0.252033	0.0243902	0.211382	0.113821	0.113821	0.0569106
0.0176471	0.0176471	0.00294118	0.0235294	0.373529	0.0735294	0.00294118	0.488235
0.0540541	0.027027	0.0810811	0.162162	0.027027	0.027027	0.594595	0.027027
0.00854701	0.0940171	0.025641	0.00854701	0.290598	0.529915	0.025641	0.017094
0.117647	0.0588235	0.0588235	0.0588235	0.529412	0.0588235	0.0588235	0.0588235
0.0454545	0.0454545	0.0909091	0.0909091	0.0454545	0.136364	0.5	0.0454545
0.0434783	0.0869565	0.217391	0.0434783	0.217391	0.304348	0.0434783	0.0434783
0.265625	0.109375	0.171875	0.046875	0.03125	0.109375	0.25	0.015625
0.2	0.1	0.05	0.05	0.1	0.1	0.1	0.3
0.04	0.12	0.02	0.01	0.21	0.09	0.04	0.47
0.272727	0.0909091	0.0909091	0.0909091	0.0909091	0.0909091	0.0909091	0.181818
0.1	0.3	0.05	0.05	0.25	0.1	0.05	0.1
0.0833333	0.0416667	0.291667	0.0416667	0.25	0.208333	0.0416667	0.0416667
0.176471	0.0588235	0.0588235	0.235294	0.117647	0.0588235	0.235294	0.0588235
0.0425532	0.0638298	0.0212766	0.0212766	0.170213	0.382979	0.12766	0.170213
0.148148	0.0864198	0.259259	0.0123457	0.0864198	0.0246914	0.296296	0.0864198
0.125	0.125	0.125	0.125	0.125	0.125	0.125	0.125
0.0337079	0.0898876	0.0674157	0.0561798	0.11236	0.157303	0.449438	0.0337079
0.0571429	0.564286	0.0428571	0.00714286	0.182143	0.128571	0.0142857	0.00357143
0.138889	0.0277778	0.0277778	0.25	0.0555556	0.277778	0.194444	0.0277778
0.0636364	0.0272727	0.0272727	0.0272727	0.572727	0.145455	0.0272727	0.109091
0.16	0.24	0.04	0.16	0.16	0.12	0.08	0.04
0.137931	0.137931	0.0344828	0.0344828	0.275862	0.103448	0.103448	0.172414
0.102564	0.0384615	0.0641026	0.025641	0.24359	0.0641026	0.0128205	0.448718
0.0769231	0.0769231	0.0769231	0.0769231	0.0769231	0.0769231	0.461538	0.0769231
0.0543478	0.0326087	0.0108696	0.0108696	0.815217	0.0434783	0.0217391	0.0108696
0.435897	0.0769231	0.0512821	0.025641	0.025641	0.102564	0.025641	0.25641
0.00986842	0.0822368	0.167763	0.00328947	0.299342	0.0460526	0.0723684	0.319079
0.219512	0.0243902	0.0731707	0.0243902	0.365854	0.146341	0.121951	0.0243902
0.0278373	0.0299786	0.0107066	0.00856531	0.226981	0.124197	0.0449679	0.526767
0.0106383	0.0425532	0.0531915	0.0106383	0.170213	0.106383	0.574468	0.0319149
0.0540541	0.551351	0.0486486	0.0108108	0.189189	0.102703	0.00540541	0.0378378
0.0988372	0.0290698	0.0465116	0.0116279	0.145349	0.0697674	0.00581395	0.593023
0.545455	0.0454545	0.0909091	0.0454545	0.0454545	0.0909091	0.0454545	0.0909091
0.0833333	0.0833333	0.0833333	0.0833333	0.416667	0.0833333	0.0833333	0.0833333
0.0108696	0.0434783	0.076087	0.0108696	0.206522	0.0326087	0.467391	0.152174
0.346369	0.0670391	0.0502793	0.0446927	0.117318	0.296089	0.0614525	0.0167598
0.0591873	0.0295936	0.697438	0.0189929	0.0503534	0.0362191	0.0940813	0.0141343
0.0412371	0.340206	0.0412371	0.0103093	0.247423	0.0412371	0.0206186	0.257732
0.0394737	0.276316	0.105263	0.0131579	0.5	0.0131579	0.0263158	0.0263158
0.0763889	0.0833333	0.131944	0.0416667	0.236111	0.0416667	0.361111	0.0277778
0.0909091	0.181818	0.181818	0.0909091	0.181818	0.0909091	0.0909091	0.0909091
0.121212	0.0909091	0.0909091	0.030303	0.121212	0.484848	0.030303	0.030303
0.135135	0.027027	0.216216	0.027027	0.135135	0.243243	0.0810811	0.135135
0.0645161	0.258065	0.016129	0.0483871	0.0967742	0.112903	0.016129	0.387097
0.0402299	0.0229885	0.0517241	0.00574713	0.327586	0.132184	0.0114943	0.408046
0.0909091	0.0454545	0.0909091	0.0909091	0.0454545	0.136364	0.454545	0.0454545
0.0451977	0.0451977	0.186441	0.180791	0.0338983	0.220339	0.265537	0.0225989
0.0833333	0.0833333	0.166667	0.0833333	0.375	0.0416667	0.0833333	0.0833333
0.075	0.0875	0.0125	0.0375	0.375	0.1875	0.0125	0.2125
0.0952381	0.190476	0.142857	0.047619	0.285714	0.047619	0.047619	0.142857
0.0350877	0.0350877	0.0175439	0.0175439	0.175439	0.0701754	0.631579	0.0175439
0.135593	0.0338983	0.0169492	0.0169492	0.508475	0.0508475	0.0169492	0.220339
0.0533333	0.0533333	0.493333	0.04	0.133333	0.173333	0.04	0.0133333
0.0235294	0.0117647	0.0588235	0.0117647	0.564706	0.164706	0.0235294	0.141176
0.12	0.04	0.12	0.1	0.32	0.02	0.26	0.02
0.16	0.04	0.12	0.08	0.16	0.04	0.36	0.04
0.211538	0.269231	0.0192308	0.0769231	0.134615	0.134615	0.0769231	0.0769231
0.0652174	0.0869565	0.0652174	0.0217391	0.543478	0.0652174	0.130435	0.0217391
0.0204082	0.530612	0.0204082	0.0612245	0.0408163	0.285714	0.0204082	0.0204082
0.027027	0.0540541	0.432432	0.0540541	0.108108	0.162162	0.0810811	0.0810811
0.145455	0.0363636	0.0181818	0.0727273	0.218182	0.472727	0.0181818	0.0181818
0.0144284	0.0432852	0.00776915	0.00665927	0.104329	0.142064	0.00443951	0.677026
0.0551181	0.503937	0.00787402	0.023622	0.125984	0.23622	0.023622	0.023622
0.0227273	0.102273	0.238636	0.113636	0.0227273	0.147727	0.170455	0.181818
0.0212766	0.0212766	0.0425532	0.0425532	0.148936	0.234043	0.446809	0.0425532
0.176471	0.0588235	0.0588235	0.0588235	0.176471	0.352941	0.0588235	0.0588235
0.285714	0.0714286	0.0714286	0.0714286	0.0714286	0.285714	0.0714286	0.0714286
0.119122	0.0470219	0.45768	0.0282132	0.175549	0.115987	0.0376176	0.0188088
0.0421053	0.0894737	0.0131579	0.0289474	0.486842	0.171053	0.0526316	0.115789
0.107143	0.047619	0.0714286	0.0357143	0.22619	0.0833333	0.0119048	0.416667
0.321429	0.0357143	0.107143	0.0357143	0.0357143	0.25	0.107143	0.107143
0.1	0.025	0.05	0.025	0.125	0.125	0.1	0.45
0.00746269	0.0746269	0.156716	0.0149254	0.455224	0.104478	0.00746269	0.179104
0.26	0.12	0.12	0.08	0.02	0.08	0.3	0.02
0.0434783	0.0217391	0.0217391	0.0217391	0.0652174	0.0652174	0.73913	0.0217391
0.109091	0.218182	0.0545455	0.0181818	0.218182	0.309091	0.0181818	0.0545455
0.0666667	0.0888889	0.0222222	0.266667	0.0666667	0.133333	0.311111	0.0444444
0.0810811	0.135135	0.324324	0.027027	0.162162	0.189189	0.027027	0.0540541
0.0681818	0.0227273	0.0454545	0.0227273	0.159091	0.0909091	0.568182	0.0227273
0.0571429	0.257143	0.0285714	0.0285714	0.228571	0.171429	0.0857143	0.142857
0.352941	0.0294118	0.147059	0.0294118	0.147059	0.235294	0.0294118	0.0294118
0.0616883	0.311688	0.025974	0.00324675	0.0292208	0.457792	0.107143	0.00324675
0.0222222	0.0444444	0.111111	0.0888889	0.0444444	0.555556	0.111111	0.0222222
0.1875	0.145833	0.0625	0.0416667	0.145833	0.229167	0.0208333	0.166667
0.0714286	0.0714286	0.0714286	0.214286	0.285714	0.0714286	0.142857	0.0714286
0.0222222	0.0666667	0.0222222	0.0444444	0.355556	0.177778	0.0222222	0.288889
0.0588235	0.176471	0.352941	0.0588235	0.117647	0.0588235	0.117647	0.0588235
0.205882	0.0294118	0.0294118	0.0882353	0.235294	0.176471	0.205882	0.0294118
0.04	0.0633333	0.01	0.0433333	0.273333	0.28	0.103333	0.186667
0.28125	0.125	0.015625	0.09375	0.046875	0.125	0.296875	0.015625
0.113636	0.181818	0.0454545	0.0454545	0.159091	0.386364	0.0454545	0.0227273
0.0338983	0.0847458	0.0169492	0.559322	0.0508475	0.0338983	0.20339	0.0169492
0.137097	0.0887097	0.129032	0.0322581	0.0806452	0.0483871	0.475806	0.00806452
0.0689655	0.172414	0.0344828	0.0344828	0.103448	0.241379	0.275862	0.0689655
0.11	0.05	0.05	0.06	0.1	0.02	0.6	0.01
0.0178571	0.357143	0.0357143	0.0357143	0.0357143	0.446429	0.0357143	0.0357143
0.140351	0.0350877	0.0701754	0.0526316	0.0350877	0.0701754	0.54386	0.0526316
0.0357143	0.107143	0.0357143	0.107143	0.178571	0.464286	0.0357143	0.0357143
0.0322581	0.0322581	0.0322581	0.258065	0.0322581	0.0645161	0.483871	0.0645161
0.121019	0.152866	0.414013	0.00636943	0.146497	0.0636943	0.044586	0.0509554
0.0666667	0.2	0.133333	0.2	0.0666667	0.0666667	0.133333	0.133333
0.012987	0.0519481	0.012987	0.558442	0.0649351	0.038961	0.246753	0.012987
0.0168067	0.00840336	0.0252101	0.0168067	0.201681	0.12605	0.579832	0.0252101
0.0833333	0.166667	0.208333	0.0833333	0.0833333	0.25	0.0833333	0.0416667
0.0833333	0.0277778	0.0555556	0.0277778	0.0555556	0.666667	0.0555556	0.0277778
0.0428571	0.0428571	0.142857	0.0571429	0.1	0.442857	0.0857143	0.0857143
0.2	0.0333333	0.0333333	0.1	0.233333	0.1	0.233333	0.0666667
0.76699	0.00970874	0.0194175	0.0194175	0.106796	0.0485437	0.0194175	0.00970874
0.0555556	0.425926	0.0740741	0.037037	0.148148	0.12963	0.0925926	0.037037
0.0465116	0.0232558	0.139535	0.0930233	0.0232558	0.0232558	0.627907	0.0232558
0.115385	0.346154	0.0384615	0.0192308	0.211538	0.173077	0.0192308	0.0769231
0.078125	0.59375	0.015625	0.015625	0.1875	0.0625	0.015625	0.03125
0.147239	0.0490798	0.0245399	0.0184049	0.638037	0.0920245	0.0122699	0.0184049
0.0357143	0.0357143	0.0357143	0.0714286	0.0714286	0.107143	0.571429	0.0714286
0.0967742	0.0322581	0.0645161	0.129032	0.0645161	0.0645161	0.483871	0.0645161
0.12	0.08	0.04	0.04	0.16	0.28	0.16	0.12
0.0322581	0.0322581	0.0645161	0.0967742	0.0322581	0.0322581	0.677419	0.0322581
0.0302115	0.73716	0.0332326	0.00302115	0.0906344	0.0906344	0.00906344	0.0060423
0.369863	0.136986	0.0547945	0.0273973	0.178082	0.150685	0.0547945	0.0273973
0.0333333	0.0333333	0.0333333	0.0333333	0.133333	0.2	0.0333333	0.5
0.0434783	0.130435	0.0434783	0.0869565	0.478261	0.130435	0.0434783	0.0434783
0.00833333	0.441667	0.0333333	0.0583333	0.341667	0.0166667	0.0666667	0.0333333
0.111111	0.037037	0.185185	0.0740741	0.259259	0.0740741	0.0740741	0.185185
0.125	0.125	0.125	0.125	0.125	0.125	0.125	0.125
0.0357143	0.0714286	0.0178571	0.0714286	0.0178571	0.0178571	0.75	0.0178571
0.348837	0.255814	0.0232558	0.0697674	0.0697674	0.0930233	0.0930233	0.0465116
0.130435	0.0869565	0.0869565	0.0869565	0.26087	0.0434783	0.130435	0.173913
0.125	0.125	0.125	0.125	0.125	0.125	0.125	0.125
0.0530973	0.0265487	0.0884956	0.0265487	0.0707965	0.212389	0.150442	0.371681
0.16	0.04	0.12	0.08	0.48	0.04	0.04	0.04
0.0967742	0.290323	0.0967742	0.0322581	0.0645161	0.290323	0.0322581	0.0967742
0.113636	0.0454545	0.0454545	0.0681818	0.0681818	0.477273	0.159091	0.0227273
0.0821918	0.0821918	0.0821918	0.0958904	0.0410959	0.0273973	0.575342	0.0136986
0.03125	0.125	0.03125	0.09375	0.3125	0.1875	0.125	0.09375
0.108108	0.027027	0.108108	0.108108	0.027027	0.0810811	0.513514	0.027027
0.12	0.04	0.08	0.4	0.04	0.08	0.2	0.04
0.037234	0.0425532	0.0159574	0.0212766	0.12234	0.0957447	0.654255	0.0106383
0.0416667	0.0416667	0.0416667	0.0416667	0.666667	0.0833333	0.0416667	0.0416667
0.0869565	0.0217391	0.0652174	0.0652174	0.521739	0.0652174	0.0869565	0.0869565
0.132353	0.0882353	0.426471	0.0147059	0.176471	0.0588235	0.0588235	0.0441176
0.25	0.0416667	0.208333	0.0208333	0.0208333	0.145833	0.0833333	0.229167
0.0909091	0.0909091	0.0909091	0.0909091	0.0909091	0.363636	0.0909091	0.0909091
0.16129	0.129032	0.0322581	0.0322581	0.548387	0.0322581	0.0322581	0.0322581
0.027027	0.189189	0.324324	0.0540541	0.0540541	0.135135	0.189189	0.027027
0.0289855	0.0869565	0.0144928	0.0289855	0.507246	0.0289855	0.275362	0.0289855
0.214286	0.142857	0.178571	0.178571	0.0714286	0.0357143	0.0357143	0.142857
0.4	0.12	0.12	0.04	0.04	0.16	0.08	0.04
0.181818	0.227273	0.0454545	0.0454545	0.318182	0.0454545	0.0454545	0.0909091
0.133333	0.222222	0.133333	0.0666667	0.0444444	0.0444444	0.288889	0.0666667
0.0606061	0.0909091	0.0909091	0.030303	0.484848	0.0606061	0.0909091	0.0909091
0.0666667	0.133333	0.0666667	0.4	0.0666667	0.0666667	0.133333	0.0666667
0.16	0.04	0.08	0.04	0.08	0.04	0.52	0.04
0.0151515	0.030303	0.0151515	0.030303	0.181818	0.0757576	0.606061	0.0454545
0.0735294	0.0147059	0.0147059	0.0294118	0.0882353	0.279412	0.485294	0.0147059
0.114035	0.0350877	0.0263158	0.00877193	0.447368	0.280702	0.0350877	0.0526316
0.244898	0.22449	0.0204082	0.0612245	0.163265	0.0816327	0.183673	0.0204082
0.1875	0.0625	0.109375	0.0625	0.234375	0.03125	0.03125	0.28125
0.254237	0.127119	0.0423729	0.0338983	0.186441	0.186441	0.152542	0.0169492
0.0245232	0.0190736	0.0163488	0.0245232	0.297003	0.0599455	0.0027248	0.555858
0.05	0.05	0.05	0.05	0.05	0.05	0.6	0.1
0.0952381	0.333333	0.0952381	0.0952381	0.142857	0.0952381	0.047619	0.0952381
0.2	0.0666667	0.0666667	0.0666667	0.2	0.2	0.133333	0.0666667
0.0232558	0.0465116	0.139535	0.0465116	0.0232558	0.0232558	0.674419	0.0232558
0.0416667	0.0416667	0.0416667	0.0416667	0.166667	0.208333	0.416667	0.0416667
0.135135	0.027027	0.0810811	0.135135	0.027027	0.135135	0.351351	0.108108
0.0238095	0.166667	0.0952381	0.047619	0.357143	0.119048	0.0952381	0.0952381
0.15625	0.03125	0.0625	0.0625	0.375	0.15625	0.03125	0.125
0.0337838	0.027027	0.0135135	0.00675676	0.797297	0.0405405	0.0337838	0.0472973
0.0430108	0.0752688	0.0107527	0.0107527	0.731183	0.0645161	0.0322581	0.0322581
0.0769231	0.0769231	0.0769231	0.230769	0.0769231	0.230769	0.0769231	0.153846
0.0232558	0.0697674	0.0697674	0.0232558	0.116279	0.395349	0.186047	0.116279
0.0540541	0.0540541	0.0540541	0.027027	0.162162	0.0540541	0.567568	0.027027
0.0983607	0.180328	0.0163934	0.0163934	0.57377	0.0327869	0.0163934	0.0655738
0.29	0.05	0.08	0.23	0.03	0.04	0.25	0.03
0.189189	0.0810811	0.0810811	0.027027	0.0810811	0.027027	0.486486	0.027027
0.0136519	0.488055	0.0477816	0.0170648	0.385666	0.0238908	0.0136519	0.0102389
0.059322	0.0169492	0.0762712	0.0423729	0.0254237	0.0677966	0.661017	0.0508475
0.0606061	0.030303	0.0606061	0.212121	0.0606061	0.151515	0.242424	0.181818
0.0394737	0.0263158	0.0263158	0.0131579	0.289474	0.0789474	0.0657895	0.460526
0.107143	0.0178571	0.0178571	0.339286	0.125	0.0714286	0.196429	0.125
0.0285714	0.0285714	0.0285714	0.0285714	0.0857143	0.0571429	0.714286	0.0285714
0.166667	0.0333333	0.0333333	0.0666667	0.0333333	0.0333333	0.6	0.0333333
0.0740741	0.0925926	0.481481	0.0555556	0.148148	0.0185185	0.0740741	0.0555556
0.0196078	0.0196078	0.0392157	0.0588235	0.0784314	0.0196078	0.745098	0.0196078
0.0454545	0.0454545	0.0454545	0.0454545	0.272727	0.0454545	0.409091	0.0909091
0.121951	0.0243902	0.0487805	0.0487805	0.0243902	0.097561	0.609756	0.0243902
0.0625	0.0729167	0.15625	0.145833	0.0625	0.395833	0.0625	0.0416667
0.163636	0.0181818	0.0363636	0.0909091	0.4	0.181818	0.0545455	0.0545455
0.0327869	0.131148	0.0983607	0.0655738	0.180328	0.0163934	0.459016	0.0163934
0.0285714	0.0285714	0.0285714	0.114286	0.285714	0.228571	0.228571	0.0571429
0.125	0.125	0.125	0.125	0.125	0.125	0.125	0.125
0.714286	0.021978	0.021978	0.010989	0.0769231	0.10989	0.032967	0.010989
0.0869565	0.0869565	0.0434783	0.217391	0.130435	0.173913	0.173913	0.0869565
0.0769231	0.0961538	0.0384615	0.288462	0.0384615	0.25	0.192308	0.0192308
0.0227273	0.0227273	0.113636	0.0454545	0.522727	0.0909091	0.113636	0.0681818
0.0704225	0.0140845	0.028169	0.0140845	0.15493	0.056338	0.647887	0.0140845
0.027972	0.0699301	0.0979021	0.00699301	0.468531	0.223776	0.013986	0.0909091
0.0888889	0.0844444	0.0666667	0.00444444	0.142222	0.0711111	0.00444444	0.537778
0.581921	0.0169492	0.0225989	0.0508475	0.276836	0.0225989	0.0225989	0.00564972
0.0833333	0.0694444	0.208333	0.152778	0.0833333	0.0694444	0.305556	0.0277778
0.0769231	0.0384615	0.0384615	0.346154	0.115385	0.115385	0.153846	0.115385
0.333333	0.0833333	0.0833333	0.0833333	0.0833333	0.0833333	0.0833333	0.166667
0.0714286	0.047619	0.119048	0.119048	0.0714286	0.0714286	0.47619	0.0238095
0.0892857	0.196429	0.125	0.0178571	0.0535714	0.0714286	0.392857	0.0535714
0.0138889	0.0416667	0.180556	0.0138889	0.305556	0.194444	0.236111	0.0138889
0.025641	0.0512821	0.435897	0.025641	0.0769231	0.205128	0.153846	0.025641
0.0666667	0.133333	0.0333333	0.2	0.0333333	0.1	0.4	0.0333333
0.075	0.025	0.15	0.05	0.075	0.05	0.525	0.05
0.0571429	0.114286	0.0571429	0.0285714	0.571429	0.0571429	0.0285714	0.0857143
0.0517241	0.0172414	0.12069	0.172414	0.224138	0.0862069	0.293103	0.0344828
0.0172414	0.0172414	0.0517241	0.0862069	0.0344828	0.0862069	0.689655	0.0172414
0.09375	0.34375	0.21875	0.09375	0.09375	0.0625	0.03125	0.0625
0.148148	0.037037	0.037037	0.111111	0.0740741	0.0740741	0.481481	0.037037
0.0638298	0.0638298	0.0425532	0.0212766	0.0212766	0.340426	0.425532	0.0212766
0.134503	0.0994152	0.0233918	0.321637	0.134503	0.105263	0.169591	0.0116959
0.0746269	0.0447761	0.0597015	0.0447761	0.61194	0.0447761	0.0149254	0.104478
0.0606061	0.151515	0.030303	0.0909091	0.515152	0.030303	0.0909091	0.030303
0.0178571	0.0892857	0.0357143	0.0535714	0.0535714	0.0357143	0.696429	0.0178571
0.0666667	0.0666667	0.2	0.0666667	0.0666667	0.433333	0.0333333	0.0666667
0.0526316	0.0526316	0.105263	0.0526316	0.473684	0.105263	0.105263	0.0526316
0.0941176	0.0470588	0.0117647	0.0470588	0.152941	0.588235	0.0117647	0.0470588
0.0745098	0.0117647	0.0509804	0.00784314	0.678431	0.0705882	0.0431373	0.0627451
0.0588235	0.0588235	0.0588235	0.176471	0.352941	0.176471	0.0588235	0.0588235
0.0141844	0.0638298	0.0212766	0.0212766	0.12766	0.141844	0.035461	0.574468
0.162162	0.0810811	0.0540541	0.324324	0.0540541	0.108108	0.189189	0.027027
0.0574713	0.0574713	0.0114943	0.0229885	0.45977	0.0344828	0.298851	0.0574713
0.0555556	0.111111	0.111111	0.166667	0.166667	0.111111	0.222222	0.0555556
0.04	0.04	0.08	0.04	0.28	0.08	0.16	0.28
0.0294118	0.132353	0.0588235	0.0147059	0.470588	0.176471	0.0147059	0.102941
0.301587	0.031746	0.015873	0.0952381	0.285714	0.0634921	0.0952381	0.111111
0.125	0.125	0.125	0.125	0.125	0.125	0.125	0.125
0.209302	0.0465116	0.0930233	0.0232558	0.0465116	0.0930233	0.465116	0.0232558
0.0327869	0.0819672	0.0327869	0.0491803	0.327869	0.0983607	0.0163934	0.360656
0.05	0.025	0.025	0.025	0.65	0.125	0.025	0.075
0.0454545	0.227273	0.0454545	0.0454545	0.0454545	0.318182	0.227273	0.0454545
0.0078125	0.0234375	0.0208333	0.00520833	0.682292	0.140625	0.0260417	0.09375
0.0416667	0.0416667	0.125	0.0416667	0.333333	0.208333	0.0833333	0.125
0.0517241	0.0172414	0.0517241	0.0517241	0.293103	0.0172414	0.5	0.0172414
0.0555556	0.0555556	0.0277778	0.0277778	0.194444	0.444444	0.111111	0.0833333
0.222222	0.0555556	0.0555556	0.0555556	0.0555556	0.222222	0.277778	0.0555556
0.196078	0.176471	0.0392157	0.0392157	0.117647	0.235294	0.117647	0.0784314
0.0697674	0.162791	0.465116	0.0232558	0.0697674	0.0697674	0.0697674	0.0697674
0.4	0.02	0.22	0.04	0.06	0.16	0.02	0.08
0.0384615	0.153846	0.0384615	0.0384615	0.461538	0.134615	0.115385	0.0192308
0.00775194	0.142119	0.0775194	0.00516796	0.0620155	0.614987	0.0801034	0.0103359
0.5	0.184211	0.0263158	0.0263158	0.0526316	0.105263	0.0263158	0.0789474
0.0246914	0.0493827	0.037037	0.0864198	0.0699588	0.0699588	0.00823045	0.654321
0.111111	0.0740741	0.0740741	0.296296	0.111111	0.259259	0.037037	0.037037
0.0571429	0.02	0.06	0.508571	0.12	0.04	0.157143	0.0371429
0.04	0.04	0.04	0.36	0.04	0.12	0.32	0.04
0.0102923	0.75669	0.0786332	0.000411692	0.0671058	0.0288184	0.0168794	0.0411692
0.084507	0.704225	0.0140845	0.0704225	0.0704225	0.0140845	0.028169	0.0140845
0.438202	0.011236	0.0898876	0.011236	0.0337079	0.359551	0.0449438	0.011236
0.2	0.16	0.04	0.04	0.32	0.12	0.04	0.08
0.59375	0.03125	0.03125	0.015625	0.109375	0.171875	0.03125	0.015625
0.0145719	0.0637523	0.0218579	0.00546448	0.743169	0.0473588	0.0200364	0.0837887
0.03125	0.0625	0.03125	0.03125	0.03125	0.03125	0.75	0.03125
0.03125	0.03125	0.0625	0.03125	0.40625	0.125	0.0625	0.25
0.116279	0.0232558	0.0232558	0.0232558	0.27907	0.116279	0.0465116	0.372093
0.0434783	0.108696	0.0652174	0.0217391	0.0869565	0.0434783	0.565217	0.0652174
0.0246914	0.0246914	0.037037	0.0123457	0.234568	0.604938	0.0123457	0.0493827
0.392857	0.160714	0.0357143	0.0535714	0.178571	0.107143	0.0535714	0.0178571
0.00813008	0.0921409	0.0243902	0.00271003	0.0894309	0.165312	0.0596206	0.558266
0.565217	0.0434783	0.0434783	0.0434783	0.130435	0.0869565	0.0434783	0.0434783
0.0769231	0.153846	0.0769231	0.0769231	0.230769	0.0769231	0.230769	0.0769231
0.0294118	0.00735294	0.0147059	0.00735294	0.830882	0.0588235	0.0294118	0.0220588
0.0689655	0.275862	0.0344828	0.0344828	0.448276	0.0344828	0.0344828	0.0689655
0.0909091	0.0909091	0.0909091	0.0909091	0.272727	0.0909091	0.181818	0.0909091
0.243243	0.126126	0.018018	0.018018	0.0720721	0.432432	0.045045	0.045045
0.162162	0.135135	0.0810811	0.027027	0.432432	0.027027	0.027027	0.108108
0.105263	0.0263158	0.421053	0.0263158	0.157895	0.0526316	0.184211	0.0263158
0.0232558	0.0232558	0.0930233	0.0232558	0.186047	0.162791	0.465116	0.0232558
0.0222222	0.0222222	0.0222222	0.0666667	0.177778	0.622222	0.0444444	0.0222222
0.230769	0.153846	0.0769231	0.0769231	0.153846	0.0769231	0.153846	0.0769231
0.0526316	0.0526316	0.0526316	0.0526316	0.0526316	0.0526316	0.578947	0.105263
0.0344828	0.0344828	0.0344828	0.0344828	0.172414	0.482759	0.172414	0.0344828
0.0980392	0.323529	0.0294118	0.0490196	0.186275	0.156863	0.107843	0.0490196
0.137255	0.431373	0.0392157	0.0392157	0.235294	0.0588235	0.0392157	0.0196078
0.0128205	0.025641	0.307692	0.128205	0.0512821	0.205128	0.0897436	0.179487
0.0261438	0.140523	0.630719	0.00326797	0.0490196	0.0228758	0.0196078	0.107843
0.0652174	0.0434783	0.0217391	0.130435	0.0217391	0.0434783	0.652174	0.0217391
0.1	0.0222222	0.0111111	0.0333333	0.6	0.0333333	0.0555556	0.144444
0.525	0.075	0.075	0.025	0.15	0.025	0.05	0.075
0.00769231	0.0461538	0.384615	0.0615385	0.215385	0.207692	0.0384615	0.0384615
0.0380952	0.00952381	0.00952381	0.00952381	0.838095	0.0761905	0.00952381	0.00952381
0.227273	0.0454545	0.0454545	0.0909091	0.0454545	0.454545	0.0454545	0.0454545
0.08	0.12	0.02	0.02	0.38	0.22	0.06	0.1
0.0793651	0.015873	0.015873	0.031746	0.142857	0.0952381	0.603175	0.015873
0.0373832	0.0560748	0.0186916	0.102804	0.102804	0.00934579	0.654206	0.0186916
0.02	0.08	0.02	0.12	0.22	0.46	0.04	0.04
0.0588235	0.0588235	0.0392157	0.0980392	0.117647	0.0196078	0.568627	0.0392157
0.261682	0.0140187	0.00934579	0.126168	0.121495	0.0233645	0.434579	0.00934579
0.0166667	0.0333333	0.0166667	0.05	0.0333333	0.0333333	0.8	0.0166667
0.166667	0.190476	0.0714286	0.047619	0.261905	0.142857	0.0238095	0.0952381
0.0392157	0.0784314	0.176471	0.0588235	0.431373	0.0588235	0.0196078	0.137255
0.658537	0.0853659	0.0121951	0.0121951	0.134146	0.0731707	0.0121951	0.0121951
0.1875	0.0625	0.0625	0.1875	0.0625	0.3125	0.0625	0.0625
0.176471	0.235294	0.235294	0.117647	0.0588235	0.0588235	0.0588235	0.0588235
0.166667	0.0833333	0.0833333	0.0833333	0.166667	0.0833333	0.25	0.0833333
0.0285714	0.0857143	0.0857143	0.0285714	0.485714	0.114286	0.0285714	0.142857
0.0769231	0.0769231	0.153846	0.0384615	0.307692	0.0384615	0.0384615	0.269231
0.52381	0.047619	0.047619	0.047619	0.142857	0.0952381	0.047619	0.047619
0.0142857	0.442857	0.1	0.0142857	0.3	0.0714286	0.0428571	0.0142857
0.0731707	0.0243902	0.0243902	0.0243902	0.317073	0.341463	0.121951	0.0731707
0.0746269	0.0447761	0.0746269	0.0895522	0.0298507	0.208955	0.432836	0.0447761
0.103448	0.0689655	0.413793	0.0689655	0.206897	0.0344828	0.0689655	0.0344828
0.0740741	0.0740741	0.185185	0.0740741	0.148148	0.111111	0.259259	0.0740741
0.037037	0.111111	0.259259	0.0740741	0.0555556	0.148148	0.296296	0.0185185
0.0615385	0.184615	0.0769231	0.0153846	0.461538	0.123077	0.0307692	0.0461538
0.0533333	0.0533333	0.0133333	0.0133333	0.0933333	0.16	0.586667	0.0266667
0.0255814	0.113953	0.595349	0.0348837	0.00465116	0.055814	0.148837	0.0209302
0.0238095	0.0238095	0.0714286	0.0952381	0.142857	0.166667	0.428571	0.047619
0.0508475	0.322034	0.0508475	0.0169492	0.20339	0.254237	0.0847458	0.0169492
0.0224719	0.247191	0.359551	0.0224719	0.224719	0.0561798	0.0224719	0.0449438
0.219512	0.170732	0.0243902	0.0243902	0.414634	0.0243902	0.0243902	0.097561
0.025	0.0375	0.0125	0.05	0.0625	0.2875	0.4875	0.0375
0.013986	0.020979	0.0769231	0.363636	0.0769231	0.314685	0.0979021	0.034965
0.0344828	0.0689655	0.0689655	0.0689655	0.482759	0.0689655	0.0689655	0.137931
0.776398	0.00621118	0.0124224	0.00621118	0.0745342	0.0745342	0.00621118	0.0434783
0.0263158	0.236842	0.0263158	0.0263158	0.342105	0.289474	0.0263158	0.0263158
0.0487805	0.0731707	0.0731707	0.0243902	0.097561	0.317073	0.317073	0.0487805
0.00671141	0.0134228	0.0536913	0.0805369	0.00671141	0.0805369	0.751678	0.00671141
0.409091	0.0454545	0.0454545	0.0454545	0.181818	0.181818	0.0454545	0.0454545
0.0357143	0.428571	0.107143	0.0357143	0.0714286	0.142857	0.142857	0.0357143
0.0714286	0.142857	0.0357143	0.0357143	0.0357143	0.0714286	0.571429	0.0357143
0.269841	0.0952381	0.31746	0.015873	0.047619	0.15873	0.015873	0.0793651
0.0925926	0.0740741	0.037037	0.0185185	0.425926	0.111111	0.185185	0.0555556
0.136364	0.0909091	0.227273	0.0454545	0.0909091	0.272727	0.0909091	0.0454545
0.027027	0.486486	0.027027	0.027027	0.27027	0.0810811	0.0540541	0.027027
0.133333	0.0666667	0.0666667	0.133333	0.333333	0.133333	0.0666667	0.0666667
0.5	0.0357143	0.0357143	0.0357143	0.142857	0.0357143	0.107143	0.107143
0.0384615	0.230769	0.0384615	0.0384615	0.346154	0.115385	0.0384615	0.153846
0.375	0.0833333	0.0416667	0.0416667	0.125	0.0416667	0.208333	0.0833333
0.7	0.0875	0.025	0.0125	0.075	0.0125	0.0375	0.05
0.1	0.025	0.05	0.025	0.475	0.15	0.075	0.1
0.0754717	0.0188679	0.301887	0.0566038	0.169811	0.0754717	0.283019	0.0188679
0.034188	0.0769231	0.0683761	0.00854701	0.17094	0.444444	0.128205	0.0683761
0.00826446	0.438017	0.0495868	0.0743802	0.280992	0.0826446	0.0413223	0.0247934
0.133333	0.0666667	0.0666667	0.133333	0.0666667	0.333333	0.133333	0.0666667
0.0735294	0.0588235	0.0588235	0.0294118	0.147059	0.411765	0.205882	0.0147059
0.06	0.16	0.02	0.12	0.14	0.22	0.12	0.16
0.228571	0.0285714	0.2	0.0571429	0.171429	0.228571	0.0571429	0.0285714
0.109589	0.0821918	0.0273973	0.219178	0.30137	0.109589	0.0684932	0.0821918
0.0666667	0.433333	0.0333333	0.0333333	0.133333	0.0333333	0.2	0.0666667
0.0365854	0.134146	0.158537	0.0243902	0.304878	0.304878	0.0121951	0.0243902
0.0375	0.0625	0.0125	0.0125	0.1	0.75	0.0125	0.0125
0.00473934	0.028436	0.819905	0.00947867	0.0853081	0.0236967	0.0189573	0.00947867
0.742574	0.019802	0.00990099	0.00990099	0.0594059	0.108911	0.00990099	0.039604
0.047619	0.142857	0.285714	0.142857	0.047619	0.190476	0.0952381	0.047619
0.0416667	0.0416667	0.0416667	0.166667	0.166667	0.0416667	0.458333	0.0416667
0.047619	0.142857	0.047619	0.0952381	0.047619	0.0952381	0.428571	0.0952381
0.047619	0.047619	0.047619	0.047619	0.666667	0.047619	0.047619	0.047619
0.0384615	0.115385	0.0384615	0.0769231	0.153846	0.269231	0.153846	0.153846
0.0689655	0.0344828	0.206897	0.0344828	0.206897	0.206897	0.206897	0.0344828
0.0810811	0.027027	0.0540541	0.0540541	0.108108	0.324324	0.243243	0.108108
0.0133333	0.106667	0.12	0.0133333	0.213333	0.213333	0.0266667	0.293333
0.122807	0.0438596	0.00877193	0.00877193	0.114035	0.184211	0.508772	0.00877193
0.104167	0.0416667	0.0208333	0.0416667	0.1875	0.479167	0.0625	0.0625
0.175439	0.0350877	0.157895	0.0175439	0.491228	0.0175439	0.0877193	0.0175439
0.111111	0.111111	0.222222	0.111111	0.111111	0.111111	0.111111	0.111111
0.0169492	0.491525	0.0169492	0.0338983	0.220339	0.135593	0.0677966	0.0169492
0.0909091	0.0181818	0.0363636	0.0363636	0.236364	0.418182	0.145455	0.0181818
0.205882	0.117647	0.0882353	0.0588235	0.176471	0.117647	0.0882353	0.147059
0.0666667	0.0666667	0.333333	0.0666667	0.133333	0.0666667	0.2	0.0666667
0.0217391	0.0217391	0.0869565	0.0652174	0.0217391	0.0217391	0.73913	0.0217391
0.130435	0.217391	0.0869565	0.0434783	0.0869565	0.26087	0.0434783	0.130435
0.00759494	0.134177	0.0177215	0.0101266	0.637975	0.0708861	0.043038	0.078481
0.0526316	0.421053	0.105263	0.0526316	0.0526316	0.210526	0.0526316	0.0526316
0.428571	0.0714286	0.0714286	0.0714286	0.142857	0.0714286	0.0714286	0.0714286
0.166667	0.0555556	0.0277778	0.0277778	0.194444	0.194444	0.277778	0.0555556
0.047619	0.047619	0.047619	0.142857	0.333333	0.238095	0.0952381	0.047619
0.005	0.045	0.025	0.005	0.815	0.06	0.005	0.04
0.122699	0.0674847	0.441718	0.0368098	0.128834	0.0736196	0.0306748	0.0981595
0.527778	0.138889	0.0833333	0.0555556	0.0833333	0.0277778	0.0277778	0.0555556
0.104895	0.0839161	0.0839161	0.041958	0.34965	0.237762	0.027972	0.0699301
0.0135135	0.0135135	0.0135135	0.0135135	0.0675676	0.0405405	0.0675676	0.77027
0.1	0.1	0.1	0.1	0.1	0.2	0.2	0.1
0.0309278	0.0103093	0.0103093	0.0103093	0.134021	0.0927835	0.0206186	0.690722
0.129353	0.0199005	0.0248756	0.00497512	0.199005	0.079602	0.502488	0.039801
0.105263	0.289474	0.157895	0.0263158	0.0263158	0.157895	0.157895	0.0789474
0.481928	0.0843373	0.0361446	0.0120482	0.180723	0.108434	0.0361446	0.060241
0.125	0.125	0.125	0.125	0.125	0.125	0.125	0.125
0.0714286	0.107143	0.107143	0.214286	0.25	0.107143	0.107143	0.0357143
0.0266667	0.0133333	0.0133333	0.0133333	0.173333	0.733333	0.0133333	0.0133333
0.0567376	0.361702	0.0425532	0.0070922	0.404255	0.0070922	0.0283688	0.0921986
0.24	0.12	0.08	0.04	0.16	0.28	0.04	0.04
0.0454545	0.0909091	0.0454545	0.181818	0.0454545	0.5	0.0454545	0.0454545
0.111111	0.111111	0.125	0.111111	0.138889	0.152778	0.0555556	0.194444
0.190476	0.0952381	0.0952381	0.047619	0.047619	0.285714	0.142857	0.0952381
0.275862	0.0689655	0.137931	0.0344828	0.137931	0.241379	0.0344828	0.0689655
0.0740741	0.111111	0.0740741	0.037037	0.481481	0.0740741	0.0740741	0.0740741
0.0493827	0.0864198	0.283951	0.0123457	0.234568	0.185185	0.0617284	0.0864198
0.125	0.104167	0.125	0.0833333	0.354167	0.0625	0.0833333	0.0625
0.0967742	0.0645161	0.0322581	0.0645161	0.225806	0.193548	0.0322581	0.290323
0.1	0.166667	0.166667	0.0166667	0.266667	0.0333333	0.2	0.05
0.0185185	0.0740741	0.037037	0.0185185	0.259259	0.0555556	0.185185	0.351852
0.0540541	0.027027	0.108108	0.027027	0.135135	0.0810811	0.513514	0.0540541
0.105263	0.263158	0.105263	0.0526316	0.0526316	0.0526316	0.315789	0.0526316
0.1	0.05	0.05	0.05	0.4	0.1	0.05	0.2
0.0689655	0.103448	0.172414	0.0344828	0.482759	0.0344828	0.0689655	0.0344828
0.380952	0.190476	0.0952381	0.047619	0.047619	0.0952381	0.0952381	0.047619
0.125	0.125	0.125	0.125	0.125	0.125	0.125	0.125
