0.0232558	0.0930233	0.0232558	0.209302	0.255814	0.395349
0.0384615	0.0769231	0.0769231	0.0769231	0.269231	0.461538
0.0177936	0.0711744	0.0355872	0.558719	0.256228	0.0604982
0.04	0.04	0.08	0.16	0.08	0.6
0.016	0.48	0.064	0.04	0.368	0.032
0.210526	0.210526	0.105263	0.105263	0.157895	0.210526
0.0769231	0.0384615	0.0384615	0.0384615	0.0769231	0.730769
0.166667	0.166667	0.166667	0.166667	0.166667	0.166667
0.0714286	0.0714286	0.0178571	0.0178571	0.214286	0.607143
0.177419	0.193548	0.0322581	0.209677	0.322581	0.0645161
0.02	0.02	0.08	0.04	0.22	0.62
0.121212	0.0909091	0.030303	0.515152	0.181818	0.0606061
0.032967	0.032967	0.010989	0.10989	0.285714	0.527473
0.0793651	0.0952381	0.015873	0.0634921	0.619048	0.126984
0.189964	0.0681004	0.172043	0.114695	0.444444	0.0107527
0.260563	0.028169	0.105634	0.0352113	0.0211268	0.549296
0.0952381	0.047619	0.047619	0.047619	0.0952381	0.666667
0.122449	0.0204082	0.0408163	0.0612245	0.204082	0.55102
0.0454545	0.0227273	0.0227273	0.727273	0.0454545	0.136364
0.169014	0.0140845	0.0422535	0.15493	0.197183	0.422535
0.0166667	0.3	0.0166667	0.0333333	0.6	0.0333333
0.0425532	0.0851064	0.468085	0.0212766	0.234043	0.148936
0.0204082	0.163265	0.0408163	0.0408163	0.714286	0.0204082
0.285714	0.142857	0.142857	0.142857	0.142857	0.142857
0.195652	0.152174	0.0434783	0.152174	0.413043	0.0434783
0.125	0.458333	0.0416667	0.0416667	0.166667	0.166667
0.521739	0.0434783	0.0434783	0.0869565	0.217391	0.0869565
0.25	0.0833333	0.333333	0.0833333	0.0833333	0.166667
0.3125	0.3125	0.0625	0.1875	0.0625	0.0625
0.0204918	0.90847	0.00956284	0.0245902	0.0327869	0.00409836
0.1	0.166667	0.0333333	0.0333333	0.266667	0.4
0.0357143	0.0357143	0.0357143	0.0714286	0.75	0.0714286
0.0333333	0.166667	0.0833333	0.5	0.05	0.166667
0.112903	0.0322581	0.241935	0.016129	0.467742	0.129032
0.0181818	0.0272727	0.127273	0.354545	0.454545	0.0181818
0.0111732	0.636872	0.0111732	0.0167598	0.312849	0.0111732
0.294118	0.0588235	0.117647	0.117647	0.0588235	0.352941
0.037037	0.037037	0.0740741	0.111111	0.259259	0.481481
0.03125	0.046875	0.359375	0.171875	0.328125	0.0625
0.0027933	0.0167598	0.184358	0.24581	0.0502793	0.5
0.0333333	0.155556	0.0222222	0.0555556	0.7	0.0333333
0.142857	0.252747	0.010989	0.021978	0.472527	0.0989011
0.0526316	0.210526	0.157895	0.315789	0.210526	0.0526316
0.0746269	0.149254	0.0149254	0.38806	0.268657	0.104478
0.0148148	0.11358	0.0320988	0.118519	0.679012	0.0419753
0.00515464	0.118557	0.108247	0.742268	0.00515464	0.0206186
0.147059	0.294118	0.0588235	0.235294	0.235294	0.0294118
0.0496894	0.0372671	0.478261	0.15528	0.149068	0.130435
0.0857143	0.171429	0.0285714	0.0285714	0.657143	0.0285714
0.837398	0.0203252	0.0121951	0.0162602	0.105691	0.00813008
0.64	0.06	0.04	0.02	0.2	0.04
0.129032	0.0322581	0.0322581	0.0322581	0.0322581	0.741935
0.536585	0.00813008	0.0813008	0.0243902	0.182927	0.166667
0.10989	0.021978	0.0549451	0.021978	0.043956	0.747253
0.56	0.2	0.08	0.04	0.08	0.04
0.195122	0.365854	0.0243902	0.0487805	0.146341	0.219512
0.0540541	0.135135	0.0135135	0.027027	0.689189	0.0810811
0.0289855	0.333333	0.057971	0.0434783	0.507246	0.0289855
0.230769	0.0384615	0.115385	0.0384615	0.230769	0.346154
0.162791	0.0465116	0.0232558	0.325581	0.418605	0.0232558
0.592593	0.0740741	0.037037	0.0740741	0.185185	0.037037
0.0204082	0.204082	0.0204082	0.0612245	0.673469	0.0204082
0.0465116	0.0930233	0.139535	0.116279	0.0697674	0.534884
0.04	0.11	0.01	0.63	0.19	0.02
0.116279	0.0232558	0.162791	0.116279	0.302326	0.27907
0.0294118	0.0294118	0.147059	0.470588	0.264706	0.0588235
0.108696	0.0217391	0.0434783	0.0652174	0.217391	0.543478
0.0571429	0.114286	0.0571429	0.114286	0.0857143	0.571429
0.0136986	0.493151	0.0410959	0.0410959	0.232877	0.178082
0.148936	0.0212766	0.276596	0.0638298	0.468085	0.0212766
0.111111	0.0740741	0.0740741	0.037037	0.111111	0.592593
0.133333	0.133333	0.0666667	0.133333	0.466667	0.0666667
0.55	0.1	0.05	0.05	0.15	0.1
0.416667	0.0416667	0.0833333	0.0833333	0.166667	0.208333
0.025	0.3875	0.0375	0.0375	0.50625	0.00625
0.759259	0.037037	0.0185185	0.037037	0.0925926	0.0555556
0.534483	0.0517241	0.0172414	0.12069	0.206897	0.0689655
0.0909091	0.0454545	0.227273	0.0454545	0.272727	0.318182
0.234375	0.3125	0.03125	0.171875	0.234375	0.015625
0.142857	0.190476	0.047619	0.238095	0.142857	0.238095
0.266667	0.0666667	0.133333	0.133333	0.333333	0.0666667
0.511111	0.0222222	0.0444444	0.0666667	0.133333	0.222222
0.107692	0.246154	0.0769231	0.0461538	0.369231	0.153846
0.6	0.0285714	0.114286	0.0857143	0.0571429	0.114286
0.1	0.2	0.1	0.3	0.2	0.1
0.166667	0.166667	0.166667	0.166667	0.166667	0.166667
0.533333	0.0666667	0.0666667	0.133333	0.0666667	0.133333
0.166667	0.166667	0.166667	0.166667	0.166667	0.166667
0.0238095	0.0238095	0.0238095	0.166667	0.261905	0.5
0.255814	0.0697674	0.0232558	0.0697674	0.116279	0.465116
0.192308	0.0384615	0.0384615	0.307692	0.269231	0.153846
0.0429185	0.412017	0.00429185	0.0600858	0.463519	0.0171674
0.564516	0.129032	0.016129	0.016129	0.258065	0.016129
0.0487805	0.0731707	0.0243902	0.414634	0.414634	0.0243902
0.282609	0.0217391	0.173913	0.0217391	0.108696	0.391304
0.175258	0.731959	0.0103093	0.0103093	0.0618557	0.0103093
0.35	0.05	0.05	0.15	0.2	0.2
0.0387597	0.48062	0.0155039	0.0620155	0.387597	0.0155039
0.153846	0.230769	0.230769	0.153846	0.0769231	0.153846
0.333333	0.0555556	0.0555556	0.0555556	0.277778	0.222222
0.142857	0.0714286	0.214286	0.0714286	0.428571	0.0714286
0.587248	0.0134228	0.0033557	0.0637584	0.325503	0.00671141
0.0864979	0.0131857	0.0195148	0.0780591	0.096519	0.706224
0.428571	0.0714286	0.142857	0.0714286	0.0714286	0.214286
0.0252101	0.00840336	0.00840336	0.12605	0.806723	0.0252101
0.615385	0.0192308	0.0769231	0.0192308	0.230769	0.0384615
0.0197802	0.0043956	0.032967	0.0769231	0.215385	0.650549
0.5625	0.125	0.0625	0.125	0.0625	0.0625
0.0520497	0.198756	0.0027637	0.0506679	0.685398	0.0103639
0.413793	0.103448	0.0344828	0.241379	0.103448	0.103448
0.0625	0.125	0.125	0.09375	0.40625	0.1875
0.16	0.04	0.12	0.28	0.32	0.08
0.0238095	0.375	0.00595238	0.0714286	0.470238	0.0535714
0.0877193	0.0175439	0.0175439	0.122807	0.175439	0.578947
0.151515	0.0606061	0.030303	0.0909091	0.030303	0.636364
0.391304	0.0434783	0.0434783	0.0434783	0.0434783	0.434783
0.0810811	0.0810811	0.0810811	0.162162	0.0540541	0.540541
0.208333	0.0833333	0.0416667	0.0833333	0.416667	0.166667
0.00689655	0.510345	0.0275862	0.158621	0.282759	0.0137931
0.0810811	0.243243	0.0540541	0.027027	0.513514	0.0810811
0.340909	0.159091	0.0909091	0.0909091	0.25	0.0681818
0.518717	0.0213904	0.0641711	0.229947	0.117647	0.0481283
0.0967742	0.0483871	0.016129	0.0483871	0.306452	0.483871
0.597222	0.0555556	0.0416667	0.0138889	0.263889	0.0277778
0.0740741	0.0740741	0.037037	0.37037	0.407407	0.037037
0.0991254	0.119534	0.19242	0.279883	0.12828	0.180758
0.0384615	0.0153846	0.0307692	0.0230769	0.230769	0.661538
0.150459	0.258716	0.00733945	0.0697248	0.489908	0.0238532
0.0555556	0.0555556	0.0555556	0.0555556	0.111111	0.666667
0.6	0.00869565	0.0434783	0.026087	0.286957	0.0347826
0.510204	0.0204082	0.204082	0.0204082	0.183673	0.0612245
0.217391	0.0217391	0.0217391	0.130435	0.0869565	0.521739
0.144144	0.216216	0.018018	0.0540541	0.558559	0.00900901
0.639175	0.0412371	0.0154639	0.056701	0.139175	0.108247
0.25	0.138889	0.0555556	0.0555556	0.388889	0.111111
0.403509	0.0526316	0.0175439	0.105263	0.298246	0.122807
0.142857	0.285714	0.0714286	0.285714	0.142857	0.0714286
0.0394089	0.0295567	0.714286	0.137931	0.0295567	0.0492611
0.0212766	0.340426	0.0212766	0.148936	0.446809	0.0212766
0.4	0.1	0.1	0.1	0.2	0.1
0.020979	0.167832	0.013986	0.20979	0.517483	0.0699301
0.0285714	0.0571429	0.0285714	0.0285714	0.257143	0.6
0.166667	0.166667	0.166667	0.166667	0.166667	0.166667
0.05	0.2	0.15	0.1	0.05	0.45
0.1	0.1	0.1	0.3	0.3	0.1
0.25	0.125	0.25	0.125	0.125	0.125
0.0769231	0.0769231	0.0384615	0.0769231	0.307692	0.423077
0.2	0.05	0.05	0.05	0.15	0.5
0.225	0.1	0.125	0.025	0.475	0.05
0.0253165	0.0379747	0.0126582	0.544304	0.341772	0.0379747
0.0413223	0.0165289	0.247934	0.206612	0.38843	0.0991736
0.0118343	0.5	0.00295858	0.0591716	0.420118	0.00591716
0.0285714	0.0571429	0.0571429	0.0285714	0.0857143	0.742857
0.417391	0.0173913	0.0173913	0.0956522	0.434783	0.0173913
0.0666667	0.2	0.0666667	0.0666667	0.533333	0.0666667
0.1	0.1	0.05	0.05	0.1	0.6
0.285714	0.047619	0.0952381	0.0952381	0.428571	0.047619
0.129032	0.129032	0.209677	0.16129	0.0645161	0.306452
0.111111	0.166667	0.111111	0.277778	0.111111	0.222222
0.0204082	0.510204	0.0306122	0.112245	0.295918	0.0306122
0.333333	0.222222	0.111111	0.111111	0.111111	0.111111
0.222222	0.111111	0.0555556	0.277778	0.166667	0.166667
0.272727	0.0454545	0.181818	0.0454545	0.318182	0.136364
0.266667	0.0666667	0.133333	0.0666667	0.133333	0.333333
0.111111	0.0888889	0.0222222	0.0444444	0.622222	0.111111
0.0126582	0.164557	0.0253165	0.164557	0.0886076	0.544304
0.166667	0.166667	0.166667	0.166667	0.166667	0.166667
0.091954	0.0344828	0.0229885	0.0344828	0.195402	0.62069
0.0107914	0.00359712	0.0179856	0.618705	0.291367	0.057554
0.5	0.0588235	0.0294118	0.0294118	0.0588235	0.323529
0.00925926	0.12963	0.0277778	0.0185185	0.712963	0.101852
0.0434783	0.0434783	0.0434783	0.391304	0.347826	0.130435
0.111111	0.037037	0.0740741	0.37037	0.259259	0.148148
0.0789474	0.447368	0.0657895	0.0526316	0.315789	0.0394737
0.0909091	0.0909091	0.0909091	0.181818	0.0909091	0.454545
0.0333333	0.1	0.0111111	0.0444444	0.8	0.0111111
0.486486	0.189189	0.027027	0.216216	0.0540541	0.027027
0.00993377	0.397351	0.0960265	0.089404	0.334437	0.0728477
0.0512821	0.0769231	0.128205	0.102564	0.487179	0.153846
0.0193548	0.567742	0.00645161	0.0430108	0.298925	0.0645161
0.0217391	0.0434783	0.0434783	0.0108696	0.369565	0.51087
0.0382514	0.0218579	0.00546448	0.617486	0.300546	0.0163934
0.0588235	0.629412	0.0176471	0.0588235	0.217647	0.0176471
0.65	0.15	0.05	0.05	0.05	0.05
0.1	0.1	0.1	0.1	0.5	0.1
0.0111111	0.166667	0.0444444	0.0444444	0.211111	0.522222
0.412429	0.0282486	0.0564972	0.112994	0.310734	0.079096
0.0689655	0.0300619	0.572944	0.0583554	0.0654288	0.204244
0.0421053	0.0842105	0.0421053	0.484211	0.336842	0.0105263
0.0405405	0.0405405	0.0135135	0.351351	0.486486	0.0675676
0.0704225	0.0704225	0.0704225	0.112676	0.352113	0.323944
0.111111	0.111111	0.111111	0.333333	0.222222	0.111111
0.322581	0.0322581	0.0322581	0.0645161	0.516129	0.0322581
0.4	0.171429	0.0857143	0.0285714	0.2	0.114286
0.0333333	0.1	0.0166667	0.683333	0.15	0.0166667
0.0406977	0.377907	0.0406977	0.0232558	0.5	0.0174419
0.1	0.05	0.1	0.05	0.1	0.6
0.297143	0.0228571	0.0857143	0.16	0.102857	0.331429
0.136364	0.136364	0.0454545	0.181818	0.363636	0.136364
0.153846	0.166667	0.0512821	0.115385	0.5	0.0128205
0.105263	0.157895	0.0526316	0.210526	0.421053	0.0526316
0.0181818	0.0181818	0.0363636	0.0727273	0.218182	0.636364
0.0701754	0.403509	0.0175439	0.0701754	0.421053	0.0175439
0.0684932	0.0273973	0.465753	0.150685	0.164384	0.123288
0.0120482	0.0722892	0.0240964	0.0120482	0.86747	0.0120482
0.0416667	0.0208333	0.1875	0.0625	0.416667	0.270833
0.130435	0.0434783	0.0434783	0.0869565	0.217391	0.478261
0.54	0.06	0.02	0.1	0.14	0.14
0.113636	0.0227273	0.0681818	0.0681818	0.545455	0.181818
0.0638298	0.0638298	0.0425532	0.702128	0.0851064	0.0425532
0.0571429	0.0857143	0.457143	0.171429	0.114286	0.114286
0.45283	0.0188679	0.0188679	0.0754717	0.396226	0.0377358
0.0400445	0.676307	0.0100111	0.0556174	0.211346	0.00667408
0.144	0.08	0.016	0.512	0.224	0.024
0.348837	0.0348837	0.151163	0.151163	0.0581395	0.255814
0.0666667	0.0222222	0.0222222	0.0666667	0.311111	0.511111
0.333333	0.133333	0.0666667	0.0666667	0.333333	0.0666667
0.333333	0.0833333	0.0833333	0.25	0.166667	0.0833333
0.107256	0.0315457	0.432177	0.129338	0.239748	0.0599369
0.103175	0.21164	0.00793651	0.119048	0.507937	0.0502646
0.146341	0.426829	0.0121951	0.0731707	0.317073	0.0243902
0.384615	0.153846	0.0384615	0.115385	0.0384615	0.269231
0.0263158	0.552632	0.0789474	0.105263	0.184211	0.0526316
0.0151515	0.295455	0.121212	0.030303	0.522727	0.0151515
0.0625	0.0416667	0.208333	0.104167	0.208333	0.375
0.0454545	0.0227273	0.0227273	0.181818	0.0227273	0.704545
0.132075	0.0754717	0.0566038	0.283019	0.433962	0.0188679
0.116279	0.0232558	0.0232558	0.139535	0.139535	0.55814
0.114286	0.0285714	0.428571	0.114286	0.2	0.114286
0.047619	0.0238095	0.047619	0.0238095	0.238095	0.619048
0.0606061	0.151515	0.0909091	0.272727	0.333333	0.0909091
0.46875	0.03125	0.03125	0.15625	0.28125	0.03125
0.0882353	0.00653595	0.0196078	0.522876	0.267974	0.0947712
0.44186	0.0465116	0.0697674	0.0697674	0.255814	0.116279
0.217391	0.0434783	0.0434783	0.304348	0.369565	0.0217391
0.166667	0.166667	0.0833333	0.0833333	0.333333	0.166667
0.0232558	0.372093	0.0232558	0.139535	0.418605	0.0232558
0.0666667	0.0666667	0.266667	0.266667	0.133333	0.2
0.25	0.0625	0.0625	0.03125	0.34375	0.25
0.151007	0.318792	0.0033557	0.16443	0.285235	0.0771812
0.403226	0.016129	0.016129	0.112903	0.0645161	0.387097
0.52381	0.0238095	0.0714286	0.142857	0.214286	0.0238095
0.0877193	0.0175439	0.0526316	0.105263	0.0350877	0.701754
0.122951	0.00819672	0.0737705	0.180328	0.172131	0.442623
0.0740741	0.0740741	0.037037	0.259259	0.185185	0.37037
0.102041	0.0510204	0.0102041	0.112245	0.0306122	0.693878
0.148148	0.0925926	0.0185185	0.407407	0.277778	0.0555556
0.0727273	0.0363636	0.0363636	0.163636	0.0727273	0.618182
0.346154	0.0384615	0.0769231	0.0769231	0.423077	0.0384615
0.103448	0.103448	0.103448	0.0344828	0.0689655	0.586207
0.0129032	0.0129032	0.36129	0.270968	0.270968	0.0709677
0.153846	0.153846	0.0769231	0.153846	0.0769231	0.384615
0.56	0.0266667	0.0266667	0.0533333	0.0133333	0.32
0.0598291	0.042735	0.017094	0.0683761	0.290598	0.521368
0.181818	0.0454545	0.227273	0.181818	0.272727	0.0909091
0.0882353	0.0588235	0.0294118	0.294118	0.470588	0.0588235
0.441176	0.0294118	0.117647	0.0441176	0.323529	0.0441176
0.107143	0.0714286	0.107143	0.107143	0.142857	0.464286
0.811881	0.019802	0.029703	0.019802	0.0990099	0.019802
0.153846	0.0384615	0.0769231	0.480769	0.153846	0.0961538
0.0487805	0.0243902	0.0487805	0.0243902	0.0243902	0.829268
0.04	0.08	0.02	0.5	0.28	0.08
0.0483871	0.0645161	0.016129	0.677419	0.177419	0.016129
0.00621118	0.0248447	0.15528	0.0559006	0.732919	0.0248447
0.0769231	0.0769231	0.0384615	0.0384615	0.153846	0.615385
0.0689655	0.0689655	0.0344828	0.103448	0.103448	0.62069
0.0869565	0.0434783	0.0434783	0.173913	0.478261	0.173913
0.0344828	0.0344828	0.103448	0.0344828	0.0689655	0.724138
0.112462	0.0303951	0.0303951	0.702128	0.112462	0.0121581
0.380282	0.028169	0.0704225	0.0985915	0.309859	0.112676
0.0357143	0.107143	0.0357143	0.642857	0.142857	0.0357143
0.047619	0.0952381	0.047619	0.0952381	0.52381	0.190476
0.0254237	0.0254237	0.0169492	0.491525	0.372881	0.0677966
0.04	0.24	0.16	0.2	0.24	0.12
0.166667	0.166667	0.166667	0.166667	0.166667	0.166667
0.0185185	0.0185185	0.0185185	0.0185185	0.148148	0.777778
0.317073	0.0487805	0.0487805	0.195122	0.268293	0.121951
0.0952381	0.047619	0.190476	0.142857	0.285714	0.238095
0.166667	0.166667	0.166667	0.166667	0.166667	0.166667
0.045045	0.162162	0.0900901	0.504505	0.0990991	0.0990991
0.0434783	0.0434783	0.0869565	0.130435	0.652174	0.0434783
0.3	0.116667	0.05	0.3	0.183333	0.05
0.595238	0.0238095	0.0238095	0.0238095	0.166667	0.166667
0.0704225	0.0140845	0.028169	0.112676	0.112676	0.661972
0.0666667	0.0333333	0.0666667	0.233333	0.433333	0.166667
0.0571429	0.0571429	0.0571429	0.114286	0.0285714	0.685714
0.26087	0.0434783	0.130435	0.0434783	0.0434783	0.478261
0.00537634	0.016129	0.0215054	0.0591398	0.209677	0.688172
0.0454545	0.272727	0.0454545	0.0454545	0.5	0.0909091
0.181818	0.159091	0.0227273	0.0227273	0.5	0.113636
0.0606061	0.030303	0.363636	0.136364	0.30303	0.106061
0.26087	0.23913	0.0869565	0.108696	0.0869565	0.217391
0.222222	0.111111	0.111111	0.111111	0.222222	0.222222
0.206897	0.137931	0.103448	0.0689655	0.344828	0.137931
0.0285714	0.0857143	0.428571	0.228571	0.0571429	0.171429
0.119403	0.0149254	0.0149254	0.0895522	0.567164	0.19403
0.269231	0.269231	0.115385	0.115385	0.192308	0.0384615
0.217391	0.0434783	0.130435	0.347826	0.217391	0.0434783
0.2	0.1	0.05	0.15	0.45	0.05
0.116279	0.139535	0.209302	0.232558	0.139535	0.162791
0.0322581	0.0645161	0.0322581	0.129032	0.677419	0.0645161
0.230769	0.0769231	0.384615	0.0769231	0.153846	0.0769231
0.0434783	0.0434783	0.0434783	0.0869565	0.217391	0.565217
0.046875	0.015625	0.015625	0.09375	0.25	0.578125
0.0909091	0.0151515	0.0151515	0.030303	0.378788	0.469697
0.232143	0.0892857	0.0178571	0.0178571	0.5625	0.0803571
0.234043	0.0212766	0.0638298	0.276596	0.255319	0.148936
0.112903	0.290323	0.0322581	0.112903	0.419355	0.0322581
0.336207	0.0689655	0.00862069	0.12069	0.267241	0.198276
0.0410959	0.594521	0.0164384	0.0219178	0.312329	0.0136986
0.0555556	0.0555556	0.0555556	0.166667	0.0555556	0.611111
0.105263	0.105263	0.105263	0.315789	0.210526	0.157895
0.307692	0.0769231	0.0769231	0.0769231	0.384615	0.0769231
0.0487805	0.0243902	0.0731707	0.0487805	0.097561	0.707317
0.181818	0.0909091	0.0454545	0.0454545	0.227273	0.409091
0.2	0.0857143	0.0571429	0.0285714	0.2	0.428571
0.025	0.275	0.2	0.1	0.25	0.15
0.1	0.133333	0.0333333	0.0666667	0.566667	0.1
0.00684932	0.0479452	0.0136986	0.0205479	0.835616	0.0753425
0.043956	0.032967	0.043956	0.0989011	0.769231	0.010989
0.181818	0.0909091	0.0909091	0.0909091	0.454545	0.0909091
0.0731707	0.097561	0.0731707	0.0731707	0.536585	0.146341
0.0285714	0.0285714	0.114286	0.0571429	0.228571	0.542857
0.0508475	0.135593	0.0677966	0.0508475	0.677966	0.0169492
0.326531	0.0204082	0.122449	0.0918367	0.0102041	0.428571
0.171429	0.0285714	0.0285714	0.142857	0.142857	0.485714
0.0171821	0.0206186	0.0309278	0.536082	0.371134	0.024055
0.12069	0.0689655	0.0603448	0.0172414	0.0431034	0.689655
0.225806	0.225806	0.0645161	0.0322581	0.129032	0.322581
0.175676	0.391892	0.0675676	0.0135135	0.310811	0.0405405
0.185185	0.148148	0.037037	0.0185185	0.0185185	0.592593
0.030303	0.030303	0.030303	0.030303	0.0909091	0.787879
0.107143	0.0357143	0.0714286	0.142857	0.0714286	0.571429
0.230769	0.0576923	0.307692	0.192308	0.173077	0.0384615
0.0204082	0.0204082	0.0612245	0.0204082	0.0816327	0.795918
0.05	0.05	0.05	0.05	0.45	0.35
0.153846	0.025641	0.025641	0.025641	0.102564	0.666667
0.319149	0.138298	0.159574	0.0531915	0.106383	0.223404
0.226415	0.132075	0.0188679	0.0377358	0.509434	0.0754717
0.0338983	0.0169492	0.135593	0.152542	0.152542	0.508475
0.030303	0.121212	0.030303	0.0909091	0.363636	0.363636
0.166667	0.166667	0.166667	0.166667	0.166667	0.166667
0.719101	0.011236	0.011236	0.0224719	0.202247	0.0337079
0.142857	0.0952381	0.047619	0.285714	0.190476	0.238095
0.44	0.02	0.02	0.06	0.02	0.44
0.0714286	0.285714	0.0238095	0.0238095	0.547619	0.047619
0.0869565	0.0289855	0.0144928	0.0144928	0.15942	0.695652
0.0212766	0.248227	0.0496454	0.0992908	0.475177	0.106383
0.0672646	0.569507	0.0313901	0.112108	0.197309	0.0224215
0.0914286	0.00571429	0.0628571	0.0342857	0.48	0.325714
0.157143	0.0571429	0.257143	0.0285714	0.0571429	0.442857
0.0833333	0.125	0.0416667	0.0416667	0.0416667	0.666667
0.4	0.2	0.1	0.1	0.1	0.1
0.05	0.025	0.125	0.1	0.1	0.6
0.0740741	0.0185185	0.0185185	0.333333	0.12963	0.425926
0.114286	0.0571429	0.0142857	0.0714286	0.442857	0.3
0.027027	0.027027	0.378378	0.0540541	0.351351	0.162162
0.107143	0.0357143	0.142857	0.107143	0.142857	0.464286
0.131579	0.0263158	0.0526316	0.0526316	0.0263158	0.710526
0.0606061	0.393939	0.030303	0.181818	0.181818	0.151515
0.107143	0.0178571	0.107143	0.0178571	0.267857	0.482143
0.0357143	0.0357143	0.0357143	0.0535714	0.107143	0.732143
0.4	0.133333	0.133333	0.166667	0.0666667	0.1
0.32	0.04	0.04	0.08	0.08	0.44
0.0888889	0.0444444	0.0222222	0.0666667	0.355556	0.422222
0.100592	0.0118343	0.390533	0.153846	0.130178	0.213018
0.0923077	0.138462	0.0307692	0.0923077	0.630769	0.0153846
0.0645161	0.0645161	0.129032	0.16129	0.483871	0.0967742
0.037037	0.0185185	0.0185185	0.111111	0.111111	0.703704
0.357143	0.0714286	0.0714286	0.107143	0.357143	0.0357143
0.235294	0.0588235	0.117647	0.0588235	0.411765	0.117647
0.578313	0.0843373	0.0240964	0.0240964	0.26506	0.0240964
0.0592885	0.0711462	0.0474308	0.0355731	0.766798	0.0197628
0.2	0.0666667	0.133333	0.133333	0.4	0.0666667
0.028777	0.654676	0.00719424	0.0791367	0.158273	0.0719424
0.342857	0.0571429	0.0285714	0.0857143	0.142857	0.342857
0.0823529	0.0705882	0.0117647	0.0588235	0.505882	0.270588
0.0625	0.0625	0.0625	0.0625	0.4375	0.3125
0.0434783	0.26087	0.0869565	0.0869565	0.434783	0.0869565
0.0757576	0.136364	0.030303	0.106061	0.621212	0.030303
0.377049	0.0163934	0.0163934	0.0983607	0.393443	0.0983607
0.166667	0.166667	0.166667	0.166667	0.166667	0.166667
0.097561	0.0243902	0.0487805	0.097561	0.243902	0.487805
0.0677966	0.457627	0.0169492	0.152542	0.288136	0.0169492
0.0263158	0.131579	0.0263158	0.0263158	0.763158	0.0263158
0.15	0.05	0.05	0.35	0.3	0.1
0.065445	0.0811518	0.0235602	0.0209424	0.790576	0.0183246
0.0909091	0.0909091	0.136364	0.0909091	0.545455	0.0454545
0.0714286	0.0357143	0.0714286	0.0178571	0.285714	0.517857
0.294118	0.0882353	0.0294118	0.0588235	0.441176	0.0882353
0.3125	0.0625	0.0625	0.0625	0.1875	0.3125
0.183673	0.183673	0.122449	0.163265	0.326531	0.0204082
0.0731707	0.0731707	0.414634	0.243902	0.146341	0.0487805
0.208333	0.166667	0.145833	0.166667	0.270833	0.0416667
0.08	0.26	0.02	0.16	0.4	0.08
0.576623	0.00779221	0.0467532	0.0701299	0.176623	0.122078
0.444444	0.0277778	0.0555556	0.305556	0.138889	0.0277778
0.033195	0.73029	0.00829876	0.0746888	0.141079	0.0124481
0.36	0.04	0.08	0.12	0.24	0.16
0.0775862	0.0833333	0.045977	0.0201149	0.0977011	0.675287
0.0869565	0.0434783	0.0869565	0.0869565	0.0434783	0.652174
0.0218377	0.0836424	0.0226617	0.750721	0.0955913	0.0255459
0.0144928	0.0289855	0.0144928	0.898551	0.0289855	0.0144928
0.609195	0.0229885	0.114943	0.0344828	0.149425	0.0689655
0.217391	0.0434783	0.0434783	0.304348	0.347826	0.0434783
0.516129	0.0645161	0.016129	0.0645161	0.322581	0.016129
0.00365631	0.0749543	0.0255941	0.0968921	0.76234	0.0365631
0.0666667	0.0333333	0.0333333	0.1	0.0333333	0.733333
0.0333333	0.333333	0.0666667	0.1	0.4	0.0666667
0.097561	0.341463	0.0487805	0.097561	0.365854	0.0487805
0.0909091	0.0454545	0.0454545	0.136364	0.0909091	0.590909
0.556962	0.0506329	0.0126582	0.0126582	0.341772	0.0253165
0.462963	0.0185185	0.0185185	0.166667	0.314815	0.0185185
0.0844687	0.53406	0.00817439	0.122616	0.19891	0.0517711
0.666667	0.047619	0.0952381	0.047619	0.0952381	0.047619
0.0909091	0.181818	0.0909091	0.272727	0.272727	0.0909091
0.0298507	0.0447761	0.0149254	0.00746269	0.873134	0.0298507
0.037037	0.0740741	0.111111	0.185185	0.555556	0.037037
0.111111	0.222222	0.111111	0.111111	0.333333	0.111111
0.40367	0.0642202	0.0183486	0.0917431	0.376147	0.0458716
0.0285714	0.314286	0.0857143	0.114286	0.428571	0.0285714
0.0833333	0.0277778	0.361111	0.0277778	0.166667	0.333333
0.0731707	0.0243902	0.0243902	0.146341	0.195122	0.536585
0.55814	0.0232558	0.0232558	0.0465116	0.302326	0.0465116
0.0909091	0.0909091	0.0909091	0.181818	0.363636	0.181818
0.0588235	0.0588235	0.117647	0.0588235	0.117647	0.588235
0.185185	0.148148	0.037037	0.148148	0.222222	0.259259
0.12	0.14	0.03	0.43	0.19	0.09
0.0612245	0.244898	0.0612245	0.285714	0.244898	0.102041
0.0131579	0.105263	0.263158	0.0131579	0.276316	0.328947
0.00986842	0.0986842	0.483553	0.259868	0.0822368	0.0657895
0.0454545	0.0227273	0.0909091	0.0227273	0.136364	0.681818
0.0227273	0.136364	0.0454545	0.136364	0.636364	0.0227273
0.710526	0.0263158	0.0263158	0.105263	0.105263	0.0263158
0.195312	0.015625	0.351562	0.0703125	0.257812	0.109375
0.0291262	0.00970874	0.0194175	0.0485437	0.883495	0.00970874
0.2	0.1	0.05	0.05	0.55	0.05
0.166667	0.145833	0.0416667	0.0625	0.541667	0.0416667
0.0327869	0.0327869	0.0163934	0.0655738	0.131148	0.721311
0.047619	0.00952381	0.0190476	0.114286	0.0666667	0.742857
0.208333	0.0833333	0.0416667	0.104167	0.541667	0.0208333
0.0204082	0.0204082	0.0816327	0.0204082	0.22449	0.632653
0.183962	0.0424528	0.0141509	0.0141509	0.132075	0.613208
0.0344828	0.0172414	0.0172414	0.0172414	0.0689655	0.844828
0.075	0.15	0.1	0.15	0.45	0.075
0.0816327	0.102041	0.102041	0.244898	0.44898	0.0204082
0.6375	0.0125	0.0125	0.1	0.225	0.0125
0.142857	0.0714286	0.142857	0.214286	0.285714	0.142857
0.0666667	0.2	0.266667	0.0666667	0.0666667	0.333333
0.2	0.1	0.1	0.1	0.2	0.3
0.030303	0.454545	0.0606061	0.0606061	0.333333	0.0606061
0.0416667	0.416667	0.0416667	0.291667	0.166667	0.0416667
0.526316	0.0526316	0.0526316	0.105263	0.210526	0.0526316
0.0735294	0.0147059	0.102941	0.411765	0.308824	0.0882353
0.128205	0.307692	0.025641	0.205128	0.230769	0.102564
0.2	0.0461538	0.0615385	0.0153846	0.153846	0.523077
0.222222	0.0740741	0.296296	0.222222	0.148148	0.037037
0.08	0.12	0.28	0.12	0.12	0.28
0.0576923	0.0384615	0.134615	0.173077	0.0961538	0.5
0.0952381	0.126984	0.0634921	0.174603	0.492063	0.047619
0.0136986	0.0273973	0.0410959	0.0547945	0.246575	0.616438
0.0771028	0.0186916	0.544393	0.191589	0.0116822	0.156542
0.025	0.05	0.2	0.05	0.25	0.425
0.0175439	0.0526316	0.0350877	0.350877	0.508772	0.0350877
0.0689655	0.0114943	0.333333	0.241379	0.310345	0.0344828
0.0512821	0.128205	0.025641	0.153846	0.512821	0.128205
0.230769	0.0897436	0.0384615	0.0384615	0.115385	0.487179
0.496454	0.0283688	0.156028	0.0212766	0.163121	0.134752
0.037037	0.222222	0.037037	0.0740741	0.555556	0.0740741
0.830189	0.0377358	0.00628931	0.0314465	0.0880503	0.00628931
0.0833333	0.138889	0.0833333	0.25	0.416667	0.0277778
0.0512821	0.0769231	0.025641	0.025641	0.333333	0.487179
0.00680272	0.0136054	0.0272109	0.0272109	0.0340136	0.891156
0.6	0.05	0.05	0.05	0.2	0.05
0.0384615	0.115385	0.0384615	0.692308	0.0769231	0.0384615
0.0384615	0.0384615	0.0384615	0.230769	0.0384615	0.615385
0.131148	0.0983607	0.377049	0.0655738	0.295082	0.0327869
0.0384615	0.0576923	0.0192308	0.0384615	0.576923	0.269231
0.05	0.15	0.1	0.1	0.3	0.3
0.0285714	0.0285714	0.0285714	0.628571	0.257143	0.0285714
0.153846	0.0769231	0.0769231	0.0769231	0.461538	0.153846
0.0384615	0.0769231	0.115385	0.153846	0.538462	0.0769231
0.0416667	0.0833333	0.0833333	0.333333	0.375	0.0833333
0.272727	0.0454545	0.0454545	0.0909091	0.318182	0.227273
0.666667	0.0641026	0.0128205	0.0641026	0.128205	0.0641026
0.236842	0.210526	0.0263158	0.157895	0.315789	0.0526316
0.0588235	0.0588235	0.137255	0.0392157	0.235294	0.470588
0.330435	0.0434783	0.0173913	0.0695652	0.330435	0.208696
0.0168067	0.0336134	0.092437	0.521008	0.268908	0.0672269
0.230769	0.0769231	0.0769231	0.0769231	0.307692	0.230769
0.378788	0.0151515	0.0151515	0.136364	0.287879	0.166667
0.145833	0.270833	0.208333	0.229167	0.104167	0.0416667
0.333333	0.0606061	0.121212	0.030303	0.424242	0.030303
0.056338	0.183099	0.183099	0.112676	0.366197	0.0985915
0.0714286	0.0357143	0.0357143	0.5	0.285714	0.0714286
0.425	0.025	0.1125	0.1375	0.275	0.025
0.230769	0.0641026	0.025641	0.358974	0.294872	0.025641
0.0478469	0.0287081	0.674641	0.143541	0.0717703	0.0334928
0.767677	0.040404	0.010101	0.020202	0.151515	0.010101
0.368421	0.0526316	0.263158	0.0526316	0.157895	0.105263
0.0454545	0.0454545	0.0454545	0.0909091	0.0454545	0.727273
0.105263	0.0526316	0.0526316	0.105263	0.157895	0.526316
0.0526316	0.157895	0.0526316	0.0526316	0.631579	0.0526316
0.375	0.166667	0.0416667	0.25	0.0833333	0.0833333
0.111111	0.037037	0.185185	0.0740741	0.259259	0.333333
0.142857	0.0285714	0.0285714	0.171429	0.285714	0.342857
0.0136986	0.328767	0.0410959	0.260274	0.328767	0.0273973
0.1875	0.0178571	0.0267857	0.0267857	0.178571	0.5625
0.478261	0.0652174	0.0217391	0.108696	0.152174	0.173913
0.0909091	0.272727	0.145455	0.0545455	0.363636	0.0727273
0.142857	0.142857	0.285714	0.142857	0.142857	0.142857
0.0175439	0.0175439	0.0175439	0.614035	0.175439	0.157895
0.415094	0.0566038	0.0188679	0.0377358	0.320755	0.150943
0.28125	0.21875	0.15625	0.09375	0.09375	0.15625
0.153846	0.0769231	0.0769231	0.0769231	0.153846	0.461538
0.0454545	0.0227273	0.0681818	0.0227273	0.0227273	0.818182
0.047619	0.142857	0.047619	0.428571	0.238095	0.0952381
0.0178117	0.0458015	0.0101781	0.180662	0.694656	0.0508906
0.176471	0.0588235	0.117647	0.294118	0.294118	0.0588235
0.166667	0.0833333	0.0833333	0.25	0.25	0.166667
0.294118	0.0294118	0.0294118	0.0588235	0.323529	0.264706
0.0526316	0.0526316	0.157895	0.105263	0.526316	0.105263
0.010101	0.0858586	0.010101	0.0454545	0.838384	0.010101
0.186335	0.10559	0.391304	0.0745342	0.204969	0.0372671
0.529412	0.0882353	0.0882353	0.176471	0.0588235	0.0588235
0.177305	0.191489	0.12766	0.070922	0.361702	0.070922
0.0138889	0.861111	0.0277778	0.0277778	0.0555556	0.0138889
0.25	0.25	0.125	0.125	0.125	0.125
0.0105263	0.705263	0.0105263	0.0210526	0.242105	0.0105263
0.0753769	0.0703518	0.0100503	0.0904523	0.241206	0.512563
0.138889	0.0555556	0.0277778	0.333333	0.194444	0.25
0.580247	0.0493827	0.0246914	0.0987654	0.222222	0.0246914
0.166667	0.166667	0.166667	0.166667	0.166667	0.166667
0.115385	0.0384615	0.0384615	0.115385	0.576923	0.115385
0.60274	0.0136986	0.0136986	0.0821918	0.246575	0.0410959
0.0647482	0.158273	0.0431655	0.366906	0.338129	0.028777
0.217391	0.0434783	0.0434783	0.0434783	0.478261	0.173913
0.5	0.05	0.05	0.15	0.05	0.2
0.0857143	0.285714	0.3	0.0857143	0.185714	0.0571429
0.473684	0.0526316	0.0526316	0.0526316	0.210526	0.157895
0.296296	0.037037	0.111111	0.185185	0.296296	0.0740741
0.04	0.16	0.12	0.08	0.56	0.04
0.0506329	0.113924	0.113924	0.177215	0.379747	0.164557
0.0434783	0.0217391	0.0434783	0.26087	0.586957	0.0434783
0.0689655	0.241379	0.0344828	0.206897	0.413793	0.0344828
0.103448	0.0517241	0.103448	0.12069	0.327586	0.293103
0.0192308	0.25	0.0384615	0.0769231	0.423077	0.192308
0.0285714	0.0285714	0.0857143	0.0285714	0.314286	0.514286
0.117647	0.117647	0.0588235	0.411765	0.0588235	0.235294
0.0555556	0.277778	0.0555556	0.0555556	0.5	0.0555556
0.037037	0.037037	0.111111	0.037037	0.740741	0.037037
0.526316	0.0526316	0.0526316	0.105263	0.105263	0.157895
0.166667	0.166667	0.166667	0.166667	0.166667	0.166667
0.0294118	0.0294118	0.117647	0.0588235	0.147059	0.617647
0.142857	0.157143	0.0428571	0.271429	0.271429	0.114286
0.0588235	0.0196078	0.176471	0.196078	0.176471	0.372549
0.0444444	0.0888889	0.0888889	0.111111	0.488889	0.177778
0.727273	0.030303	0.030303	0.030303	0.0454545	0.136364
0.0188679	0.0943396	0.0188679	0.0566038	0.792453	0.0188679
0.0444444	0.311111	0.0222222	0.222222	0.377778	0.0222222
0.0416667	0.0416667	0.0833333	0.0833333	0.166667	0.583333
0.025641	0.025641	0.025641	0.307692	0.487179	0.128205
0.08	0.04	0.2	0.08	0.56	0.04
0.0126582	0.0126582	0.0506329	0.113924	0.101266	0.708861
0.1	0.3	0.15	0.05	0.3	0.1
0.333333	0.0266667	0.0933333	0.0133333	0.173333	0.36
0.0359712	0.338129	0.00719424	0.129496	0.453237	0.0359712
0.359551	0.0224719	0.0337079	0.269663	0.269663	0.0449438
0.192308	0.346154	0.025641	0.0384615	0.384615	0.0128205
0.424242	0.181818	0.272727	0.030303	0.0606061	0.030303
0.0280899	0.410112	0.00561798	0.219101	0.292135	0.0449438
0.028169	0.464789	0.0140845	0.056338	0.408451	0.028169
0.142857	0.142857	0.285714	0.142857	0.142857	0.142857
0.125	0.0625	0.25	0.0625	0.3125	0.1875
0.166667	0.166667	0.166667	0.166667	0.166667	0.166667
0.0434783	0.356522	0.0173913	0.121739	0.4	0.0608696
0.0659341	0.0879121	0.010989	0.0549451	0.747253	0.032967
0.363636	0.030303	0.0606061	0.030303	0.363636	0.151515
0.345865	0.0300752	0.0526316	0.165414	0.368421	0.037594
0.0348837	0.0930233	0.0232558	0.0813953	0.744186	0.0232558
0.097561	0.0731707	0.0731707	0.0487805	0.146341	0.560976
0.0512821	0.025641	0.0512821	0.538462	0.307692	0.025641
0.218182	0.0363636	0.527273	0.0727273	0.0363636	0.109091
0.136364	0.181818	0.0454545	0.0681818	0.545455	0.0227273
0.0153846	0.0615385	0.107692	0.507692	0.246154	0.0615385
0.047619	0.238095	0.0238095	0.0952381	0.571429	0.0238095
0.0454545	0.727273	0.0454545	0.0454545	0.0454545	0.0909091
0.025	0.2	0.05	0.525	0.175	0.025
0.0137931	0.062069	0.0206897	0.0965517	0.786207	0.0206897
0.103448	0.0344828	0.0689655	0.0689655	0.344828	0.37931
0.0425532	0.0638298	0.0425532	0.382979	0.382979	0.0851064
0.0434783	0.0434783	0.434783	0.0869565	0.173913	0.217391
0.0526316	0.105263	0.0526316	0.157895	0.0526316	0.578947
0.0571429	0.0428571	0.0285714	0.0285714	0.0142857	0.828571
0.0416667	0.0416667	0.0416667	0.0833333	0.0416667	0.75
0.0274914	0.230241	0.0343643	0.233677	0.415808	0.0584192
0.0769231	0.153846	0.0769231	0.0769231	0.230769	0.384615
0.0967742	0.387097	0.0215054	0.258065	0.11828	0.11828
0.285714	0.0714286	0.142857	0.0714286	0.285714	0.142857
0.0967742	0.0322581	0.0322581	0.193548	0.548387	0.0967742
0.2	0.0666667	0.133333	0.133333	0.4	0.0666667
0.0588235	0.0588235	0.0588235	0.0588235	0.294118	0.470588
0.031746	0.015873	0.015873	0.111111	0.333333	0.492063
0.311688	0.038961	0.0649351	0.0649351	0.0779221	0.441558
0.144737	0.0921053	0.184211	0.289474	0.236842	0.0526316
0.00395257	0.0671937	0.00790514	0.0711462	0.826087	0.0237154
0.0263158	0.00877193	0.692982	0.0263158	0.0789474	0.166667
0.266667	0.133333	0.2	0.0666667	0.266667	0.0666667
0.381503	0.0346821	0.0115607	0.0404624	0.462428	0.0693642
0.12	0.08	0.12	0.08	0.24	0.36
0.0965909	0.329545	0.0170455	0.198864	0.340909	0.0170455
0.121212	0.0606061	0.030303	0.0606061	0.30303	0.424242
0.169811	0.0283019	0.0660377	0.0377358	0.0566038	0.641509
0.0828402	0.0650888	0.0295858	0.0887574	0.106509	0.627219
0.75	0.0625	0.03125	0.03125	0.09375	0.03125
0.166667	0.166667	0.166667	0.166667	0.166667	0.166667
0.0588235	0.235294	0.0588235	0.117647	0.411765	0.117647
0.277778	0.166667	0.0555556	0.222222	0.166667	0.111111
0.915361	0.0031348	0.0031348	0.0282132	0.0376176	0.0125392
0.133333	0.0666667	0.4	0.133333	0.2	0.0666667
0.0322581	0.0322581	0.0322581	0.580645	0.290323	0.0322581
0.229508	0.0327869	0.344262	0.0163934	0.295082	0.0819672
0.486486	0.0720721	0.108108	0.0900901	0.117117	0.126126
0.212963	0.00925926	0.0185185	0.12037	0.324074	0.314815
0.0175439	0.105263	0.0526316	0.0526316	0.719298	0.0526316
0.268293	0.268293	0.0243902	0.0487805	0.268293	0.121951
0.0112994	0.00564972	0.0338983	0.0677966	0.299435	0.581921
0.0384615	0.0384615	0.0769231	0.153846	0.115385	0.576923
0.265957	0.0957447	0.0106383	0.148936	0.446809	0.0319149
0.0526316	0.105263	0.0526316	0.210526	0.0526316	0.526316
0.33121	0.00636943	0.0191083	0.0573248	0.566879	0.0191083
0.0882353	0.0294118	0.0588235	0.117647	0.235294	0.470588
0.21875	0.1875	0.125	0.125	0.0625	0.28125
0.00740741	0.607407	0.0148148	0.0148148	0.348148	0.00740741
0.04	0.08	0.04	0.04	0.4	0.4
0.166667	0.166667	0.166667	0.166667	0.166667	0.166667
0.318182	0.204545	0.0227273	0.0227273	0.386364	0.0454545
0.111111	0.333333	0.111111	0.111111	0.222222	0.111111
0.222222	0.0444444	0.0222222	0.0666667	0.577778	0.0666667
0.0273973	0.0410959	0.0273973	0.616438	0.260274	0.0273973
0.0504587	0.0458716	0.0275229	0.261468	0.577982	0.0366972
0.0454545	0.318182	0.0454545	0.0454545	0.5	0.0454545
0.153846	0.0384615	0.0769231	0.0769231	0.115385	0.538462
0.842857	0.0142857	0.0285714	0.0285714	0.0428571	0.0428571
0.0588235	0.0588235	0.294118	0.0588235	0.117647	0.411765
0.045611	0.0060241	0.923982	0.00229489	0.000573723	0.0215146
0.0207547	0.713208	0.00377358	0.0792453	0.171698	0.0113208
0.0141844	0.0141844	0.0212766	0.0496454	0.141844	0.758865
0.116667	0.266667	0.0166667	0.0833333	0.5	0.0166667
0.4375	0.125	0.0625	0.125	0.0625	0.1875
0.142857	0.047619	0.047619	0.619048	0.0952381	0.047619
0.117647	0.0294118	0.0294118	0.0294118	0.352941	0.441176
0.1	0.025	0.125	0.025	0.1	0.625
0.0344828	0.0344828	0.241379	0.275862	0.37931	0.0344828
0.0729167	0.125	0.0208333	0.0416667	0.666667	0.0729167
0.1875	0.0625	0.0625	0.125	0.4375	0.125
0.666667	0.0387597	0.00775194	0.0465116	0.116279	0.124031
0.128713	0.049505	0.00990099	0.435644	0.356436	0.019802
0.0225806	0.00645161	0.00967742	0.922581	0.0322581	0.00645161
0.03125	0.03125	0.0625	0.03125	0.28125	0.5625
0.384615	0.0769231	0.0769231	0.153846	0.230769	0.0769231
0.1	0.2	0.1	0.2	0.3	0.1
0.0603448	0.00862069	0.00862069	0.0603448	0.0431034	0.818966
0.372549	0.45098	0.0196078	0.0196078	0.0196078	0.117647
0.315789	0.0526316	0.0526316	0.210526	0.210526	0.157895
0.0896226	0.599057	0.0707547	0.0801887	0.113208	0.0471698
0.39726	0.0136986	0.0821918	0.0410959	0.315068	0.150685
0.00884956	0.079646	0.0707965	0.628319	0.0707965	0.141593
0.0681818	0.0681818	0.0454545	0.0227273	0.227273	0.568182
0.477745	0.175074	0.00593472	0.0504451	0.255193	0.0356083
0.45	0.25	0.05	0.15	0.05	0.05
0.136364	0.0454545	0.0454545	0.0454545	0.0454545	0.681818
0.121739	0.0173913	0.356522	0.173913	0.0956522	0.234783
0.153846	0.0769231	0.0769231	0.0769231	0.538462	0.0769231
0.105556	0.00833333	0.713889	0.0722222	0.025	0.075
0.0222222	0.00246914	0.683951	0.0345679	0.0518519	0.204938
0.133333	0.2	0.133333	0.0666667	0.333333	0.133333
0.333333	0.0416667	0.25	0.0833333	0.25	0.0416667
0.157895	0.105263	0.0526316	0.0526316	0.578947	0.0526316
0.037037	0.0432099	0.0154321	0.5	0.361111	0.0432099
0.0243902	0.0162602	0.414634	0.105691	0.398374	0.0406504
0.41791	0.0149254	0.0298507	0.0447761	0.402985	0.0895522
0.673077	0.0192308	0.0384615	0.0192308	0.115385	0.134615
0.00970874	0.252427	0.0291262	0.135922	0.427184	0.145631
0.131579	0.0263158	0.105263	0.0263158	0.105263	0.605263
0.0512821	0.128205	0.025641	0.0769231	0.307692	0.410256
0.2	0.12	0.2	0.04	0.28	0.16
0.142857	0.0285714	0.0857143	0.342857	0.2	0.2
0.166667	0.166667	0.166667	0.166667	0.166667	0.166667
0.204819	0.0722892	0.301205	0.0963855	0.240964	0.0843373
0.295455	0.0227273	0.181818	0.159091	0.272727	0.0681818
0.0185185	0.0925926	0.0555556	0.537037	0.240741	0.0555556
0.00191205	0.770554	0.0344168	0.0630975	0.0803059	0.0497132
0.0263158	0.157895	0.236842	0.0263158	0.289474	0.263158
0.607143	0.107143	0.0357143	0.0357143	0.178571	0.0357143
0.0273973	0.0958904	0.0410959	0.191781	0.0136986	0.630137
0.0645161	0.0322581	0.0645161	0.129032	0.0322581	0.677419
0.340796	0.223881	0.00746269	0.0945274	0.281095	0.0522388
0.0869565	0.0434783	0.0434783	0.0434783	0.0434783	0.73913
0.0632911	0.35443	0.0126582	0.253165	0.278481	0.0379747
0.154545	0.00909091	0.0272727	0.327273	0.327273	0.154545
0.131313	0.0808081	0.020202	0.454545	0.262626	0.0505051
0.117647	0.0392157	0.215686	0.196078	0.333333	0.0980392
0.0769231	0.102564	0.025641	0.538462	0.153846	0.102564
0.025641	0.0384615	0.230769	0.217949	0.474359	0.0128205
0.166667	0.166667	0.166667	0.166667	0.166667	0.166667
0.105263	0.105263	0.0526316	0.0526316	0.157895	0.526316
0.102564	0.025641	0.025641	0.410256	0.333333	0.102564
0.0157895	0.0947368	0.0315789	0.1	0.726316	0.0315789
0.075	0.15	0.025	0.55	0.125	0.075
0.166667	0.166667	0.166667	0.166667	0.166667	0.166667
0.347826	0.0434783	0.0869565	0.130435	0.347826	0.0434783
0.0119048	0.0119048	0.202381	0.0595238	0.25	0.464286
0.0704225	0.352113	0.0140845	0.056338	0.492958	0.0140845
0.0625	0.0625	0.03125	0.03125	0.15625	0.65625
0.414634	0.121951	0.121951	0.0487805	0.219512	0.0731707
0.0833333	0.166667	0.166667	0.0833333	0.333333	0.166667
0.15	0.05	0.1	0.05	0.1	0.55
0.307692	0.0769231	0.153846	0.153846	0.230769	0.0769231
0.1	0.02	0.08	0.04	0.08	0.68
0.1	0.15	0.05	0.3	0.35	0.05
0.0227273	0.0681818	0.0227273	0.0227273	0.840909	0.0227273
0.047619	0.0238095	0.119048	0.142857	0.214286	0.452381
0.618321	0.0496183	0.0267176	0.0610687	0.137405	0.10687
0.181818	0.030303	0.030303	0.030303	0.151515	0.575758
0.0921053	0.0131579	0.0131579	0.0131579	0.315789	0.552632
0.178571	0.0714286	0.0714286	0.107143	0.0357143	0.535714
0.0348837	0.0813953	0.302326	0.0813953	0.465116	0.0348837
0.173913	0.0869565	0.0434783	0.434783	0.217391	0.0434783
0.133333	0.0666667	0.0666667	0.2	0.333333	0.2
0.02	0.02	0.04	0.74	0.08	0.1
0.047619	0.047619	0.047619	0.0952381	0.333333	0.428571
0.0869565	0.0434783	0.0434783	0.0869565	0.347826	0.391304
0.635294	0.0235294	0.0117647	0.129412	0.176471	0.0235294
0.0357143	0.267857	0.0714286	0.232143	0.357143	0.0357143
0.030303	0.121212	0.030303	0.212121	0.0606061	0.545455
0.465278	0.0972222	0.0555556	0.125	0.0902778	0.166667
0.016129	0.0322581	0.016129	0.0967742	0.112903	0.725806
0.0625	0.03125	0.03125	0.3125	0.09375	0.46875
0.0454545	0.0909091	0.0909091	0.227273	0.0909091	0.454545
0.102564	0.0512821	0.102564	0.0512821	0.230769	0.461538
0.166667	0.166667	0.166667	0.166667	0.166667	0.166667
0.0298507	0.0298507	0.0149254	0.0447761	0.19403	0.686567
0.340909	0.0681818	0.113636	0.0681818	0.386364	0.0227273
0.0777778	0.0222222	0.0111111	0.0222222	0.233333	0.633333
0.125	0.078125	0.03125	0.4375	0.203125	0.125
0.037037	0.0740741	0.037037	0.037037	0.037037	0.777778
