0.255814	0.162791	0.302326	0.0465116	0.162791	0.0697674
0.307692	0.0769231	0.230769	0.115385	0.230769	0.0384615
0.00711744	0.0142349	0.106762	0.224199	0.622776	0.024911
0.08	0.04	0.68	0.08	0.08	0.04
0.048	0.008	0.088	0.48	0.272	0.104
0.157895	0.105263	0.0526316	0.368421	0.0526316	0.263158
0.730769	0.0769231	0.0384615	0.0384615	0.0769231	0.0384615
0.166667	0.166667	0.166667	0.166667	0.166667	0.166667
0.428571	0.0535714	0.0357143	0.178571	0.267857	0.0357143
0.0483871	0.306452	0.0322581	0.354839	0.145161	0.112903
0.26	0.06	0.36	0.06	0.24	0.02
0.121212	0.424242	0.181818	0.0909091	0.151515	0.030303
0.21978	0.032967	0.21978	0.032967	0.450549	0.043956
0.047619	0.031746	0.0952381	0.126984	0.380952	0.31746
0.0537634	0.11828	0.154122	0.329749	0.286738	0.0573477
0.697183	0.0704225	0.140845	0.0352113	0.0211268	0.0352113
0.380952	0.047619	0.380952	0.047619	0.0952381	0.047619
0.673469	0.0408163	0.0408163	0.0816327	0.142857	0.0204082
0.181818	0.522727	0.0227273	0.113636	0.136364	0.0227273
0.352113	0.15493	0.197183	0.15493	0.126761	0.0140845
0.0166667	0.0833333	0.0166667	0.316667	0.433333	0.133333
0.0425532	0.0212766	0.510638	0.297872	0.0638298	0.0638298
0.0204082	0.0408163	0.0204082	0.612245	0.285714	0.0204082
0.142857	0.142857	0.285714	0.142857	0.142857	0.142857
0.130435	0.0217391	0.0217391	0.521739	0.282609	0.0217391
0.0833333	0.166667	0.0416667	0.125	0.208333	0.375
0.304348	0.0434783	0.0434783	0.0869565	0.434783	0.0869565
0.5	0.0833333	0.0833333	0.0833333	0.0833333	0.166667
0.0625	0.5625	0.0625	0.1875	0.0625	0.0625
0.00956284	0.516393	0.0068306	0.172131	0.0191257	0.275956
0.2	0.0666667	0.166667	0.233333	0.3	0.0333333
0.0357143	0.0714286	0.0714286	0.0357143	0.75	0.0357143
0.166667	0.416667	0.183333	0.0333333	0.15	0.05
0.0322581	0.0322581	0.129032	0.0967742	0.645161	0.0645161
0.0363636	0.190909	0.154545	0.181818	0.427273	0.00909091
0.00558659	0.00558659	0.00558659	0.134078	0.217877	0.631285
0.647059	0.0588235	0.117647	0.0588235	0.0588235	0.0588235
0.518519	0.037037	0.111111	0.148148	0.148148	0.037037
0.09375	0.28125	0.171875	0.078125	0.28125	0.09375
0.0307263	0.0642458	0.790503	0.0111732	0.0977654	0.00558659
0.0111111	0.0111111	0.0111111	0.544444	0.355556	0.0666667
0.131868	0.043956	0.010989	0.538462	0.21978	0.0549451
0.0526316	0.105263	0.210526	0.0526316	0.263158	0.315789
0.149254	0.373134	0.0746269	0.253731	0.134328	0.0149254
0.0197531	0.0345679	0.0567901	0.365432	0.441975	0.0814815
0.0103093	0.0463918	0.0103093	0.0360825	0.0103093	0.886598
0.0588235	0.323529	0.0588235	0.411765	0.0882353	0.0588235
0.0745342	0.0621118	0.621118	0.0993789	0.130435	0.0124224
0.0571429	0.0571429	0.0571429	0.2	0.542857	0.0857143
0.731707	0.0487805	0.00406504	0.0325203	0.150407	0.0325203
0.54	0.02	0.04	0.24	0.14	0.02
0.612903	0.0322581	0.0322581	0.0645161	0.225806	0.0322581
0.573171	0.0162602	0.0853659	0.0934959	0.207317	0.0243902
0.725275	0.0549451	0.120879	0.021978	0.0549451	0.021978
0.36	0.24	0.04	0.2	0.08	0.08
0.170732	0.0243902	0.219512	0.097561	0.268293	0.219512
0.0135135	0.0405405	0.0675676	0.445946	0.405405	0.027027
0.101449	0.0144928	0.0144928	0.666667	0.15942	0.0434783
0.269231	0.153846	0.153846	0.269231	0.115385	0.0384615
0.0232558	0.488372	0.0465116	0.139535	0.27907	0.0232558
0.148148	0.148148	0.037037	0.333333	0.259259	0.0740741
0.0204082	0.0204082	0.0204082	0.469388	0.428571	0.0408163
0.0930233	0.0465116	0.511628	0.0930233	0.162791	0.0930233
0.03	0.63	0.08	0.09	0.16	0.01
0.162791	0.139535	0.209302	0.116279	0.325581	0.0465116
0.0588235	0.441176	0.0882353	0.205882	0.176471	0.0294118
0.521739	0.0217391	0.23913	0.0652174	0.130435	0.0217391
0.485714	0.0571429	0.2	0.114286	0.114286	0.0285714
0.0684932	0.0547945	0.0684932	0.287671	0.219178	0.30137
0.0425532	0.0425532	0.12766	0.0851064	0.638298	0.0638298
0.592593	0.037037	0.111111	0.185185	0.037037	0.037037
0.2	0.0666667	0.0666667	0.2	0.266667	0.2
0.55	0.05	0.05	0.05	0.2	0.1
0.375	0.208333	0.0416667	0.0416667	0.25	0.0833333
0.00625	0.00625	0.04375	0.35	0.33125	0.2625
0.740741	0.037037	0.0185185	0.0740741	0.111111	0.0185185
0.465517	0.0172414	0.0172414	0.103448	0.275862	0.12069
0.454545	0.0454545	0.136364	0.0454545	0.272727	0.0454545
0.03125	0.140625	0.0625	0.421875	0.328125	0.015625
0.190476	0.190476	0.0952381	0.047619	0.238095	0.238095
0.133333	0.266667	0.0666667	0.333333	0.133333	0.0666667
0.333333	0.0444444	0.0444444	0.0444444	0.177778	0.355556
0.184615	0.123077	0.107692	0.323077	0.246154	0.0153846
0.342857	0.0571429	0.142857	0.142857	0.2	0.114286
0.2	0.2	0.1	0.2	0.2	0.1
0.166667	0.166667	0.166667	0.166667	0.166667	0.166667
0.466667	0.0666667	0.133333	0.133333	0.133333	0.0666667
0.166667	0.166667	0.166667	0.166667	0.166667	0.166667
0.190476	0.0238095	0.333333	0.119048	0.309524	0.0238095
0.395349	0.162791	0.255814	0.0232558	0.0232558	0.139535
0.269231	0.153846	0.115385	0.153846	0.269231	0.0384615
0.0429185	0.00858369	0.00858369	0.407725	0.51073	0.0214592
0.5	0.016129	0.016129	0.177419	0.274194	0.016129
0.0243902	0.365854	0.0243902	0.121951	0.390244	0.0731707
0.652174	0.0217391	0.0217391	0.108696	0.0434783	0.152174
0.0206186	0.0103093	0.0206186	0.298969	0.0206186	0.628866
0.3	0.15	0.1	0.25	0.15	0.05
0.00775194	0.0155039	0.0232558	0.271318	0.217054	0.465116
0.307692	0.230769	0.153846	0.153846	0.0769231	0.0769231
0.444444	0.111111	0.0555556	0.222222	0.111111	0.0555556
0.0714286	0.142857	0.0714286	0.214286	0.357143	0.142857
0.473154	0.0033557	0.0033557	0.090604	0.422819	0.00671141
0.537975	0.05327	0.269515	0.0316456	0.101793	0.00580169
0.428571	0.0714286	0.142857	0.0714286	0.0714286	0.214286
0.0420168	0.12605	0.00840336	0.168067	0.638655	0.0168067
0.230769	0.0384615	0.0576923	0.25	0.384615	0.0384615
0.134066	0.0373626	0.584615	0.10989	0.12967	0.0043956
0.4375	0.1875	0.0625	0.0625	0.0625	0.1875
0.0142791	0.0400737	0.00690926	0.804468	0.116766	0.0175035
0.448276	0.172414	0.0344828	0.275862	0.0344828	0.0344828
0.03125	0.1875	0.21875	0.3125	0.21875	0.03125
0.2	0.16	0.04	0.16	0.4	0.04
0.047619	0.0535714	0.0178571	0.285714	0.327381	0.267857
0.421053	0.0175439	0.140351	0.0350877	0.368421	0.0175439
0.636364	0.121212	0.121212	0.030303	0.030303	0.0606061
0.565217	0.0434783	0.173913	0.0869565	0.0434783	0.0869565
0.0540541	0.0540541	0.702703	0.0810811	0.0540541	0.0540541
0.125	0.0833333	0.0833333	0.291667	0.333333	0.0833333
0.00689655	0.0827586	0.0482759	0.186207	0.303448	0.372414
0.162162	0.027027	0.0540541	0.243243	0.351351	0.162162
0.136364	0.136364	0.0681818	0.522727	0.113636	0.0227273
0.427807	0.117647	0.192513	0.0106952	0.240642	0.0106952
0.435484	0.0645161	0.0645161	0.016129	0.403226	0.016129
0.458333	0.152778	0.0138889	0.0972222	0.236111	0.0416667
0.0740741	0.37037	0.037037	0.185185	0.296296	0.037037
0.090379	0.349854	0.262391	0.03207	0.189504	0.0758017
0.484615	0.0307692	0.192308	0.00769231	0.276923	0.00769231
0.040367	0.0917431	0.012844	0.574312	0.187156	0.093578
0.555556	0.0555556	0.0555556	0.111111	0.111111	0.111111
0.547826	0.026087	0.00869565	0.208696	0.2	0.00869565
0.346939	0.0204082	0.265306	0.102041	0.142857	0.122449
0.695652	0.0217391	0.0652174	0.0434783	0.152174	0.0217391
0.045045	0.036036	0.018018	0.333333	0.513514	0.0540541
0.618557	0.0257732	0.0824742	0.0463918	0.164948	0.0618557
0.138889	0.0833333	0.0277778	0.222222	0.5	0.0277778
0.526316	0.0350877	0.0175439	0.0701754	0.333333	0.0175439
0.0357143	0.107143	0.142857	0.464286	0.142857	0.107143
0.0197044	0.044335	0.817734	0.0344828	0.0640394	0.0197044
0.0212766	0.0425532	0.0425532	0.255319	0.425532	0.212766
0.4	0.1	0.1	0.1	0.2	0.1
0.041958	0.125874	0.0559441	0.286713	0.461538	0.027972
0.457143	0.0285714	0.142857	0.0285714	0.314286	0.0285714
0.166667	0.166667	0.166667	0.166667	0.166667	0.166667
0.5	0.05	0.2	0.05	0.05	0.15
0.3	0.1	0.1	0.2	0.2	0.1
0.125	0.25	0.125	0.125	0.125	0.25
0.230769	0.0769231	0.230769	0.0769231	0.346154	0.0384615
0.45	0.05	0.15	0.05	0.25	0.05
0.275	0.025	0.125	0.175	0.375	0.025
0.0126582	0.405063	0.0253165	0.0506329	0.493671	0.0126582
0.0909091	0.00826446	0.280992	0.0909091	0.479339	0.0495868
0.0118343	0.00887574	0.00591716	0.183432	0.390533	0.399408
0.542857	0.0571429	0.0285714	0.0285714	0.314286	0.0285714
0.173913	0.0434783	0.026087	0.113043	0.617391	0.026087
0.0666667	0.0666667	0.0666667	0.533333	0.2	0.0666667
0.6	0.05	0.1	0.05	0.15	0.05
0.142857	0.142857	0.190476	0.047619	0.333333	0.142857
0.209677	0.016129	0.419355	0.0806452	0.258065	0.016129
0.166667	0.0555556	0.111111	0.0555556	0.333333	0.277778
0.0102041	0.0816327	0.0306122	0.173469	0.295918	0.408163
0.222222	0.111111	0.111111	0.111111	0.222222	0.222222
0.0555556	0.111111	0.0555556	0.277778	0.333333	0.166667
0.136364	0.0454545	0.272727	0.181818	0.318182	0.0454545
0.533333	0.133333	0.0666667	0.133333	0.0666667	0.0666667
0.0666667	0.0888889	0.0888889	0.222222	0.422222	0.111111
0.0632911	0.0253165	0.594937	0.0506329	0.164557	0.101266
0.166667	0.166667	0.166667	0.166667	0.166667	0.166667
0.436782	0.0114943	0.0689655	0.045977	0.37931	0.0574713
0.0323741	0.543165	0.028777	0.161871	0.230216	0.00359712
0.558824	0.0882353	0.117647	0.147059	0.0294118	0.0588235
0.0648148	0.037037	0.0277778	0.5	0.268519	0.101852
0.0434783	0.434783	0.173913	0.0434783	0.26087	0.0434783
0.148148	0.407407	0.037037	0.148148	0.222222	0.037037
0.0131579	0.0131579	0.0526316	0.0526316	0.368421	0.5
0.272727	0.272727	0.181818	0.0909091	0.0909091	0.0909091
0.0111111	0.0555556	0.0111111	0.0888889	0.822222	0.0111111
0.405405	0.0810811	0.0810811	0.189189	0.0540541	0.189189
0.0198675	0.0165563	0.192053	0.109272	0.360927	0.301325
0.0512821	0.025641	0.205128	0.179487	0.512821	0.025641
0.0387097	0.0129032	0.0365591	0.180645	0.288172	0.443011
0.445652	0.0434783	0.076087	0.0543478	0.369565	0.0108696
0.010929	0.469945	0.0382514	0.10929	0.360656	0.010929
0.0235294	0.0176471	0.0176471	0.358824	0.141176	0.441176
0.6	0.05	0.05	0.05	0.05	0.2
0.1	0.1	0.1	0.5	0.1	0.1
0.377778	0.0444444	0.166667	0.0333333	0.244444	0.133333
0.367232	0.0508475	0.0734463	0.141243	0.338983	0.0282486
0.0879752	0.0269673	0.759947	0.0181256	0.0946065	0.0123784
0.0421053	0.463158	0.0210526	0.0631579	0.389474	0.0210526
0.0135135	0.0945946	0.0540541	0.148649	0.675676	0.0135135
0.119718	0.0211268	0.211268	0.0915493	0.514085	0.0422535
0.111111	0.222222	0.111111	0.222222	0.222222	0.111111
0.129032	0.0645161	0.0322581	0.548387	0.193548	0.0322581
0.2	0.171429	0.342857	0.114286	0.0857143	0.0857143
0.0166667	0.566667	0.0666667	0.166667	0.15	0.0333333
0.0174419	0.0174419	0.0465116	0.267442	0.284884	0.366279
0.45	0.05	0.2	0.1	0.1	0.1
0.377143	0.0571429	0.262857	0.125714	0.16	0.0171429
0.0909091	0.0909091	0.181818	0.181818	0.272727	0.181818
0.0769231	0.0384615	0.0128205	0.512821	0.307692	0.0512821
0.105263	0.263158	0.0526316	0.157895	0.263158	0.157895
0.363636	0.0181818	0.2	0.0181818	0.381818	0.0181818
0.122807	0.0526316	0.0175439	0.421053	0.368421	0.0175439
0.0821918	0.0273973	0.561644	0.0684932	0.246575	0.0136986
0.0120482	0.0240964	0.108434	0.554217	0.228916	0.0722892
0.208333	0.0833333	0.166667	0.0416667	0.395833	0.104167
0.521739	0.0434783	0.0869565	0.0434783	0.217391	0.0869565
0.14	0.38	0.04	0.34	0.04	0.06
0.113636	0.0909091	0.0681818	0.0681818	0.636364	0.0227273
0.0851064	0.595745	0.0425532	0.0212766	0.234043	0.0212766
0.171429	0.0857143	0.457143	0.0571429	0.171429	0.0571429
0.320755	0.0566038	0.0188679	0.132075	0.433962	0.0377358
0.00444939	0.0711902	0.0111235	0.394883	0.115684	0.40267
0.064	0.568	0.04	0.024	0.288	0.016
0.302326	0.104651	0.22093	0.0930233	0.186047	0.0930233
0.511111	0.0222222	0.0444444	0.111111	0.244444	0.0666667
0.133333	0.0666667	0.0666667	0.2	0.266667	0.266667
0.416667	0.0833333	0.0833333	0.166667	0.166667	0.0833333
0.0630915	0.0378549	0.416404	0.116719	0.350158	0.0157729
0.0529101	0.0343915	0.026455	0.425926	0.42328	0.037037
0.0853659	0.0121951	0.0243902	0.292683	0.280488	0.304878
0.538462	0.0769231	0.0769231	0.153846	0.0384615	0.115385
0.0263158	0.0263158	0.0526316	0.131579	0.315789	0.447368
0.00757576	0.0681818	0.113636	0.416667	0.30303	0.0909091
0.0833333	0.125	0.416667	0.0416667	0.208333	0.125
0.25	0.0909091	0.522727	0.0681818	0.0454545	0.0227273
0.0754717	0.169811	0.0943396	0.358491	0.283019	0.0188679
0.395349	0.162791	0.116279	0.0697674	0.209302	0.0465116
0.0857143	0.228571	0.285714	0.171429	0.2	0.0285714
0.142857	0.047619	0.47619	0.0714286	0.238095	0.0238095
0.0909091	0.030303	0.121212	0.393939	0.333333	0.030303
0.5	0.09375	0.03125	0.25	0.09375	0.03125
0.127451	0.470588	0.0522876	0.218954	0.127451	0.00326797
0.372093	0.0697674	0.139535	0.209302	0.186047	0.0232558
0.0217391	0.26087	0.0217391	0.282609	0.304348	0.108696
0.166667	0.0833333	0.166667	0.333333	0.166667	0.0833333
0.0232558	0.0930233	0.0930233	0.581395	0.186047	0.0232558
0.0666667	0.133333	0.466667	0.0666667	0.133333	0.133333
0.4375	0.125	0.09375	0.03125	0.28125	0.03125
0.0973154	0.057047	0.0302013	0.412752	0.322148	0.0805369
0.645161	0.145161	0.0322581	0.0322581	0.129032	0.016129
0.166667	0.214286	0.0714286	0.380952	0.142857	0.0238095
0.736842	0.105263	0.0350877	0.0350877	0.0701754	0.0175439
0.204918	0.0983607	0.508197	0.0245902	0.147541	0.0163934
0.37037	0.0740741	0.037037	0.185185	0.296296	0.037037
0.132653	0.0204082	0.72449	0.0102041	0.0918367	0.0204082
0.185185	0.462963	0.0925926	0.0925926	0.148148	0.0185185
0.109091	0.0363636	0.654545	0.0363636	0.109091	0.0545455
0.192308	0.115385	0.0384615	0.423077	0.192308	0.0384615
0.586207	0.103448	0.0344828	0.0689655	0.0344828	0.172414
0.00645161	0.0709677	0.516129	0.0645161	0.329032	0.0129032
0.307692	0.230769	0.230769	0.0769231	0.0769231	0.0769231
0.813333	0.0266667	0.04	0.0533333	0.0533333	0.0133333
0.512821	0.00854701	0.0940171	0.145299	0.230769	0.00854701
0.0909091	0.181818	0.0909091	0.0454545	0.545455	0.0454545
0.0588235	0.264706	0.0588235	0.147059	0.411765	0.0588235
0.338235	0.0588235	0.0882353	0.323529	0.0882353	0.102941
0.142857	0.0357143	0.214286	0.107143	0.464286	0.0357143
0.643564	0.00990099	0.00990099	0.0693069	0.247525	0.019802
0.173077	0.365385	0.115385	0.0961538	0.173077	0.0769231
0.780488	0.0243902	0.0731707	0.0243902	0.0243902	0.0731707
0.06	0.38	0.02	0.26	0.24	0.04
0.016129	0.596774	0.016129	0.0645161	0.290323	0.016129
0.0124224	0.00621118	0.0310559	0.186335	0.757764	0.00621118
0.615385	0.0769231	0.0769231	0.0384615	0.115385	0.0769231
0.448276	0.0689655	0.241379	0.0344828	0.137931	0.0689655
0.26087	0.173913	0.0434783	0.130435	0.347826	0.0434783
0.0344828	0.0344828	0.724138	0.0344828	0.137931	0.0344828
0.0607903	0.726444	0.0303951	0.0425532	0.130699	0.00911854
0.380282	0.084507	0.0985915	0.0422535	0.338028	0.056338
0.0357143	0.678571	0.0357143	0.0714286	0.142857	0.0357143
0.047619	0.142857	0.047619	0.428571	0.285714	0.047619
0.059322	0.474576	0.0677966	0.110169	0.279661	0.00847458
0.04	0.12	0.08	0.04	0.44	0.28
0.166667	0.166667	0.166667	0.166667	0.166667	0.166667
0.740741	0.0185185	0.0185185	0.0740741	0.12963	0.0185185
0.317073	0.170732	0.0243902	0.097561	0.365854	0.0243902
0.238095	0.047619	0.190476	0.190476	0.142857	0.190476
0.166667	0.166667	0.166667	0.166667	0.166667	0.166667
0.0630631	0.00900901	0.234234	0.279279	0.0630631	0.351351
0.0434783	0.0434783	0.0434783	0.130435	0.652174	0.0869565
0.15	0.333333	0.116667	0.283333	0.0666667	0.05
0.666667	0.047619	0.0238095	0.047619	0.190476	0.0238095
0.619718	0.056338	0.140845	0.0140845	0.15493	0.0140845
0.0666667	0.1	0.1	0.333333	0.333333	0.0666667
0.6	0.171429	0.114286	0.0571429	0.0285714	0.0285714
0.73913	0.0434783	0.0869565	0.0434783	0.0434783	0.0434783
0.537634	0.0698925	0.172043	0.0268817	0.172043	0.0215054
0.0909091	0.0454545	0.0909091	0.318182	0.409091	0.0454545
0.113636	0.0454545	0.0227273	0.272727	0.5	0.0454545
0.0454545	0.0606061	0.409091	0.212121	0.257576	0.0151515
0.326087	0.108696	0.173913	0.130435	0.195652	0.0652174
0.111111	0.111111	0.111111	0.222222	0.333333	0.111111
0.0344828	0.103448	0.0689655	0.586207	0.172414	0.0344828
0.0857143	0.0571429	0.571429	0.2	0.0571429	0.0285714
0.0597015	0.0149254	0.104478	0.0149254	0.791045	0.0149254
0.230769	0.115385	0.230769	0.0769231	0.0384615	0.307692
0.0434783	0.26087	0.173913	0.0869565	0.391304	0.0434783
0.05	0.1	0.05	0.55	0.2	0.05
0.255814	0.162791	0.186047	0.0697674	0.255814	0.0697674
0.0967742	0.0322581	0.0322581	0.16129	0.612903	0.0645161
0.307692	0.0769231	0.0769231	0.230769	0.0769231	0.230769
0.565217	0.0434783	0.0434783	0.0869565	0.217391	0.0434783
0.609375	0.015625	0.015625	0.15625	0.1875	0.015625
0.606061	0.0151515	0.030303	0.151515	0.181818	0.0151515
0.160714	0.0178571	0.0446429	0.241071	0.419643	0.116071
0.191489	0.106383	0.148936	0.12766	0.404255	0.0212766
0.016129	0.145161	0.0967742	0.387097	0.193548	0.16129
0.362069	0.0172414	0.12069	0.155172	0.267241	0.0775862
0.0191781	0.0136986	0.0383562	0.306849	0.164384	0.457534
0.555556	0.111111	0.111111	0.0555556	0.0555556	0.111111
0.0526316	0.421053	0.157895	0.105263	0.210526	0.0526316
0.0769231	0.0769231	0.0769231	0.384615	0.230769	0.153846
0.170732	0.0243902	0.487805	0.0243902	0.243902	0.0487805
0.409091	0.0454545	0.0454545	0.227273	0.136364	0.136364
0.485714	0.0285714	0.0857143	0.142857	0.171429	0.0857143
0.175	0.1	0.075	0.45	0.125	0.075
0.0333333	0.1	0.0666667	0.466667	0.266667	0.0666667
0.0136986	0.00684932	0.00684932	0.246575	0.712329	0.0136986
0.0659341	0.0769231	0.010989	0.252747	0.582418	0.010989
0.0909091	0.0909091	0.0909091	0.363636	0.272727	0.0909091
0.0243902	0.0487805	0.097561	0.390244	0.390244	0.0487805
0.457143	0.114286	0.0857143	0.0571429	0.257143	0.0285714
0.0169492	0.0847458	0.0169492	0.0677966	0.762712	0.0508475
0.683673	0.0918367	0.0918367	0.0306122	0.0510204	0.0510204
0.571429	0.0857143	0.0285714	0.0571429	0.2	0.0571429
0.0274914	0.140893	0.0687285	0.0790378	0.680412	0.00343643
0.594828	0.0172414	0.215517	0.0603448	0.0517241	0.0603448
0.548387	0.0967742	0.0645161	0.16129	0.0645161	0.0645161
0.027027	0.027027	0.0675676	0.486486	0.22973	0.162162
0.537037	0.0185185	0.037037	0.222222	0.037037	0.148148
0.242424	0.030303	0.575758	0.030303	0.0909091	0.030303
0.214286	0.0714286	0.571429	0.0357143	0.0714286	0.0357143
0.0576923	0.153846	0.423077	0.115385	0.211538	0.0384615
0.816327	0.0204082	0.0408163	0.0408163	0.0612245	0.0204082
0.2	0.05	0.25	0.05	0.4	0.05
0.564103	0.0769231	0.102564	0.025641	0.205128	0.025641
0.170213	0.0425532	0.351064	0.287234	0.0957447	0.0531915
0.245283	0.0566038	0.0377358	0.0377358	0.471698	0.150943
0.389831	0.0847458	0.20339	0.118644	0.186441	0.0169492
0.393939	0.030303	0.0606061	0.030303	0.424242	0.0606061
0.166667	0.166667	0.166667	0.166667	0.166667	0.166667
0.707865	0.0224719	0.011236	0.146067	0.101124	0.011236
0.428571	0.0952381	0.047619	0.285714	0.0952381	0.047619
0.74	0.14	0.02	0.04	0.02	0.04
0.0952381	0.0238095	0.047619	0.380952	0.404762	0.047619
0.666667	0.0289855	0.0724638	0.0434783	0.173913	0.0144928
0.0070922	0.070922	0.0851064	0.460993	0.319149	0.0567376
0.0134529	0.112108	0.0807175	0.147982	0.156951	0.488789
0.08	0.00571429	0.148571	0.0571429	0.685714	0.0228571
0.157143	0.128571	0.4	0.128571	0.0714286	0.114286
0.666667	0.125	0.0416667	0.0833333	0.0416667	0.0416667
0.1	0.1	0.2	0.1	0.3	0.2
0.15	0.175	0.55	0.05	0.05	0.025
0.277778	0.166667	0.203704	0.0925926	0.240741	0.0185185
0.185714	0.0428571	0.171429	0.157143	0.428571	0.0142857
0.135135	0.0540541	0.405405	0.027027	0.297297	0.0810811
0.357143	0.0357143	0.214286	0.107143	0.25	0.0357143
0.5	0.0789474	0.263158	0.0263158	0.0789474	0.0526316
0.030303	0.0909091	0.0909091	0.424242	0.30303	0.0606061
0.0535714	0.0357143	0.392857	0.107143	0.214286	0.196429
0.392857	0.0357143	0.428571	0.0178571	0.107143	0.0178571
0.2	0.2	0.166667	0.0333333	0.333333	0.0666667
0.76	0.04	0.04	0.08	0.04	0.04
0.444444	0.155556	0.0444444	0.0444444	0.288889	0.0222222
0.130178	0.497041	0.153846	0.0473373	0.159763	0.0118343
0.0615385	0.107692	0.0307692	0.446154	0.323077	0.0307692
0.0322581	0.0645161	0.16129	0.290323	0.322581	0.129032
0.574074	0.12963	0.111111	0.037037	0.12963	0.0185185
0.178571	0.0714286	0.25	0.25	0.178571	0.0714286
0.117647	0.0588235	0.0588235	0.235294	0.470588	0.0588235
0.325301	0.0361446	0.0120482	0.445783	0.108434	0.0722892
0.0237154	0.0395257	0.027668	0.537549	0.355731	0.0158103
0.266667	0.0666667	0.0666667	0.0666667	0.466667	0.0666667
0.028777	0.028777	0.028777	0.136691	0.273381	0.503597
0.657143	0.0857143	0.0285714	0.0857143	0.114286	0.0285714
0.341176	0.0235294	0.0117647	0.141176	0.458824	0.0235294
0.1875	0.0625	0.0625	0.375	0.25	0.0625
0.0869565	0.0434783	0.0869565	0.26087	0.347826	0.173913
0.0757576	0.0757576	0.0151515	0.469697	0.333333	0.030303
0.262295	0.147541	0.180328	0.163934	0.213115	0.0327869
0.166667	0.166667	0.166667	0.166667	0.166667	0.166667
0.317073	0.0243902	0.268293	0.0731707	0.243902	0.0731707
0.0338983	0.0508475	0.0169492	0.59322	0.135593	0.169492
0.0263158	0.0263158	0.0263158	0.289474	0.5	0.131579
0.15	0.2	0.05	0.05	0.4	0.15
0.0314136	0.0104712	0.0418848	0.227749	0.636126	0.052356
0.0454545	0.0454545	0.136364	0.272727	0.409091	0.0909091
0.464286	0.0357143	0.0892857	0.0357143	0.303571	0.0714286
0.117647	0.117647	0.0294118	0.176471	0.5	0.0588235
0.4375	0.1875	0.125	0.0625	0.125	0.0625
0.102041	0.183673	0.163265	0.122449	0.346939	0.0816327
0.0487805	0.170732	0.463415	0.0243902	0.268293	0.0243902
0.125	0.0625	0.166667	0.5625	0.0416667	0.0416667
0.04	0.18	0.06	0.4	0.3	0.02
0.607792	0.0311688	0.0597403	0.0987013	0.18961	0.012987
0.416667	0.25	0.0277778	0.0555556	0.222222	0.0277778
0.0165975	0.0788382	0.0207469	0.232365	0.0995851	0.551867
0.4	0.12	0.08	0.08	0.28	0.04
0.617816	0.0143678	0.149425	0.0977011	0.0603448	0.0603448
0.695652	0.0869565	0.0434783	0.0434783	0.0869565	0.0434783
0.012773	0.717759	0.0980635	0.0482077	0.106304	0.0168933
0.0144928	0.753623	0.0144928	0.0144928	0.144928	0.057971
0.402299	0.0344828	0.114943	0.413793	0.0229885	0.0114943
0.0869565	0.217391	0.0434783	0.130435	0.391304	0.130435
0.548387	0.0322581	0.016129	0.0967742	0.290323	0.016129
0.00365631	0.0127971	0.0274223	0.30713	0.619744	0.0292505
0.566667	0.0666667	0.2	0.0333333	0.1	0.0333333
0.0666667	0.0333333	0.0666667	0.433333	0.366667	0.0333333
0.170732	0.0243902	0.0487805	0.0731707	0.414634	0.268293
0.568182	0.0454545	0.159091	0.136364	0.0681818	0.0227273
0.341772	0.0126582	0.0253165	0.329114	0.240506	0.0506329
0.444444	0.0555556	0.0185185	0.185185	0.259259	0.037037
0.013624	0.0871935	0.0599455	0.348774	0.0626703	0.427793
0.47619	0.0952381	0.047619	0.047619	0.238095	0.0952381
0.181818	0.181818	0.0909091	0.0909091	0.363636	0.0909091
0.0373134	0.00746269	0.00746269	0.679104	0.253731	0.0149254
0.037037	0.259259	0.037037	0.444444	0.037037	0.185185
0.111111	0.111111	0.111111	0.111111	0.333333	0.222222
0.275229	0.0642202	0.0183486	0.302752	0.302752	0.0366972
0.0285714	0.0571429	0.114286	0.4	0.228571	0.171429
0.0277778	0.0277778	0.555556	0.0833333	0.25	0.0555556
0.341463	0.0243902	0.0731707	0.146341	0.390244	0.0243902
0.674419	0.0232558	0.0232558	0.0930233	0.162791	0.0232558
0.181818	0.181818	0.0909091	0.0909091	0.363636	0.0909091
0.352941	0.176471	0.235294	0.0588235	0.117647	0.0588235
0.333333	0.0740741	0.0740741	0.222222	0.259259	0.037037
0.25	0.13	0.08	0.28	0.22	0.04
0.0408163	0.428571	0.0612245	0.0612245	0.387755	0.0204082
0.0789474	0.0394737	0.394737	0.210526	0.223684	0.0526316
0.0197368	0.0822368	0.661184	0.0164474	0.148026	0.0723684
0.568182	0.0227273	0.25	0.0454545	0.0454545	0.0681818
0.0340909	0.0340909	0.0113636	0.25	0.5	0.170455
0.631579	0.131579	0.0526316	0.0263158	0.131579	0.0263158
0.0625	0.03125	0.359375	0.117188	0.398438	0.03125
0.00970874	0.0194175	0.0291262	0.106796	0.825243	0.00970874
0.15	0.05	0.05	0.6	0.1	0.05
0.125	0.0208333	0.0208333	0.4375	0.333333	0.0625
0.557377	0.0327869	0.0983607	0.147541	0.131148	0.0327869
0.742857	0.0380952	0.0952381	0.0380952	0.0761905	0.00952381
0.0208333	0.104167	0.0208333	0.0833333	0.729167	0.0416667
0.285714	0.0204082	0.204082	0.0204082	0.428571	0.0408163
0.641509	0.00471698	0.117925	0.0660377	0.165094	0.00471698
0.689655	0.0172414	0.155172	0.0344828	0.0862069	0.0172414
0.125	0.175	0.05	0.225	0.3	0.125
0.0612245	0.0204082	0.142857	0.183673	0.55102	0.0408163
0.5875	0.025	0.025	0.0125	0.3375	0.0125
0.285714	0.357143	0.0714286	0.0714286	0.142857	0.0714286
0.133333	0.133333	0.466667	0.0666667	0.133333	0.0666667
0.4	0.1	0.1	0.1	0.2	0.1
0.030303	0.121212	0.0909091	0.515152	0.212121	0.030303
0.0416667	0.0833333	0.0416667	0.5	0.208333	0.125
0.421053	0.105263	0.0526316	0.0526316	0.315789	0.0526316
0.0147059	0.264706	0.102941	0.132353	0.455882	0.0294118
0.128205	0.0512821	0.128205	0.512821	0.128205	0.0512821
0.476923	0.0153846	0.230769	0.0923077	0.138462	0.0461538
0.222222	0.037037	0.37037	0.222222	0.111111	0.037037
0.12	0.2	0.2	0.08	0.24	0.16
0.115385	0.0769231	0.519231	0.0961538	0.173077	0.0192308
0.047619	0.047619	0.0952381	0.52381	0.269841	0.015873
0.506849	0.0410959	0.0547945	0.150685	0.219178	0.0273973
0.107477	0.163551	0.628505	0.0303738	0.0654206	0.0046729
0.375	0.025	0.15	0.175	0.175	0.1
0.0350877	0.298246	0.0175439	0.298246	0.333333	0.0175439
0.0114943	0.195402	0.333333	0.0229885	0.413793	0.0229885
0.025641	0.128205	0.0512821	0.0769231	0.666667	0.0512821
0.525641	0.025641	0.153846	0.115385	0.102564	0.0769231
0.524823	0.070922	0.134752	0.0496454	0.170213	0.0496454
0.037037	0.148148	0.0740741	0.407407	0.222222	0.111111
0.584906	0.0314465	0.0251572	0.264151	0.0566038	0.0377358
0.0277778	0.277778	0.0277778	0.361111	0.277778	0.0277778
0.128205	0.0512821	0.358974	0.025641	0.384615	0.0512821
0.829932	0.0272109	0.0952381	0.0204082	0.0136054	0.0136054
0.45	0.05	0.05	0.05	0.3	0.1
0.0769231	0.5	0.115385	0.115385	0.115385	0.0769231
0.0769231	0.115385	0.538462	0.0769231	0.153846	0.0384615
0.0491803	0.0327869	0.327869	0.163934	0.327869	0.0983607
0.134615	0.0192308	0.134615	0.115385	0.557692	0.0384615
0.2	0.05	0.2	0.45	0.05	0.05
0.0285714	0.514286	0.0571429	0.0571429	0.285714	0.0571429
0.153846	0.0769231	0.0769231	0.0769231	0.538462	0.0769231
0.0384615	0.115385	0.153846	0.269231	0.384615	0.0384615
0.0833333	0.208333	0.0416667	0.125	0.5	0.0416667
0.5	0.0454545	0.136364	0.0454545	0.227273	0.0454545
0.615385	0.0897436	0.0384615	0.025641	0.179487	0.0512821
0.184211	0.0789474	0.0263158	0.210526	0.447368	0.0526316
0.215686	0.0392157	0.392157	0.0196078	0.27451	0.0588235
0.243478	0.0347826	0.13913	0.469565	0.0782609	0.0347826
0.0588235	0.521008	0.0672269	0.092437	0.218487	0.0420168
0.384615	0.0769231	0.153846	0.230769	0.0769231	0.0769231
0.409091	0.0909091	0.0151515	0.166667	0.287879	0.030303
0.104167	0.125	0.0208333	0.375	0.166667	0.208333
0.151515	0.030303	0.181818	0.363636	0.242424	0.030303
0.0140845	0.380282	0.126761	0.309859	0.15493	0.0140845
0.0357143	0.535714	0.0357143	0.178571	0.178571	0.0357143
0.1375	0.2375	0.1875	0.125	0.3	0.0125
0.0384615	0.205128	0.025641	0.384615	0.333333	0.0128205
0.0191388	0.0717703	0.799043	0.00478469	0.0956938	0.00956938
0.727273	0.010101	0.010101	0.111111	0.111111	0.030303
0.368421	0.157895	0.210526	0.105263	0.0526316	0.105263
0.454545	0.0454545	0.227273	0.0454545	0.181818	0.0454545
0.578947	0.157895	0.105263	0.0526316	0.0526316	0.0526316
0.0526316	0.0526316	0.0526316	0.105263	0.473684	0.263158
0.25	0.125	0.0416667	0.333333	0.166667	0.0833333
0.111111	0.037037	0.407407	0.259259	0.148148	0.037037
0.314286	0.0571429	0.0857143	0.114286	0.371429	0.0571429
0.0136986	0.191781	0.0547945	0.232877	0.246575	0.260274
0.696429	0.00892857	0.0535714	0.0535714	0.169643	0.0178571
0.282609	0.0434783	0.0434783	0.173913	0.413043	0.0434783
0.0363636	0.0363636	0.2	0.381818	0.254545	0.0909091
0.142857	0.142857	0.285714	0.142857	0.142857	0.142857
0.0877193	0.403509	0.0175439	0.0526316	0.421053	0.0175439
0.490566	0.0377358	0.0188679	0.169811	0.264151	0.0188679
0.28125	0.0625	0.21875	0.1875	0.1875	0.0625
0.153846	0.0769231	0.461538	0.0769231	0.153846	0.0769231
0.75	0.0227273	0.136364	0.0227273	0.0454545	0.0227273
0.142857	0.238095	0.047619	0.190476	0.333333	0.047619
0.0305344	0.0559796	0.0254453	0.384224	0.455471	0.0483461
0.0588235	0.411765	0.0588235	0.0588235	0.352941	0.0588235
0.0833333	0.0833333	0.0833333	0.0833333	0.583333	0.0833333
0.470588	0.0294118	0.0294118	0.0882353	0.323529	0.0588235
0.0526316	0.0526316	0.105263	0.210526	0.421053	0.157895
0.00505051	0.0151515	0.020202	0.363636	0.570707	0.0252525
0.198758	0.0124224	0.409938	0.0248447	0.254658	0.0993789
0.441176	0.0294118	0.0588235	0.0294118	0.382353	0.0588235
0.170213	0.0638298	0.0992908	0.375887	0.276596	0.0141844
0.0138889	0.0138889	0.0555556	0.305556	0.0972222	0.513889
0.125	0.25	0.25	0.125	0.125	0.125
0.0105263	0.0105263	0.0105263	0.231579	0.178947	0.557895
0.502513	0.00502513	0.110553	0.0703518	0.291457	0.0201005
0.166667	0.0833333	0.472222	0.166667	0.0833333	0.0277778
0.444444	0.0740741	0.0617284	0.17284	0.222222	0.0246914
0.166667	0.166667	0.166667	0.166667	0.166667	0.166667
0.0769231	0.192308	0.192308	0.0769231	0.346154	0.115385
0.0273973	0.0136986	0.0273973	0.0821918	0.835616	0.0136986
0.057554	0.223022	0.057554	0.208633	0.402878	0.0503597
0.130435	0.0434783	0.130435	0.304348	0.347826	0.0434783
0.5	0.1	0.1	0.15	0.05	0.1
0.0857143	0.0428571	0.2	0.114286	0.342857	0.214286
0.210526	0.0526316	0.105263	0.315789	0.263158	0.0526316
0.111111	0.148148	0.111111	0.444444	0.148148	0.037037
0.08	0.04	0.16	0.08	0.48	0.16
0.0253165	0.113924	0.291139	0.240506	0.303797	0.0253165
0.0434783	0.304348	0.0217391	0.130435	0.434783	0.0652174
0.0689655	0.103448	0.0344828	0.172414	0.37931	0.241379
0.12069	0.0517241	0.241379	0.0517241	0.517241	0.0172414
0.0384615	0.0384615	0.230769	0.288462	0.288462	0.115385
0.228571	0.0285714	0.342857	0.114286	0.257143	0.0285714
0.235294	0.176471	0.117647	0.117647	0.235294	0.117647
0.111111	0.0555556	0.0555556	0.388889	0.277778	0.111111
0.0740741	0.037037	0.0740741	0.111111	0.666667	0.037037
0.105263	0.210526	0.105263	0.157895	0.368421	0.0526316
0.166667	0.166667	0.166667	0.166667	0.166667	0.166667
0.5	0.147059	0.0588235	0.0294118	0.205882	0.0588235
0.2	0.257143	0.1	0.114286	0.228571	0.1
0.176471	0.0784314	0.509804	0.0196078	0.117647	0.0980392
0.111111	0.0888889	0.0888889	0.0666667	0.622222	0.0222222
0.681818	0.0454545	0.0606061	0.0757576	0.106061	0.030303
0.0188679	0.0377358	0.0188679	0.849057	0.0188679	0.0566038
0.0444444	0.0222222	0.0444444	0.177778	0.466667	0.244444
0.583333	0.0416667	0.0416667	0.125	0.125	0.0833333
0.0769231	0.153846	0.0769231	0.230769	0.435897	0.025641
0.2	0.08	0.04	0.24	0.4	0.04
0.392405	0.0379747	0.35443	0.0632911	0.139241	0.0126582
0.1	0.05	0.2	0.45	0.15	0.05
0.546667	0.0533333	0.186667	0.106667	0.0933333	0.0133333
0.0503597	0.0431655	0.028777	0.647482	0.208633	0.0215827
0.179775	0.0674157	0.0561798	0.146067	0.41573	0.134831
0.115385	0.025641	0.0128205	0.525641	0.205128	0.115385
0.151515	0.030303	0.333333	0.121212	0.181818	0.181818
0.0449438	0.162921	0.011236	0.438202	0.331461	0.011236
0.0704225	0.0422535	0.0704225	0.112676	0.43662	0.267606
0.142857	0.285714	0.142857	0.142857	0.142857	0.142857
0.1875	0.125	0.25	0.0625	0.3125	0.0625
0.166667	0.166667	0.166667	0.166667	0.166667	0.166667
0.0608696	0.00869565	0.00869565	0.347826	0.513043	0.0608696
0.010989	0.010989	0.021978	0.32967	0.604396	0.021978
0.212121	0.0909091	0.0606061	0.333333	0.272727	0.030303
0.225564	0.203008	0.0075188	0.360902	0.172932	0.0300752
0.0348837	0.0930233	0.0116279	0.174419	0.662791	0.0232558
0.609756	0.097561	0.121951	0.0487805	0.097561	0.0243902
0.025641	0.461538	0.0769231	0.282051	0.128205	0.025641
0.127273	0.145455	0.636364	0.0363636	0.0181818	0.0363636
0.0454545	0.0909091	0.0909091	0.409091	0.25	0.113636
0.0307692	0.353846	0.2	0.153846	0.215385	0.0461538
0.0238095	0.0238095	0.0238095	0.285714	0.619048	0.0238095
0.0454545	0.0454545	0.0909091	0.545455	0.0454545	0.227273
0.025	0.575	0.05	0.125	0.15	0.075
0.0103448	0.0344828	0.0275862	0.0724138	0.827586	0.0275862
0.413793	0.0344828	0.172414	0.0689655	0.241379	0.0689655
0.0212766	0.0851064	0.106383	0.212766	0.510638	0.0638298
0.173913	0.0434783	0.565217	0.0869565	0.0869565	0.0434783
0.578947	0.157895	0.0526316	0.0526316	0.105263	0.0526316
0.628571	0.0285714	0.157143	0.0285714	0.0714286	0.0857143
0.791667	0.0416667	0.0416667	0.0416667	0.0416667	0.0416667
0.0171821	0.182131	0.04811	0.371134	0.378007	0.00343643
0.230769	0.0769231	0.230769	0.230769	0.153846	0.0769231
0.0645161	0.236559	0.0967742	0.16129	0.16129	0.27957
0.357143	0.0714286	0.142857	0.142857	0.214286	0.0714286
0.322581	0.0645161	0.0322581	0.16129	0.354839	0.0645161
0.0666667	0.133333	0.133333	0.266667	0.2	0.2
0.529412	0.0588235	0.117647	0.117647	0.117647	0.0588235
0.603175	0.015873	0.0634921	0.0634921	0.238095	0.015873
0.545455	0.0649351	0.0779221	0.181818	0.103896	0.025974
0.197368	0.276316	0.289474	0.118421	0.105263	0.0131579
0.0118577	0.00395257	0.00790514	0.600791	0.371542	0.00395257
0.00877193	0.00877193	0.798246	0.0526316	0.0877193	0.0438596
0.333333	0.0666667	0.133333	0.266667	0.0666667	0.133333
0.109827	0.0809249	0.017341	0.537572	0.231214	0.0231214
0.12	0.08	0.32	0.2	0.24	0.04
0.0397727	0.136364	0.0284091	0.375	0.329545	0.0909091
0.121212	0.030303	0.30303	0.0909091	0.363636	0.0909091
0.650943	0.0849057	0.150943	0.0377358	0.0566038	0.0188679
0.52071	0.12426	0.0710059	0.16568	0.112426	0.00591716
0.6875	0.03125	0.03125	0.0625	0.0625	0.125
0.166667	0.166667	0.166667	0.166667	0.166667	0.166667
0.0588235	0.0588235	0.117647	0.0588235	0.647059	0.0588235
0.333333	0.222222	0.0555556	0.222222	0.0555556	0.111111
0.818182	0.0219436	0.0250784	0.0564263	0.0532915	0.0250784
0.133333	0.0666667	0.6	0.0666667	0.0666667	0.0666667
0.0322581	0.548387	0.0645161	0.290323	0.0322581	0.0322581
0.0819672	0.0327869	0.360656	0.163934	0.344262	0.0163934
0.306306	0.0540541	0.108108	0.441441	0.027027	0.0630631
0.5	0.037037	0.037037	0.0925926	0.324074	0.00925926
0.0350877	0.0526316	0.0526316	0.245614	0.54386	0.0701754
0.268293	0.0731707	0.0243902	0.487805	0.0731707	0.0731707
0.649718	0.039548	0.0508475	0.0903955	0.158192	0.0112994
0.538462	0.153846	0.115385	0.115385	0.0384615	0.0384615
0.138298	0.0957447	0.0106383	0.351064	0.308511	0.0957447
0.421053	0.157895	0.210526	0.0526316	0.0526316	0.105263
0.267516	0.0254777	0.00636943	0.127389	0.566879	0.00636943
0.647059	0.176471	0.0294118	0.0588235	0.0588235	0.0294118
0.28125	0.109375	0.171875	0.234375	0.109375	0.09375
0.00740741	0.0222222	0.0148148	0.140741	0.259259	0.555556
0.12	0.08	0.04	0.12	0.6	0.04
0.166667	0.166667	0.166667	0.166667	0.166667	0.166667
0.113636	0.0454545	0.0227273	0.136364	0.5	0.181818
0.111111	0.111111	0.111111	0.111111	0.222222	0.333333
0.0444444	0.222222	0.0222222	0.288889	0.355556	0.0666667
0.0410959	0.547945	0.0136986	0.246575	0.123288	0.0273973
0.0412844	0.266055	0.0458716	0.211009	0.417431	0.0183486
0.0454545	0.0909091	0.0454545	0.318182	0.227273	0.272727
0.346154	0.0384615	0.192308	0.0769231	0.269231	0.0769231
0.8	0.0285714	0.0428571	0.0857143	0.0142857	0.0285714
0.117647	0.117647	0.470588	0.0588235	0.176471	0.0588235
0.0593804	0.0229489	0.00917958	0.00114745	0.000860585	0.906483
0.00377358	0.0528302	0.0113208	0.290566	0.118868	0.522642
0.574468	0.035461	0.134752	0.0141844	0.219858	0.0212766
0.0666667	0.0166667	0.0166667	0.333333	0.35	0.216667
0.4375	0.125	0.125	0.1875	0.0625	0.0625
0.0952381	0.571429	0.047619	0.047619	0.190476	0.047619
0.441176	0.0294118	0.0294118	0.0294118	0.441176	0.0294118
0.75	0.025	0.075	0.05	0.075	0.025
0.0344828	0.137931	0.275862	0.137931	0.37931	0.0344828
0.0416667	0.0729167	0.03125	0.583333	0.239583	0.03125
0.25	0.0625	0.0625	0.1875	0.375	0.0625
0.55814	0.0620155	0.100775	0.124031	0.0930233	0.0620155
0.00990099	0.346535	0.029703	0.19802	0.39604	0.019802
0.0193548	0.00322581	0.0387097	0.932258	0.00322581	0.00322581
0.375	0.03125	0.40625	0.03125	0.125	0.03125
0.307692	0.230769	0.0769231	0.230769	0.0769231	0.0769231
0.1	0.3	0.1	0.3	0.1	0.1
0.87069	0.0172414	0.00862069	0.00862069	0.0689655	0.0258621
0.470588	0.0588235	0.0196078	0.117647	0.0196078	0.313725
0.105263	0.105263	0.0526316	0.368421	0.263158	0.105263
0.0235849	0.113208	0.0707547	0.330189	0.108491	0.353774
0.452055	0.0273973	0.123288	0.109589	0.273973	0.0136986
0.00884956	0.00884956	0.176991	0.123894	0.60177	0.079646
0.386364	0.0454545	0.181818	0.0909091	0.159091	0.136364
0.0504451	0.189911	0.0148368	0.652819	0.0890208	0.00296736
0.1	0.15	0.15	0.35	0.15	0.1
0.636364	0.0454545	0.136364	0.0909091	0.0454545	0.0454545
0.156522	0.0608696	0.547826	0.0173913	0.182609	0.0347826
0.0769231	0.0769231	0.0769231	0.230769	0.384615	0.153846
0.102778	0.0611111	0.758333	0.0333333	0.0222222	0.0222222
0.0333333	0.00987654	0.890123	0.00740741	0.0580247	0.00123457
0.133333	0.133333	0.133333	0.133333	0.266667	0.2
0.125	0.0416667	0.0833333	0.541667	0.166667	0.0416667
0.105263	0.0526316	0.0526316	0.157895	0.526316	0.105263
0.037037	0.45679	0.0185185	0.154321	0.314815	0.0185185
0.0487805	0.00813008	0.439024	0.0325203	0.455285	0.0162602
0.268657	0.0149254	0.0298507	0.0895522	0.567164	0.0298507
0.326923	0.0384615	0.0961538	0.326923	0.192308	0.0192308
0.116505	0.0873786	0.0582524	0.330097	0.398058	0.00970874
0.157895	0.0263158	0.526316	0.0526316	0.210526	0.0263158
0.384615	0.102564	0.102564	0.0769231	0.282051	0.0512821
0.28	0.08	0.24	0.08	0.2	0.12
0.114286	0.485714	0.0571429	0.114286	0.142857	0.0857143
0.166667	0.166667	0.166667	0.166667	0.166667	0.166667
0.168675	0.0361446	0.0843373	0.108434	0.240964	0.361446
0.25	0.181818	0.0909091	0.181818	0.227273	0.0681818
0.0555556	0.425926	0.0185185	0.0925926	0.296296	0.111111
0.00191205	0.0267686	0.0344168	0.105163	0.0898662	0.741874
0.342105	0.0263158	0.236842	0.0789474	0.236842	0.0789474
0.5	0.0357143	0.0357143	0.178571	0.178571	0.0714286
0.657534	0.109589	0.109589	0.0547945	0.0410959	0.0273973
0.612903	0.0645161	0.129032	0.0322581	0.0967742	0.0645161
0.0820896	0.333333	0.0273632	0.435323	0.104478	0.0174129
0.73913	0.0434783	0.0869565	0.0434783	0.0434783	0.0434783
0.0759494	0.0506329	0.0253165	0.405063	0.417722	0.0253165
0.236364	0.309091	0.00909091	0.136364	0.3	0.00909091
0.010101	0.434343	0.020202	0.171717	0.353535	0.010101
0.0784314	0.0588235	0.352941	0.156863	0.333333	0.0196078
0.102564	0.487179	0.025641	0.0769231	0.282051	0.025641
0.0128205	0.0641026	0.25641	0.0512821	0.576923	0.0384615
0.166667	0.166667	0.166667	0.166667	0.166667	0.166667
0.368421	0.105263	0.315789	0.105263	0.0526316	0.0526316
0.025641	0.25641	0.025641	0.205128	0.461538	0.025641
0.0105263	0.00526316	0.0894737	0.547368	0.278947	0.0684211
0.075	0.6	0.05	0.1	0.15	0.025
0.166667	0.166667	0.166667	0.166667	0.166667	0.166667
0.26087	0.0869565	0.0434783	0.130435	0.391304	0.0869565
0.130952	0.0357143	0.416667	0.0119048	0.321429	0.0833333
0.0140845	0.056338	0.0140845	0.352113	0.450704	0.112676
0.1875	0.03125	0.3125	0.0625	0.375	0.03125
0.0487805	0.0731707	0.219512	0.512195	0.121951	0.0243902
0.166667	0.0833333	0.0833333	0.416667	0.166667	0.0833333
0.15	0.1	0.45	0.15	0.1	0.05
0.230769	0.153846	0.0769231	0.153846	0.307692	0.0769231
0.68	0.02	0.1	0.04	0.1	0.06
0.05	0.05	0.05	0.35	0.25	0.25
0.0227273	0.0681818	0.0454545	0.363636	0.477273	0.0227273
0.428571	0.0952381	0.119048	0.0714286	0.238095	0.047619
0.251908	0.0801527	0.118321	0.137405	0.114504	0.29771
0.575758	0.030303	0.121212	0.0909091	0.121212	0.0606061
0.618421	0.0131579	0.0526316	0.0921053	0.210526	0.0131579
0.678571	0.0714286	0.0714286	0.0357143	0.0357143	0.107143
0.0930233	0.0348837	0.244186	0.151163	0.383721	0.0930233
0.0434783	0.173913	0.0869565	0.130435	0.478261	0.0869565
0.333333	0.2	0.2	0.0666667	0.133333	0.0666667
0.02	0.62	0.1	0.02	0.2	0.04
0.285714	0.047619	0.047619	0.190476	0.380952	0.047619
0.608696	0.0434783	0.0434783	0.0869565	0.130435	0.0869565
0.517647	0.0588235	0.0235294	0.141176	0.247059	0.0117647
0.0535714	0.0714286	0.0535714	0.196429	0.535714	0.0892857
0.030303	0.272727	0.545455	0.0909091	0.030303	0.030303
0.277778	0.118056	0.166667	0.277778	0.0138889	0.145833
0.548387	0.0322581	0.258065	0.0322581	0.112903	0.016129
0.21875	0.03125	0.34375	0.15625	0.15625	0.09375
0.545455	0.181818	0.0454545	0.0454545	0.136364	0.0454545
0.282051	0.025641	0.230769	0.102564	0.230769	0.128205
0.166667	0.166667	0.166667	0.166667	0.166667	0.166667
0.80597	0.0447761	0.0149254	0.0149254	0.104478	0.0149254
0.295455	0.0227273	0.0227273	0.295455	0.340909	0.0227273
0.455556	0.0222222	0.0555556	0.0222222	0.433333	0.0111111
0.015625	0.34375	0.15625	0.1875	0.28125	0.015625
0.037037	0.037037	0.518519	0.185185	0.148148	0.0740741
0.038835	0.330097	0.0194175	0.15534	0.436893	0.0194175
